1000   0   0.0103511
1000   40   0.0099061
1000   80   0.0095831
1000   120   0.0100914
1000   160   0.0089586
1000   200   0.0083446
1000   240   0.0086605
1000   280   0.0077354
1000   320   0.0065517
1000   360   0.0064713
1000   400   0.0050380
1000   440   0.0049922
1000   480   0.0042274
1000   520   0.0034265
1000   560   0.0026044
1000   600   0.0020905
1000   640   0.0013649
1000   680   0.0011172
1000   720   0.0006911
100   0   0.0000000
100   40   0.0000000
1050   0   0.0106890
1050   40   0.0107548
1050   80   0.0101996
1050   120   0.0100115
1050   160   0.0085216
1050   200   0.0093384
1050   240   0.0085575
1050   280   0.0079751
1050   320   0.0076109
1050   360   0.0064783
1050   400   0.0063383
1050   440   0.0060814
1050   480   0.0053380
1050   520   0.0037552
1050   560   0.0037287
1050   600   0.0030231
1050   640   0.0021915
1050   680   0.0017026
1050   720   0.0008952
1100   0   0.0107831
1100   40   0.0111662
1100   80   0.0113276
1100   120   0.0104000
1100   160   0.0107326
1100   200   0.0101689
1100   240   0.0097157
1100   280   0.0095087
1100   320   0.0089923
1100   360   0.0075893
1100   400   0.0074292
1100   440   0.0068295
1100   480   0.0059288
1100   520   0.0049993
1100   560   0.0047185
1100   600   0.0039873
1100   640   0.0026796
1100   680   0.0024083
1100   720   0.0015707
1150   0   0.0123082
1150   40   0.0127903
1150   80   0.0110603
1150   120   0.0104147
1150   160   0.0112880
1150   200   0.0108268
1150   240   0.0102182
1150   280   0.0097542
1150   320   0.0090623
1150   360   0.0086080
1150   400   0.0077365
1150   440   0.0078900
1150   480   0.0065985
1150   520   0.0063870
1150   560   0.0051669
1150   600   0.0051836
1150   640   0.0041886
1150   680   0.0032441
1150   720   0.0024850
1200   0   0.0127748
1200   40   0.0116497
1200   80   0.0126816
1200   120   0.0117327
1200   160   0.0113069
1200   200   0.0106317
1200   240   0.0097439
1200   280   0.0098809
1200   320   0.0100101
1200   360   0.0086173
1200   400   0.0087589
1200   440   0.0087936
1200   480   0.0073086
1200   520   0.0071239
1200   560   0.0062600
1200   600   0.0062552
1200   640   0.0047457
1200   680   0.0038793
1200   720   0.0032165
1250   0   0.0131579
1250   40   0.0135882
1250   80   0.0121839
1250   120   0.0124879
1250   160   0.0115041
1250   200   0.0120202
1250   240   0.0109199
1250   280   0.0109537
1250   320   0.0107099
1250   360   0.0090825
1250   400   0.0103994
1250   440   0.0087881
1250   480   0.0079865
1250   520   0.0079101
1250   560   0.0069209
1250   600   0.0063573
1250   640   0.0056431
1250   680   0.0056832
1250   720   0.0044416
1300   720   0.0051615
1300   0   0.0135623
1300   40   0.0139713
1300   80   0.0127961
1300   120   0.0125986
1300   160   0.0121468
1300   200   0.0114420
1300   240   0.0107200
1300   280   0.0115937
1300   320   0.0108952
1300   360   0.0100543
1300   400   0.0096085
1300   440   0.0094766
1300   480   0.0089127
1300   520   0.0082692
1300   560   0.0076384
1300   600   0.0080027
1300   640   0.0068463
1300   680   0.0055903
1350.0   40.0   0.0143275
1350.0   320.0   0.0111425
1350   680   0.0070003
1350   720   0.0056640
1350   0   0.0137395
1350   80   0.0130097
1350   120   0.0129000
1350   160   0.0123637
1350   200   0.0118009
1350   240   0.0120159
1350   280   0.0118226
1350   360   0.0107843
1350   400   0.0100082
1350   440   0.0105681
1350   480   0.0091166
1350   520   0.0081945
1350   560   0.0086869
1350   600   0.0072279
1350   640   0.0075634
1400   600   0.0087693
1400   640   0.0074393
1400   680   0.0071142
1400   720   0.0070014
1400   0   0.0145551
1400   40   0.0132076
1400   80   0.0134517
1400   120   0.0127785
1400   160   0.0124864
1400   200   0.0126635
1400   240   0.0123875
1400   280   0.0119878
1400   320   0.0118994
1400   360   0.0120253
1400   400   0.0103236
1400   440   0.0104751
1400   480   0.0114382
1400   520   0.0090563
1400   560   0.0091583
1450.0   40.0   0.0139336
1450.0   320.0   0.0105461
1450   560   0.0096770
1450   600   0.0084580
1450   640   0.0088657
1450   680   0.0084608
1450   720   0.0075613
1450   0   0.0135646
1450   80   0.0128785
1450   120   0.0135059
1450   160   0.0135589
1450   200   0.0129570
1450   240   0.0121376
1450   280   0.0127213
1450   360   0.0102980
1450   400   0.0113833
1450   440   0.0105237
1450   480   0.0115587
1450   520   0.0097555
1500.0   120.0   0.0128152
1500.0   160.0   0.0130965
1500   520   0.0101307
1500   560   0.0100538
1500   600   0.0097002
1500   640   0.0092117
1500   680   0.0082103
1500   720   0.0075666
1500   0   0.0145288
1500   40   0.0144181
1500   80   0.0142248
1500   200   0.0130210
1500   240   0.0126373
1500   280   0.0116224
1500   320   0.0119794
1500   360   0.0106584
1500   400   0.0116762
1500   440   0.0111188
1500   480   0.0109419
150   80   0.0000000
150   0   0.0000000
150   40   0.0000000
1550.0   480.0   0.0105136
1550.0   520.0   0.0108502
1550.0   560.0   0.0102748
1550.0   600.0   0.0100131
1550.0   640.0   0.0095177
1550.0   680.0   0.0091305
1550.0   0.0   0.0149512
1550.0   40.0   0.0141066
1550.0   80.0   0.0142153
1550.0   120.0   0.0146646
1550.0   160.0   0.0141584
1550.0   320.0   0.0115018
1550.0   360.0   0.0124969
1550   200   0.0137520
1550   240   0.0132396
1550   280   0.0123805
1550   400   0.0113608
1550   440   0.0113949
1600.0   400.0   0.0117508
1600.0   440.0   0.0117275
1600.0   480.0   0.0118165
1600.0   520.0   0.0110974
1600.0   560.0   0.0113068
1600.0   600.0   0.0102484
1600.0   640.0   0.0094660
1600.0   680.0   0.0098667
1600.0   0.0   0.0154218
1600.0   40.0   0.0136980
1600.0   80.0   0.0138745
1600.0   120.0   0.0137184
1600.0   160.0   0.0137636
1600.0   200.0   0.0129370
1600.0   240.0   0.0136523
1600.0   280.0   0.0133126
1600.0   320.0   0.0129570
1600.0   360.0   0.0121303
1650.0   360.0   0.0118631
1650.0   400.0   0.0121349
1650.0   440.0   0.0118853
1650.0   480.0   0.0117852
1650.0   520.0   0.0116784
1650.0   560.0   0.0109130
1650.0   600.0   0.0100257
1650.0   640.0   0.0102024
1650.0   680.0   0.0102552
1650.0   0.0   0.0147767
1650.0   40.0   0.0144918
1650.0   80.0   0.0138840
1650.0   120.0   0.0137318
1650.0   160.0   0.0138476
1650.0   200.0   0.0134081
1650.0   240.0   0.0136951
1650.0   280.0   0.0128050
1650.0   320.0   0.0134750
1700.0   320.0   0.0131623
1700.0   360.0   0.0130320
1700.0   400.0   0.0128277
1700.0   440.0   0.0119938
1700.0   480.0   0.0111634
1700.0   520.0   0.0119785
1700.0   560.0   0.0112503
1700.0   600.0   0.0107017
1700.0   640.0   0.0103758
1700.0   680.0   0.0100681
1700.0   0.0   0.0143903
1700.0   40.0   0.0141227
1700.0   80.0   0.0142997
1700.0   120.0   0.0145263
1700.0   160.0   0.0136244
1700.0   200.0   0.0135312
1700.0   240.0   0.0134066
1700.0   280.0   0.0123631
200   0   0.0000000
200   40   0.0000461
200   80   0.0000154
200   120   0.0000000
250   0   0.0000326
250   40   0.0000000
250   80   0.0000163
250   120   0.0000488
250   160   0.0000000
250   200   0.0000000
300   0   0.0001877
300   40   0.0000339
300   80   0.0001022
300   120   0.0000341
300   160   0.0000000
300   200   0.0000000
300   240   0.0000000
350   0   0.0002271
350   40   0.0003146
350   80   0.0002615
350   120   0.0001926
350   160   0.0001575
350   200   0.0000873
350   240   0.0000175
350   280   0.0000175
400   0   0.0008033
400   40   0.0006069
400   80   0.0003026
400   120   0.0006087
400   160   0.0002682
400   200   0.0000894
400   240   0.0000357
400   280   0.0000539
400   320   0.0000178
450   0   0.0015365
450   40   0.0011418
450   80   0.0008541
450   120   0.0006708
450   160   0.0005806
450   200   0.0002701
450   240   0.0001268
450   280   0.0000723
450   320   0.0000000
450   360   0.0000000
450   400   0.0000000
500   0   0.0017354
500   40   0.0017393
500   80   0.0014256
500   120   0.0011333
500   160   0.0010466
500   200   0.0007294
500   240   0.0003674
500   280   0.0002373
500   320   0.0001096
500   360   0.0000919
500   400   0.0000000
500   440   0.0000000
50   0   0.0000000
550   0   0.0024499
550   40   0.0024130
550   80   0.0023281
550   120   0.0019139
550   160   0.0012817
550   200   0.0012436
550   240   0.0008528
550   280   0.0005328
550   320   0.0002573
550   360   0.0001840
550   400   0.0000000
550   440   0.0000000
550   480   0.0000000
600   0   0.0033923
600   40   0.0039806
600   80   0.0029889
600   120   0.0024530
600   160   0.0018757
600   200   0.0015215
600   240   0.0014548
600   280   0.0013724
600   320   0.0006241
600   360   0.0002756
600   400   0.0001661
600   440   0.0001108
600   480   0.0000184
600   520   0.0000000
650.0   560.0   0.0000184
650   0   0.0041129
650   40   0.0043413
650   80   0.0038538
650   120   0.0038476
650   160   0.0031518
650   200   0.0023057
650   240   0.0022803
650   280   0.0016662
650   320   0.0010665
650   360   0.0006980
650   400   0.0004804
650   440   0.0002021
650   480   0.0000550
650   520   0.0000551
650   600   0.0000000
700.0   600.0   0.0000184
700.0   640.0   0.0000000
700.0   680.0   0.0000000
700   0   0.0048356
700   40   0.0056469
700   80   0.0046542
700   120   0.0046136
700   160   0.0042915
700   200   0.0034522
700   240   0.0031319
700   280   0.0021221
700   320   0.0013731
700   360   0.0013533
700   400   0.0008097
700   440   0.0005700
700   480   0.0002941
700   520   0.0000554
700   560   0.0000731
750   0   0.0061603
750   40   0.0058918
750   80   0.0055683
750   120   0.0050862
750   160   0.0049885
750   200   0.0040233
750   240   0.0032979
750   280   0.0030147
750   320   0.0026243
750   360   0.0019873
750   400   0.0010399
750   440   0.0006581
750   480   0.0004198
750   520   0.0002743
750   560   0.0001837
750   600   0.0000365
750   640   0.0000000
800   0   0.0078276
800   40   0.0068218
800   80   0.0064022
800   120   0.0063443
800   160   0.0059726
800   200   0.0052566
800   240   0.0046137
800   280   0.0041051
800   320   0.0034025
800   360   0.0024299
800   400   0.0023720
800   440   0.0015238
800   480   0.0009990
800   520   0.0004923
800   560   0.0004178
800   600   0.0001278
800   640   0.0000000
800   680   0.0000182
850   0   0.0079513
850   40   0.0074075
850   80   0.0071463
850   120   0.0068461
850   160   0.0065990
850   200   0.0065410
850   240   0.0053883
850   280   0.0049439
850   320   0.0044796
850   360   0.0035386
850   400   0.0030169
850   440   0.0022998
850   480   0.0018574
850   520   0.0009937
850   560   0.0004885
850   600   0.0003431
850   640   0.0001444
850   680   0.0000543
850   720   0.0000000
900   0   0.0089289
900   40   0.0085392
900   80   0.0082323
900   120   0.0076814
900   160   0.0074662
900   200   0.0076474
900   240   0.0066965
900   280   0.0060951
900   320   0.0053787
900   360   0.0049374
900   400   0.0036698
900   440   0.0027533
900   480   0.0025724
900   520   0.0017278
900   560   0.0013349
900   600   0.0010925
900   640   0.0003417
900   680   0.0001976
900   720   0.0001080
950.0   320.0   0.0060281
950.0   360.0   0.0050699
950.0   400.0   0.0044413
950.0   440.0   0.0037894
950.0   480.0   0.0033942
950.0   520.0   0.0025733
950   0   0.0095752
950   40   0.0089383
950   80   0.0087162
950   120   0.0086378
950   160   0.0090045
950   200   0.0077359
950   240   0.0068622
950   280   0.0069002
950   560   0.0019025
950   600   0.0016554
950   640   0.0010897
950   680   0.0005860
950   720   0.0001431
