1000   0   0.0429111
1000   40   0.0412311
1000   80   0.0397797
1000   120   0.0405425
1000   160   0.0363497
1000   200   0.0338944
1000   240   0.0319855
1000   280   0.0287010
1000   320   0.0269327
1000   360   0.0227470
1000   400   0.0182318
1000   440   0.0163445
1000   480   0.0123433
1000   520   0.0092499
1000   560   0.0072109
1000   600   0.0048896
1000   640   0.0033502
1000   680   0.0019506
1000   720   0.0008683
100   0   0.0000000
100   40   0.0000000
1050   0   0.0456838
1050   40   0.0475280
1050   80   0.0447375
1050   120   0.0439020
1050   160   0.0422205
1050   200   0.0388336
1050   240   0.0362509
1050   280   0.0332383
1050   320   0.0309015
1050   360   0.0266174
1050   400   0.0247528
1050   440   0.0195096
1050   480   0.0178929
1050   520   0.0142097
1050   560   0.0104649
1050   600   0.0073644
1050   640   0.0057969
1050   680   0.0035455
1050   720   0.0018430
1100   0   0.0501931
1100   40   0.0494801
1100   80   0.0471339
1100   120   0.0461292
1100   160   0.0446232
1100   200   0.0418483
1100   240   0.0408935
1100   280   0.0368635
1100   320   0.0348845
1100   360   0.0317910
1100   400   0.0283677
1100   440   0.0242691
1100   480   0.0209601
1100   520   0.0185638
1100   560   0.0147321
1100   600   0.0111401
1100   640   0.0087173
1100   680   0.0054622
1100   720   0.0040314
1150   0   0.0545722
1150   40   0.0527883
1150   80   0.0525580
1150   120   0.0499766
1150   160   0.0488972
1150   200   0.0462253
1150   240   0.0457742
1150   280   0.0426835
1150   320   0.0400713
1150   360   0.0370249
1150   400   0.0341203
1150   440   0.0304871
1150   480   0.0262210
1150   520   0.0230835
1150   560   0.0201300
1150   600   0.0151855
1150   640   0.0123581
1150   680   0.0081278
1150   720   0.0062643
1200   0   0.0543574
1200   40   0.0540559
1200   80   0.0547522
1200   120   0.0539327
1200   160   0.0520428
1200   200   0.0504704
1200   240   0.0494266
1200   280   0.0459099
1200   320   0.0442472
1200   360   0.0408332
1200   400   0.0369742
1200   440   0.0345047
1200   480   0.0313545
1200   520   0.0279289
1200   560   0.0231949
1200   600   0.0190742
1200   640   0.0161629
1200   680   0.0127241
1200   720   0.0107505
1250   0   0.0595945
1250   40   0.0604221
1250   80   0.0569320
1250   120   0.0579534
1250   160   0.0543021
1250   200   0.0540568
1250   240   0.0512842
1250   280   0.0486239
1250   320   0.0471576
1250   360   0.0441151
1250   400   0.0414614
1250   440   0.0374607
1250   480   0.0350754
1250   520   0.0320161
1250   560   0.0294652
1250   600   0.0245283
1250   640   0.0200075
1250   680   0.0166058
1250   720   0.0144866
1300   720   0.0179554
1300   0   0.0601319
1300   40   0.0600663
1300   80   0.0594603
1300   120   0.0587595
1300   160   0.0579259
1300   200   0.0549350
1300   240   0.0542078
1300   280   0.0514014
1300   320   0.0497653
1300   360   0.0469599
1300   400   0.0424575
1300   440   0.0410482
1300   480   0.0404889
1300   520   0.0362053
1300   560   0.0335277
1300   600   0.0299932
1300   640   0.0265062
1300   680   0.0221578
1350.0   40.0   0.0624895
1350.0   320.0   0.0529354
1350   680   0.0262766
1350   720   0.0232273
1350   0   0.0647050
1350   80   0.0626450
1350   120   0.0606198
1350   160   0.0586563
1350   200   0.0585338
1350   240   0.0565522
1350   280   0.0561280
1350   360   0.0505232
1350   400   0.0478714
1350   440   0.0461412
1350   480   0.0429881
1350   520   0.0414437
1350   560   0.0389656
1350   600   0.0338253
1350   640   0.0300682
1400   600   0.0389876
1400   640   0.0343481
1400   680   0.0301102
1400   720   0.0274555
1400   0   0.0656740
1400   40   0.0662880
1400   80   0.0649054
1400   120   0.0647956
1400   160   0.0619808
1400   200   0.0594801
1400   240   0.0585303
1400   280   0.0577080
1400   320   0.0549511
1400   360   0.0532478
1400   400   0.0524364
1400   440   0.0483426
1400   480   0.0477961
1400   520   0.0433933
1400   560   0.0417284
1450.0   40.0   0.0678082
1450.0   320.0   0.0590746
1450   560   0.0443918
1450   600   0.0435247
1450   640   0.0394233
1450   680   0.0359874
1450   720   0.0327159
1450   0   0.0705426
1450   80   0.0691993
1450   120   0.0655434
1450   160   0.0634074
1450   200   0.0617604
1450   240   0.0619450
1450   280   0.0610821
1450   360   0.0565226
1450   400   0.0535928
1450   440   0.0524857
1450   480   0.0493946
1450   520   0.0481820
1500.0   120.0   0.0666557
1500.0   160.0   0.0670599
1500   520   0.0510968
1500   560   0.0488493
1500   600   0.0454163
1500   640   0.0439566
1500   680   0.0406745
1500   720   0.0378000
1500   0   0.0701072
1500   40   0.0687328
1500   80   0.0677538
1500   200   0.0646938
1500   240   0.0650180
1500   280   0.0628462
1500   320   0.0587975
1500   360   0.0588187
1500   400   0.0559599
1500   440   0.0550339
1500   480   0.0514581
150   80   0.0000000
150   0   0.0000000
150   40   0.0000000
1550.0   480.0   0.0549189
1550.0   520.0   0.0553770
1550.0   560.0   0.0515045
1550.0   600.0   0.0480366
1550.0   640.0   0.0459668
1550.0   680.0   0.0432267
1550.0   0.0   0.0716188
1550.0   40.0   0.0726554
1550.0   80.0   0.0683346
1550.0   120.0   0.0689137
1550.0   160.0   0.0696804
1550.0   320.0   0.0638642
1550.0   360.0   0.0610635
1550   200   0.0668189
1550   240   0.0635308
1550   280   0.0642113
1550   400   0.0602797
1550   440   0.0565652
1600.0   400.0   0.0621045
1600.0   440.0   0.0596582
1600.0   480.0   0.0572319
1600.0   520.0   0.0545475
1600.0   560.0   0.0530985
1600.0   600.0   0.0500382
1600.0   640.0   0.0495429
1600.0   680.0   0.0458002
1600.0   0.0   0.0750800
1600.0   40.0   0.0723687
1600.0   80.0   0.0702953
1600.0   120.0   0.0701039
1600.0   160.0   0.0684133
1600.0   200.0   0.0671621
1600.0   240.0   0.0666201
1600.0   280.0   0.0658018
1600.0   320.0   0.0621193
1600.0   360.0   0.0616234
1650.0   360.0   0.0649822
1650.0   400.0   0.0626487
1650.0   440.0   0.0624137
1650.0   480.0   0.0590068
1650.0   520.0   0.0576337
1650.0   560.0   0.0563353
1650.0   600.0   0.0548425
1650.0   640.0   0.0534582
1650.0   680.0   0.0495908
1650.0   0.0   0.0767037
1650.0   40.0   0.0741337
1650.0   80.0   0.0740047
1650.0   120.0   0.0738887
1650.0   160.0   0.0701063
1650.0   200.0   0.0693181
1650.0   240.0   0.0694733
1650.0   280.0   0.0675364
1650.0   320.0   0.0650428
1700.0   320.0   0.0671567
1700.0   360.0   0.0666827
1700.0   400.0   0.0631753
1700.0   440.0   0.0616823
1700.0   480.0   0.0613505
1700.0   520.0   0.0581880
1700.0   560.0   0.0586133
1700.0   600.0   0.0569481
1700.0   640.0   0.0544930
1700.0   680.0   0.0516012
1700.0   0.0   0.0764547
1700.0   40.0   0.0778430
1700.0   80.0   0.0756090
1700.0   120.0   0.0731111
1700.0   160.0   0.0717998
1700.0   200.0   0.0715908
1700.0   240.0   0.0701243
1700.0   280.0   0.0686234
200   0   0.0000154
200   40   0.0000308
200   80   0.0000000
200   120   0.0000000
250   0   0.0000979
250   40   0.0000651
250   80   0.0000325
250   120   0.0000163
250   160   0.0000163
250   200   0.0000000
300   0   0.0002218
300   40   0.0001867
300   80   0.0000852
300   120   0.0001023
300   160   0.0001189
300   200   0.0000339
300   240   0.0000170
350   0   0.0005414
350   40   0.0005592
350   80   0.0003835
350   120   0.0002277
350   160   0.0001750
350   200   0.0000000
350   240   0.0000175
350   280   0.0000175
400   0   0.0012853
400   40   0.0010531
400   80   0.0011393
400   120   0.0008056
400   160   0.0005542
400   200   0.0003218
400   240   0.0000536
400   280   0.0000359
400   320   0.0000000
450   0   0.0023681
450   40   0.0021749
450   80   0.0019626
450   120   0.0016316
450   160   0.0009978
450   200   0.0006123
450   240   0.0002717
450   280   0.0001084
450   320   0.0000542
450   360   0.0000000
450   400   0.0000000
500   0   0.0046583
500   40   0.0044671
500   80   0.0034543
500   120   0.0026321
500   160   0.0017994
500   200   0.0010211
500   240   0.0009186
500   280   0.0001826
500   320   0.0000914
500   360   0.0000368
500   400   0.0000183
500   440   0.0000000
50   0   0.0000000
550   0   0.0072393
550   40   0.0071476
550   80   0.0053711
550   120   0.0040487
550   160   0.0035521
550   200   0.0021763
550   240   0.0012977
550   280   0.0007349
550   320   0.0004779
550   360   0.0002944
550   400   0.0000741
550   440   0.0000366
550   480   0.0000182
600   0   0.0099386
600   40   0.0098505
600   80   0.0080810
600   120   0.0065170
600   160   0.0056270
600   200   0.0042530
600   240   0.0026150
600   280   0.0020312
600   320   0.0011013
600   360   0.0005512
600   400   0.0001661
600   440   0.0001663
600   480   0.0000552
600   520   0.0000000
650.0   560.0   0.0000000
650   0   0.0133485
650   40   0.0121778
650   80   0.0114324
650   120   0.0102968
650   160   0.0083495
650   200   0.0066060
650   240   0.0047813
650   280   0.0028881
650   320   0.0021331
650   360   0.0011205
650   400   0.0007391
650   440   0.0004226
650   480   0.0001099
650   520   0.0000184
650   600   0.0000000
700.0   600.0   0.0000735
700.0   640.0   0.0000000
700.0   680.0   0.0000000
700   0   0.0178643
700   40   0.0176352
700   80   0.0154776
700   120   0.0138408
700   160   0.0120273
700   200   0.0098088
700   240   0.0076007
700   280   0.0051589
700   320   0.0035517
700   360   0.0025604
700   400   0.0014537
700   440   0.0007171
700   480   0.0004595
700   520   0.0000738
700   560   0.0001097
750   0   0.0223911
750   40   0.0202291
750   80   0.0188703
750   120   0.0179480
750   160   0.0152396
750   200   0.0133865
750   240   0.0117259
750   280   0.0086423
750   320   0.0063681
750   360   0.0040840
750   400   0.0027549
750   440   0.0019194
750   480   0.0007849
750   520   0.0005668
750   560   0.0001469
750   600   0.0000912
750   640   0.0000183
800   0   0.0266502
800   40   0.0251041
800   80   0.0237718
800   120   0.0231231
800   160   0.0208132
800   200   0.0178068
800   240   0.0146583
800   280   0.0124244
800   320   0.0096254
800   360   0.0077068
800   400   0.0047440
800   440   0.0034649
800   480   0.0017437
800   520   0.0010212
800   560   0.0005994
800   600   0.0001096
800   640   0.0001642
800   680   0.0000000
850   0   0.0313697
850   40   0.0307684
850   80   0.0286575
850   120   0.0254567
850   160   0.0249456
850   200   0.0224340
850   240   0.0186952
850   280   0.0157519
850   320   0.0123912
850   360   0.0100381
850   400   0.0074611
850   440   0.0058129
850   480   0.0039151
850   520   0.0024753
850   560   0.0012665
850   600   0.0005417
850   640   0.0001083
850   680   0.0000905
850   720   0.0000182
900   0   0.0333753
900   40   0.0344976
900   80   0.0322087
900   120   0.0310659
900   160   0.0286593
900   200   0.0262376
900   240   0.0229053
900   280   0.0197418
900   320   0.0175211
900   360   0.0137171
900   400   0.0105937
900   440   0.0085658
900   480   0.0057924
900   520   0.0044635
900   560   0.0022550
900   600   0.0013791
900   640   0.0008093
900   680   0.0002874
900   720   0.0001620
950.0   320.0   0.0206702
950.0   360.0   0.0184829
950.0   400.0   0.0149291
950.0   440.0   0.0116898
950.0   480.0   0.0096851
950.0   520.0   0.0067727
950   0   0.0394977
950   40   0.0381845
950   80   0.0368650
950   120   0.0355862
950   160   0.0327907
950   200   0.0300346
950   240   0.0283112
950   280   0.0251048
950   560   0.0046845
950   600   0.0027234
950   640   0.0013398
950   680   0.0007280
950   720   0.0003040
