1000   0   0.0178131
1000   40   0.0182582
1000   80   0.0163778
1000   120   0.0149246
1000   160   0.0143799
1000   200   0.0131129
1000   240   0.0119547
1000   280   0.0107406
1000   320   0.0092255
1000   360   0.0076414
1000   400   0.0060773
1000   440   0.0047079
1000   480   0.0037993
1000   520   0.0026809
1000   560   0.0020906
1000   600   0.0012933
1000   640   0.0008686
1000   680   0.0004788
1000   720   0.0001949
100   0   0.0000000
100   40   0.0000000
1050   0   0.0203725
1050   40   0.0185971
1050   80   0.0189220
1050   120   0.0174936
1050   160   0.0161804
1050   200   0.0154524
1050   240   0.0130559
1050   280   0.0133094
1050   320   0.0105883
1050   360   0.0107385
1050   400   0.0085275
1050   440   0.0068196
1050   480   0.0058648
1050   520   0.0043193
1050   560   0.0031658
1050   600   0.0022498
1050   640   0.0012725
1050   680   0.0008074
1050   720   0.0006143
1100   0   0.0216536
1100   40   0.0216868
1100   80   0.0212348
1100   120   0.0203819
1100   160   0.0182716
1100   200   0.0186401
1100   240   0.0152650
1100   280   0.0146825
1100   320   0.0130861
1100   360   0.0118386
1100   400   0.0102853
1100   440   0.0089376
1100   480   0.0076028
1100   520   0.0055936
1100   560   0.0043864
1100   600   0.0032004
1100   640   0.0024360
1100   680   0.0013088
1100   720   0.0008901
1150   0   0.0244604
1150   40   0.0241095
1150   80   0.0214822
1150   120   0.0217998
1150   160   0.0193855
1150   200   0.0187008
1150   240   0.0178732
1150   280   0.0159285
1150   320   0.0152364
1150   360   0.0134133
1150   400   0.0123853
1150   440   0.0104161
1150   480   0.0090059
1150   520   0.0076713
1150   560   0.0062939
1150   600   0.0047313
1150   640   0.0037040
1150   680   0.0023197
1150   720   0.0013288
1200   0   0.0253082
1200   40   0.0257908
1200   80   0.0248449
1200   120   0.0240676
1200   160   0.0235948
1200   200   0.0216080
1200   240   0.0196258
1200   280   0.0182297
1200   320   0.0163115
1200   360   0.0157381
1200   400   0.0141250
1200   440   0.0131561
1200   480   0.0114110
1200   520   0.0098876
1200   560   0.0085536
1200   600   0.0061867
1200   640   0.0052271
1200   680   0.0037414
1200   720   0.0026833
1250   0   0.0272032
1250   40   0.0276196
1250   80   0.0266342
1250   120   0.0229146
1250   160   0.0233506
1250   200   0.0232892
1250   240   0.0215835
1250   280   0.0203327
1250   320   0.0181389
1250   360   0.0182163
1250   400   0.0160595
1250   440   0.0147039
1250   480   0.0132880
1250   520   0.0107290
1250   560   0.0091650
1250   600   0.0076662
1250   640   0.0063785
1250   680   0.0051200
1250   720   0.0039633
1300   720   0.0056015
1300   0   0.0291590
1300   40   0.0304581
1300   80   0.0271216
1300   120   0.0255373
1300   160   0.0253595
1300   200   0.0245985
1300   240   0.0221828
1300   280   0.0230181
1300   320   0.0201637
1300   360   0.0204654
1300   400   0.0175364
1300   440   0.0163717
1300   480   0.0159919
1300   520   0.0138158
1300   560   0.0119476
1300   600   0.0099695
1300   640   0.0085029
1300   680   0.0069963
1350.0   40.0   0.0299331
1350.0   320.0   0.0221841
1350   680   0.0083192
1350   720   0.0069413
1350   0   0.0303478
1350   80   0.0284735
1350   120   0.0269421
1350   160   0.0266788
1350   200   0.0249298
1350   240   0.0252637
1350   280   0.0230887
1350   360   0.0211481
1350   400   0.0205716
1350   440   0.0187245
1350   480   0.0171211
1350   520   0.0159011
1350   560   0.0136078
1350   600   0.0113030
1350   640   0.0102080
1400   600   0.0141274
1400   640   0.0120135
1400   680   0.0110053
1400   720   0.0085517
1400   0   0.0325271
1400   40   0.0313952
1400   80   0.0295904
1400   120   0.0296548
1400   160   0.0288508
1400   200   0.0268286
1400   240   0.0262690
1400   280   0.0264065
1400   320   0.0236317
1400   360   0.0226349
1400   400   0.0225515
1400   440   0.0203979
1400   480   0.0177686
1400   520   0.0158903
1400   560   0.0157189
1450.0   40.0   0.0333809
1450.0   320.0   0.0246844
1450   560   0.0167194
1450   600   0.0159985
1450   640   0.0143840
1450   680   0.0128158
1450   720   0.0111596
1450   0   0.0334140
1450   80   0.0307129
1450   120   0.0303883
1450   160   0.0305945
1450   200   0.0298308
1450   240   0.0275660
1450   280   0.0268874
1450   360   0.0250473
1450   400   0.0234313
1450   440   0.0221761
1450   480   0.0214542
1450   520   0.0188495
1500.0   120.0   0.0309373
1500.0   160.0   0.0312048
1500   520   0.0200315
1500   560   0.0184898
1500   600   0.0175363
1500   640   0.0160096
1500   680   0.0154045
1500   720   0.0126875
1500   0   0.0362396
1500   40   0.0335105
1500   80   0.0321504
1500   200   0.0300206
1500   240   0.0286238
1500   280   0.0275846
1500   320   0.0261577
1500   360   0.0250835
1500   400   0.0238793
1500   440   0.0225012
1500   480   0.0225439
150   80   0.0000000
150   0   0.0000000
150   40   0.0000000
1550.0   480.0   0.0228883
1550.0   520.0   0.0211457
1550.0   560.0   0.0212029
1550.0   600.0   0.0189300
1550.0   640.0   0.0178232
1550.0   680.0   0.0160809
1550.0   0.0   0.0361934
1550.0   40.0   0.0359685
1550.0   80.0   0.0349752
1550.0   120.0   0.0332484
1550.0   160.0   0.0320935
1550.0   320.0   0.0279048
1550.0   360.0   0.0259577
1550   200   0.0312887
1550   240   0.0302040
1550   280   0.0296410
1550   400   0.0250824
1550   440   0.0240504
1600.0   400.0   0.0268197
1600.0   440.0   0.0242974
1600.0   480.0   0.0247042
1600.0   520.0   0.0236691
1600.0   560.0   0.0211458
1600.0   600.0   0.0205456
1600.0   640.0   0.0183504
1600.0   680.0   0.0183494
1600.0   0.0   0.0350806
1600.0   40.0   0.0365982
1600.0   80.0   0.0352448
1600.0   120.0   0.0342311
1600.0   160.0   0.0328870
1600.0   200.0   0.0317029
1600.0   240.0   0.0312866
1600.0   280.0   0.0305445
1600.0   320.0   0.0282566
1600.0   360.0   0.0280342
1650.0   360.0   0.0298584
1650.0   400.0   0.0265836
1650.0   440.0   0.0258906
1650.0   480.0   0.0249750
1650.0   520.0   0.0241310
1650.0   560.0   0.0229848
1650.0   600.0   0.0225537
1650.0   640.0   0.0208555
1650.0   680.0   0.0192906
1650.0   0.0   0.0382068
1650.0   40.0   0.0366643
1650.0   80.0   0.0358400
1650.0   120.0   0.0339445
1650.0   160.0   0.0335655
1650.0   200.0   0.0323571
1650.0   240.0   0.0316387
1650.0   280.0   0.0315052
1650.0   320.0   0.0295413
1700.0   320.0   0.0303118
1700.0   360.0   0.0300713
1700.0   400.0   0.0291072
1700.0   440.0   0.0279748
1700.0   480.0   0.0272207
1700.0   520.0   0.0250181
1700.0   560.0   0.0251017
1700.0   600.0   0.0226614
1700.0   640.0   0.0215645
1700.0   680.0   0.0215882
1700.0   0.0   0.0398378
1700.0   40.0   0.0366612
1700.0   80.0   0.0358131
1700.0   120.0   0.0359563
1700.0   160.0   0.0356280
1700.0   200.0   0.0315729
1700.0   240.0   0.0327076
1700.0   280.0   0.0326258
200   0   0.0000000
200   40   0.0000154
200   80   0.0000000
200   120   0.0000000
250   0   0.0000000
250   40   0.0000163
250   80   0.0000000
250   120   0.0000000
250   160   0.0000000
250   200   0.0000000
300   0   0.0000683
300   40   0.0000849
300   80   0.0000000
300   120   0.0000000
300   160   0.0000170
300   200   0.0000000
300   240   0.0000000
350   0   0.0001397
350   40   0.0000874
350   80   0.0000697
350   120   0.0000876
350   160   0.0000350
350   200   0.0000175
350   240   0.0000000
350   280   0.0000000
400   0   0.0002499
400   40   0.0003748
400   80   0.0002848
400   120   0.0002506
400   160   0.0000536
400   200   0.0000536
400   240   0.0000179
400   280   0.0000000
400   320   0.0000000
450   0   0.0005965
450   40   0.0005618
450   80   0.0004725
450   120   0.0003263
450   160   0.0001633
450   200   0.0001080
450   240   0.0000362
450   280   0.0000000
450   320   0.0000181
450   360   0.0000000
450   400   0.0000000
500   0   0.0011326
500   40   0.0012999
500   80   0.0009504
500   120   0.0005666
500   160   0.0004957
500   200   0.0001641
500   240   0.0001653
500   280   0.0000913
500   320   0.0000183
500   360   0.0000184
500   400   0.0000000
500   440   0.0000000
50   0   0.0000000
550   0   0.0022657
550   40   0.0016087
550   80   0.0014482
550   120   0.0011962
550   160   0.0006775
550   200   0.0004023
550   240   0.0002039
550   280   0.0002388
550   320   0.0001654
550   360   0.0000184
550   400   0.0000185
550   440   0.0000000
550   480   0.0000000
600   0   0.0028789
600   40   0.0027515
600   80   0.0023247
600   120   0.0018123
600   160   0.0014711
600   200   0.0012832
600   240   0.0006998
600   280   0.0003843
600   320   0.0003855
600   360   0.0001102
600   400   0.0000554
600   440   0.0000185
600   480   0.0000000
600   520   0.0000000
650.0   560.0   0.0000000
650   0   0.0036906
650   40   0.0042310
650   80   0.0035772
650   120   0.0028948
650   160   0.0022118
650   200   0.0018482
650   240   0.0011953
650   280   0.0008516
650   320   0.0006804
650   360   0.0003123
650   400   0.0002402
650   440   0.0000367
650   480   0.0000366
650   520   0.0000184
650   600   0.0000000
700.0   600.0   0.0000000
700.0   640.0   0.0000000
700.0   680.0   0.0000000
700   0   0.0059487
700   40   0.0052997
700   80   0.0048002
700   120   0.0045770
700   160   0.0036837
700   200   0.0025207
700   240   0.0020879
700   280   0.0014818
700   320   0.0011534
700   360   0.0006401
700   400   0.0004416
700   440   0.0001655
700   480   0.0000919
700   520   0.0000554
700   560   0.0000183
750   0   0.0074145
750   40   0.0064937
750   80   0.0065691
750   120   0.0061107
750   160   0.0048971
750   200   0.0041696
750   240   0.0032429
750   280   0.0027772
750   320   0.0019270
750   360   0.0009116
750   400   0.0006750
750   440   0.0004022
750   480   0.0001643
750   520   0.0000183
750   560   0.0000184
750   600   0.0000000
750   640   0.0000183
800   0   0.0089016
800   40   0.0091139
800   80   0.0087667
800   120   0.0084167
800   160   0.0068831
800   200   0.0058204
800   240   0.0043230
800   280   0.0032877
800   320   0.0027475
800   360   0.0019947
800   400   0.0010765
800   440   0.0010885
800   480   0.0004359
800   520   0.0002188
800   560   0.0001998
800   600   0.0000730
800   640   0.0000182
800   680   0.0000000
850   0   0.0112372
850   40   0.0117437
850   80   0.0104488
850   120   0.0084495
850   160   0.0084119
850   200   0.0072618
850   240   0.0062439
850   280   0.0054852
850   320   0.0039377
850   360   0.0033400
850   400   0.0021498
850   440   0.0017565
850   480   0.0008923
850   520   0.0005240
850   560   0.0003619
850   600   0.0000722
850   640   0.0000180
850   680   0.0000181
850   720   0.0000000
900   0   0.0135734
900   40   0.0127729
900   80   0.0115288
900   120   0.0116206
900   160   0.0103987
900   200   0.0098145
900   240   0.0080683
900   280   0.0065087
900   320   0.0059903
900   360   0.0044886
900   400   0.0034167
900   440   0.0023574
900   480   0.0019248
900   520   0.0010259
900   560   0.0005773
900   600   0.0003403
900   640   0.0001259
900   680   0.0000898
900   720   0.0000180
950.0   320.0   0.0077937
950.0   360.0   0.0059416
950.0   400.0   0.0053688
950.0   440.0   0.0039502
950.0   480.0   0.0025768
950.0   520.0   0.0020193
950   0   0.0153810
950   40   0.0150521
950   80   0.0147353
950   120   0.0134742
950   160   0.0117683
950   200   0.0110335
950   240   0.0106347
950   280   0.0082375
950   560   0.0009333
950   600   0.0005340
950   640   0.0003573
950   680   0.0001776
950   720   0.0001252
