 C_Mass(GeV)   N_Mass(GeV)    tau(ns)    Init_xs(fb)     EAxEE          TAxTE         EAxEExTAxTE      total_eff     xs100(fb)     xslim(fb)         Ntr          r       MCev 
   100.000     99.843         0.010      214.167      7.2027e-02      3.7548e-05      2.7045e-06      1.5294e-06    3.275e-04     1.438e+05       1.18e-02    1.49e-03    603 
    100.000     99.843         0.015      214.167      7.2027e-02      2.4633e-04      1.7742e-05      9.7897e-06    2.097e-03     2.247e+04       7.57e-02    9.53e-03    3509 
    100.000     99.843         0.020      214.167      7.2027e-02      7.8023e-04      5.6198e-05      3.1103e-05    6.661e-03     7.073e+03       2.40e-01    3.03e-02    10311 
    100.000     99.843         0.025      214.167      7.2027e-02      1.7560e-03      1.2648e-04      6.9484e-05    1.488e-02     3.166e+03       5.37e-01    6.76e-02    21957 
    100.000     99.843         0.030      214.167      7.2027e-02      3.1605e-03      2.2765e-04      1.2367e-04    2.649e-02     1.779e+03       9.56e-01    1.20e-01    37971 
    100.000     99.843         0.040      214.167      7.2027e-02      7.0826e-03      5.1014e-04      2.7505e-04    5.891e-02     7.999e+02       2.13e+00    2.68e-01    81619 
    100.000     99.843         0.050      214.167      7.2027e-02      1.2112e-02      8.7240e-04      4.6709e-04    1.000e-01     4.710e+02       3.61e+00    4.55e-01    136332 
    100.000     99.843         0.060      214.167      7.2027e-02      1.7700e-02      1.2749e-03      6.7872e-04    1.454e-01     3.241e+02       5.25e+00    6.61e-01    196645 
    100.000     99.843         0.070      214.167      7.2027e-02      2.3697e-02      1.7069e-03      9.0521e-04    1.939e-01     2.430e+02       7.00e+00    8.81e-01    262247 
    100.000     99.843         0.080      214.167      7.2027e-02      2.9487e-02      2.1238e-03      1.1242e-03    2.408e-01     1.957e+02       8.69e+00    1.09e+00    326462 
    100.000     99.843         0.090      214.167      7.2027e-02      3.5119e-02      2.5295e-03      1.3350e-03    2.859e-01     1.648e+02       1.03e+01    1.30e+00    390291 
    100.000     99.843         0.100      214.167      7.2027e-02      4.0417e-02      2.9112e-03      1.5349e-03    3.287e-01     1.433e+02       1.19e+01    1.49e+00    452947 
    100.000     99.843         0.150      214.167      7.2027e-02      6.1604e-02      4.4371e-03      2.3250e-03    4.979e-01     9.462e+01       1.80e+01    2.26e+00    724004 
    100.000     99.843         0.200      214.167      7.2027e-02      7.4865e-02      5.3923e-03      2.8149e-03    6.029e-01     7.816e+01       2.18e+01    2.74e+00    929316 
    100.000     99.843         0.250      214.167      7.2027e-02      8.2341e-02      5.9308e-03      3.0847e-03    6.606e-01     7.132e+01       2.38e+01    3.00e+00    1082444 
    100.000     99.843         0.300      214.167      7.2027e-02      8.6249e-02      6.2123e-03      3.2232e-03    6.903e-01     6.826e+01       2.49e+01    3.14e+00    1198195 
    100.000     99.843         0.400      214.167      7.2027e-02      8.8625e-02      6.3835e-03      3.2942e-03    7.055e-01     6.678e+01       2.55e+01    3.21e+00    1357928 
    100.000     99.843         0.500      214.167      7.2027e-02      8.7242e-02      6.2838e-03      3.2300e-03    6.918e-01     6.811e+01       2.50e+01    3.14e+00    1460185 
    100.000     99.843         0.600      214.167      7.2027e-02      8.4284e-02      6.0708e-03      3.1097e-03    6.660e-01     7.075e+01       2.40e+01    3.03e+00    1528079 
    100.000     99.843         0.700      214.167      7.2027e-02      8.0632e-02      5.8077e-03      2.9657e-03    6.352e-01     7.418e+01       2.29e+01    2.89e+00    1576015 
    100.000     99.843         0.800      214.167      7.2027e-02      7.7305e-02      5.5681e-03      2.8360e-03    6.074e-01     7.758e+01       2.19e+01    2.76e+00    1612785 
    100.000     99.843         0.900      214.167      7.2027e-02      7.3755e-02      5.3123e-03      2.7004e-03    5.783e-01     8.147e+01       2.09e+01    2.63e+00    1636776 
    100.000     99.843         1.000      214.167      7.2027e-02      7.0353e-02      5.0674e-03      2.5707e-03    5.506e-01     8.558e+01       1.99e+01    2.50e+00    1656418 
    100.000     99.843         1.500      214.167      7.2027e-02      5.6672e-02      4.0819e-03      2.0563e-03    4.404e-01     1.070e+02       1.59e+01    2.00e+00    1708785 
    100.000     99.843         2.000      214.167      7.2027e-02      4.7239e-02      3.4025e-03      1.7063e-03    3.654e-01     1.289e+02       1.32e+01    1.66e+00    1728055 
    100.000     99.843         2.500      214.167      7.2027e-02      4.0241e-02      2.8984e-03      1.4502e-03    3.106e-01     1.517e+02       1.12e+01    1.41e+00    1735726 
    100.000     99.843         3.000      214.167      7.2027e-02      3.5212e-02      2.5362e-03      1.2669e-03    2.713e-01     1.736e+02       9.80e+00    1.23e+00    1740777 
    100.000     99.843         4.000      214.167      7.2027e-02      2.7984e-02      2.0156e-03      1.0032e-03    2.149e-01     2.193e+02       7.76e+00    9.77e-01    1743036 
    100.000     99.843         5.000      214.167      7.2027e-02      2.3195e-02      1.6706e-03      8.3071e-04    1.779e-01     2.648e+02       6.42e+00    8.09e-01    1742539 
    100.000     99.843         6.000      214.167      7.2027e-02      1.9894e-02      1.4329e-03      7.1108e-04    1.523e-01     3.094e+02       5.50e+00    6.92e-01    1742156 
    100.000     99.843         7.000      214.167      7.2027e-02      1.7367e-02      1.2509e-03      6.2074e-04    1.329e-01     3.544e+02       4.80e+00    6.04e-01    1741907 
    100.000     99.843         8.000      214.167      7.2027e-02      1.5474e-02      1.1146e-03      5.5353e-04    1.185e-01     3.974e+02       4.28e+00    5.39e-01    1740947 
    100.000     99.843         9.000      214.167      7.2027e-02      1.3872e-02      9.9916e-04      4.9565e-04    1.062e-01     4.439e+02       3.83e+00    4.83e-01    1740625 
    100.000     99.843         10.000     214.167      7.2027e-02      1.2586e-02      9.0656e-04      4.4939e-04    9.624e-02     4.896e+02       3.47e+00    4.37e-01    1739347 
   200.000     199.843         0.010      16.771      1.6999e-01      3.8148e-06      6.4849e-07      3.2574e-07    5.463e-06     6.754e+05       1.97e-04    2.48e-05    22 
    200.000     199.843         0.015      16.771      1.6999e-01      3.9207e-05      6.6650e-06      3.6192e-06    6.070e-05     6.079e+04       2.19e-03    2.76e-04    210 
    200.000     199.843         0.020      16.771      1.6999e-01      1.8760e-04      3.1891e-05      1.6532e-05    2.773e-04     1.331e+04       1.00e-02    1.26e-03    859 
    200.000     199.843         0.025      16.771      1.6999e-01      4.7999e-04      8.1595e-05      4.1001e-05    6.876e-04     5.366e+03       2.48e-02    3.13e-03    2024 
    200.000     199.843         0.030      16.771      1.6999e-01      1.0267e-03      1.7453e-04      8.6329e-05    1.448e-03     2.548e+03       5.23e-02    6.58e-03    4169 
    200.000     199.843         0.040      16.771      1.6999e-01      2.9418e-03      5.0009e-04      2.4266e-04    4.070e-03     9.066e+02       1.47e-01    1.85e-02    10575 
    200.000     199.843         0.050      16.771      1.6999e-01      5.7805e-03      9.8265e-04      4.7193e-04    7.914e-03     4.662e+02       2.86e-01    3.60e-02    19872 
    200.000     199.843         0.060      16.771      1.6999e-01      9.3367e-03      1.5872e-03      7.5731e-04    1.270e-02     2.905e+02       4.58e-01    5.77e-02    31141 
    200.000     199.843         0.070      16.771      1.6999e-01      1.3605e-02      2.3128e-03      1.0964e-03    1.839e-02     2.006e+02       6.64e-01    8.36e-02    44318 
    200.000     199.843         0.080      16.771      1.6999e-01      1.8138e-02      3.0834e-03      1.4544e-03    2.439e-02     1.513e+02       8.80e-01    1.11e-01    57932 
    200.000     199.843         0.090      16.771      1.6999e-01      2.2868e-02      3.8874e-03      1.8312e-03    3.071e-02     1.201e+02       1.11e+00    1.40e-01    72555 
    200.000     199.843         0.100      16.771      1.6999e-01      2.7603e-02      4.6923e-03      2.2067e-03    3.701e-02     9.970e+01       1.34e+00    1.68e-01    87309 
    200.000     199.843         0.150      16.771      1.6999e-01      4.9164e-02      8.3577e-03      3.9079e-03    6.554e-02     5.630e+01       2.37e+00    2.98e-01    157936 
    200.000     199.843         0.200      16.771      1.6999e-01      6.5008e-02      1.1051e-02      5.1526e-03    8.641e-02     4.270e+01       3.12e+00    3.93e-01    217216 
    200.000     199.843         0.250      16.771      1.6999e-01      7.6334e-02      1.2976e-02      6.0421e-03    1.013e-01     3.641e+01       3.66e+00    4.61e-01    265624 
    200.000     199.843         0.300      16.771      1.6999e-01      8.3440e-02      1.4184e-02      6.5979e-03    1.107e-01     3.334e+01       3.99e+00    5.03e-01    304457 
    200.000     199.843         0.400      16.771      1.6999e-01      9.0550e-02      1.5393e-02      7.1401e-03    1.197e-01     3.081e+01       4.32e+00    5.44e-01    360269 
    200.000     199.843         0.500      16.771      1.6999e-01      9.2581e-02      1.5738e-02      7.2901e-03    1.223e-01     3.018e+01       4.41e+00    5.56e-01    398626 
    200.000     199.843         0.600      16.771      1.6999e-01      9.1832e-02      1.5611e-02      7.2176e-03    1.210e-01     3.048e+01       4.37e+00    5.50e-01    424438 
    200.000     199.843         0.700      16.771      1.6999e-01      9.0194e-02      1.5332e-02      7.0755e-03    1.187e-01     3.109e+01       4.28e+00    5.39e-01    444310 
    200.000     199.843         0.800      16.771      1.6999e-01      8.7340e-02      1.4847e-02      6.8358e-03    1.146e-01     3.218e+01       4.14e+00    5.21e-01    459215 
    200.000     199.843         0.900      16.771      1.6999e-01      8.4769e-02      1.4410e-02      6.6238e-03    1.111e-01     3.321e+01       4.01e+00    5.05e-01    470354 
    200.000     199.843         1.000      16.771      1.6999e-01      8.1427e-02      1.3842e-02      6.3563e-03    1.066e-01     3.461e+01       3.85e+00    4.85e-01    478761 
    200.000     199.843         1.500      16.771      1.6999e-01      6.8230e-02      1.1599e-02      5.2928e-03    8.876e-02     4.157e+01       3.20e+00    4.03e-01    503702 
    200.000     199.843         2.000      16.771      1.6999e-01      5.7804e-02      9.8264e-03      4.4616e-03    7.482e-02     4.931e+01       2.70e+00    3.40e-01    512688 
    200.000     199.843         2.500      16.771      1.6999e-01      5.0243e-02      8.5410e-03      3.8671e-03    6.485e-02     5.689e+01       2.34e+00    2.95e-01    517854 
    200.000     199.843         3.000      16.771      1.6999e-01      4.4084e-02      7.4940e-03      3.3849e-03    5.677e-02     6.500e+01       2.05e+00    2.58e-01    521066 
    200.000     199.843         4.000      16.771      1.6999e-01      3.5670e-02      6.0637e-03      2.7308e-03    4.580e-02     8.056e+01       1.65e+00    2.08e-01    522566 
    200.000     199.843         5.000      16.771      1.6999e-01      2.9808e-02      5.0672e-03      2.2754e-03    3.816e-02     9.669e+01       1.38e+00    1.73e-01    523444 
    200.000     199.843         6.000      16.771      1.6999e-01      2.5709e-02      4.3704e-03      1.9584e-03    3.284e-02     1.123e+02       1.19e+00    1.49e-01    523926 
    200.000     199.843         7.000      16.771      1.6999e-01      2.2467e-02      3.8193e-03      1.7065e-03    2.862e-02     1.289e+02       1.03e+00    1.30e-01    523447 
    200.000     199.843         8.000      16.771      1.6999e-01      2.0127e-02      3.4214e-03      1.5335e-03    2.572e-02     1.435e+02       9.28e-01    1.17e-01    523433 
    200.000     199.843         9.000      16.771      1.6999e-01      1.8078e-02      3.0732e-03      1.3730e-03    2.303e-02     1.602e+02       8.31e-01    1.05e-01    523264 
    200.000     199.843         10.000      16.771      1.6999e-01      1.6462e-02      2.7985e-03      1.2510e-03    2.098e-02     1.759e+02       7.57e-01    9.54e-02    523249  
   300.000     299.843         0.010      3.326      1.5968e-01      1.1778e-06      1.8807e-07      1.1503e-07    3.826e-07     1.912e+06       1.38e-05    1.74e-06    93 
    300.000     299.843         0.015      3.326      1.5968e-01      1.6559e-05      2.6440e-06      1.8107e-06    6.023e-06     1.215e+05       2.17e-04    2.74e-05    821 
    300.000     299.843         0.020      3.326      1.5968e-01      7.7753e-05      1.2415e-05      8.8647e-06    2.949e-05     2.482e+04       1.06e-03    1.34e-04    3424 
    300.000     299.843         0.025      3.326      1.5968e-01      2.4495e-04      3.9112e-05      2.7511e-05    9.151e-05     7.997e+03       3.30e-03    4.16e-04    9339 
    300.000     299.843         0.030      3.326      1.5968e-01      5.4982e-04      8.7792e-05      6.1509e-05    2.046e-04     3.577e+03       7.39e-03    9.30e-04    19435 
    300.000     299.843         0.040      3.326      1.5968e-01      1.6985e-03      2.7122e-04      1.8770e-04    6.243e-04     1.172e+03       2.25e-02    2.84e-03    54520 
    300.000     299.843         0.050      3.326      1.5968e-01      3.6200e-03      5.7803e-04      3.9629e-04    1.318e-03     5.551e+02       4.76e-02    5.99e-03    109005 
    300.000     299.843         0.060      3.326      1.5968e-01      6.2385e-03      9.9614e-04      6.7715e-04    2.252e-03     3.249e+02       8.13e-02    1.02e-02    180438 
    300.000     299.843         0.070      3.326      1.5968e-01      9.4850e-03      1.5145e-03      1.0254e-03    3.411e-03     2.145e+02       1.23e-01    1.55e-02    266338 
    300.000     299.843         0.080      3.326      1.5968e-01      1.3138e-02      2.0979e-03      1.4148e-03    4.706e-03     1.555e+02       1.70e-01    2.14e-02    361997 
    300.000     299.843         0.090      3.326      1.5968e-01      1.7116e-02      2.7331e-03      1.8369e-03    6.110e-03     1.198e+02       2.21e-01    2.78e-02    464715 
    300.000     299.843         0.100      3.326      1.5968e-01      2.1280e-02      3.3979e-03      2.2799e-03    7.583e-03     9.650e+01       2.74e-01    3.45e-02    572719 
    300.000     299.843         0.150      3.326      1.5968e-01      4.1925e-02      6.6943e-03      4.4654e-03    1.485e-02     4.927e+01       5.36e-01    6.75e-02    1119379 
    300.000     299.843         0.200      3.326      1.5968e-01      5.8876e-02      9.4010e-03      6.2574e-03    2.081e-02     3.516e+01       7.51e-01    9.46e-02    1611214 
    300.000     299.843         0.250      3.326      1.5968e-01      7.1576e-02      1.1429e-02      7.6015e-03    2.528e-02     2.894e+01       9.13e-01    1.15e-01    2023942 
    300.000     299.843         0.300      3.326      1.5968e-01      8.0623e-02      1.2874e-02      8.5558e-03    2.846e-02     2.571e+01       1.03e+00    1.29e-01    2367737 
    300.000     299.843         0.400      3.326      1.5968e-01      9.1091e-02      1.4545e-02      9.6538e-03    3.211e-02     2.279e+01       1.16e+00    1.46e-01    2885937 
    300.000     299.843         0.500      3.326      1.5968e-01      9.5398e-02      1.5233e-02      1.0098e-02    3.359e-02     2.179e+01       1.21e+00    1.53e-01    3247711 
    300.000     299.843         0.600      3.326      1.5968e-01      9.6267e-02      1.5372e-02      1.0175e-02    3.384e-02     2.162e+01       1.22e+00    1.54e-01    3504908 
    300.000     299.843         0.700      3.326      1.5968e-01      9.5582e-02      1.5262e-02      1.0089e-02    3.356e-02     2.181e+01       1.21e+00    1.53e-01    3698804 
    300.000     299.843         0.800      3.326      1.5968e-01      9.3542e-02      1.4936e-02      9.8618e-03    3.280e-02     2.231e+01       1.18e+00    1.49e-01    3841401 
    300.000     299.843         0.900      3.326      1.5968e-01      9.1076e-02      1.4543e-02      9.5901e-03    3.190e-02     2.294e+01       1.15e+00    1.45e-01    3953653 
    300.000     299.843         1.000      3.326      1.5968e-01      8.8597e-02      1.4147e-02      9.3160e-03    3.099e-02     2.362e+01       1.12e+00    1.41e-01    4041452 
    300.000     299.843         1.500      3.326      1.5968e-01      7.5407e-02      1.2041e-02      7.8889e-03    2.624e-02     2.789e+01       9.47e-01    1.19e-01    4285665 
    300.000     299.843         2.000      3.326      1.5968e-01      6.4584e-02      1.0312e-02      6.7312e-03    2.239e-02     3.268e+01       8.08e-01    1.02e-01    4387060 
    300.000     299.843         2.500      3.326      1.5968e-01      5.6285e-02      8.9873e-03      5.8516e-03    1.946e-02     3.760e+01       7.03e-01    8.85e-02    4437109 
    300.000     299.843         3.000      3.326      1.5968e-01      4.9817e-02      7.9546e-03      5.1680e-03    1.719e-02     4.257e+01       6.21e-01    7.81e-02    4461304 
    300.000     299.843         4.000      3.326      1.5968e-01      4.0362e-02      6.4449e-03      4.1737e-03    1.388e-02     5.271e+01       5.01e-01    6.31e-02    4485294 
    300.000     299.843         5.000      3.326      1.5968e-01      3.3926e-02      5.4171e-03      3.5002e-03    1.164e-02     6.285e+01       4.20e-01    5.29e-02    4493009 
    300.000     299.843         6.000      3.326      1.5968e-01      2.9192e-02      4.6612e-03      3.0081e-03    1.001e-02     7.314e+01       3.61e-01    4.55e-02    4494048 
    300.000     299.843         7.000      3.326      1.5968e-01      2.5674e-02      4.0994e-03      2.6423e-03    8.789e-03     8.326e+01       3.17e-01    3.99e-02    4494565 
    300.000     299.843         8.000      3.326      1.5968e-01      2.2883e-02      3.6539e-03      2.3536e-03    7.829e-03     9.347e+01       2.83e-01    3.56e-02    4493772 
    300.000     299.843         9.000      3.326      1.5968e-01      2.0689e-02      3.3036e-03      2.1268e-03    7.074e-03     1.034e+02       2.55e-01    3.22e-02    4492190 
    300.000     299.843         10.000     3.326      1.5968e-01      1.8835e-02      3.0074e-03      1.9341e-03    6.433e-03     1.137e+02       2.32e-01    2.92e-02    4489988 
    400.000     399.843         0.010      0.964      2.2575e-01      2.0174e-07      4.5543e-08      2.7596e-08    2.661e-08     7.972e+06       9.61e-07    1.21e-07    20 
    400.000     399.843         0.015      0.964      2.2575e-01      4.8921e-06      1.1044e-06      6.7014e-07    6.462e-07     3.283e+05       2.33e-05    2.94e-06    472 
    400.000     399.843         0.020      0.964      2.2575e-01      3.3274e-05      7.5115e-06      4.5220e-06    4.361e-06     4.865e+04       1.57e-04    1.98e-05    2600 
    400.000     399.843         0.025      0.964      2.2575e-01      1.1208e-04      2.5302e-05      1.4939e-05    1.441e-05     1.473e+04       5.20e-04    6.55e-05    7631 
    400.000     399.843         0.030      0.964      2.2575e-01      2.7980e-04      6.3164e-05      3.6733e-05    3.542e-05     5.989e+03       1.28e-03    1.61e-04    17311 
    400.000     399.843         0.040      0.964      2.2575e-01      9.7280e-04      2.1961e-04      1.2627e-04    1.218e-04     1.742e+03       4.40e-03    5.54e-04    54631 
    400.000     399.843         0.050      0.964      2.2575e-01      2.3016e-03      5.1958e-04      2.9627e-04    2.857e-04     7.426e+02       1.03e-02    1.30e-03    118045 
    400.000     399.843         0.060      0.964      2.2575e-01      4.2450e-03      9.5830e-04      5.4504e-04    5.256e-04     4.036e+02       1.90e-02    2.39e-03    206943 
    400.000     399.843         0.070      0.964      2.2575e-01      6.7735e-03      1.5291e-03      8.6700e-04    8.361e-04     2.537e+02       3.02e-02    3.80e-03    316659 
    400.000     399.843         0.080      0.964      2.2575e-01      9.7744e-03      2.2066e-03      1.2471e-03    1.203e-03     1.764e+02       4.34e-02    5.47e-03    443682 
    400.000     399.843         0.090      0.964      2.2575e-01      1.3159e-02      2.9708e-03      1.6771e-03    1.617e-03     1.312e+02       5.84e-02    7.35e-03    584832 
    400.000     399.843         0.100      0.964      2.2575e-01      1.6769e-02      3.7855e-03      2.1332e-03    2.057e-03     1.031e+02       7.43e-02    9.35e-03    734569 
    400.000     399.843         0.150      0.964      2.2575e-01      3.6039e-02      8.1358e-03      4.5722e-03    4.409e-03     4.812e+01       1.59e-01    2.00e-02    1535168 
    400.000     399.843         0.200      0.964      2.2575e-01      5.3256e-02      1.2023e-02      6.7549e-03    6.514e-03     3.257e+01       2.35e-01    2.96e-02    2295645 
    400.000     399.843         0.250      0.964      2.2575e-01      6.6777e-02      1.5075e-02      8.4672e-03    8.165e-03     2.598e+01       2.95e-01    3.71e-02    2955113 
    400.000     399.843         0.300      0.964      2.2575e-01      7.6949e-02      1.7371e-02      9.7580e-03    9.410e-03     2.255e+01       3.40e-01    4.28e-02    3516216 
    400.000     399.843         0.400      0.964      2.2575e-01      8.9582e-02      2.0223e-02      1.1354e-02    1.095e-02     1.938e+01       3.95e-01    4.98e-02    4385056 
    400.000     399.843         0.500      0.964      2.2575e-01      9.5483e-02      2.1555e-02      1.2094e-02    1.166e-02     1.819e+01       4.21e-01    5.30e-02    5001548 
    400.000     399.843         0.600      0.964      2.2575e-01      9.7754e-02      2.2068e-02      1.2371e-02    1.193e-02     1.778e+01       4.31e-01    5.42e-02    5454719 
    400.000     399.843         0.700      0.964      2.2575e-01      9.7898e-02      2.2100e-02      1.2375e-02    1.193e-02     1.778e+01       4.31e-01    5.42e-02    5794393 
    400.000     399.843         0.800      0.964      2.2575e-01      9.6662e-02      2.1822e-02      1.2206e-02    1.177e-02     1.802e+01       4.25e-01    5.35e-02    6053383 
    400.000     399.843         0.900      0.964      2.2575e-01      9.4876e-02      2.1418e-02      1.1963e-02    1.154e-02     1.839e+01       4.16e-01    5.24e-02    6257671 
    400.000     399.843         1.000      0.964      2.2575e-01      9.2588e-02      2.0902e-02      1.1662e-02    1.125e-02     1.887e+01       4.06e-01    5.11e-02    6420239 
    400.000     399.843         1.500      0.964      2.2575e-01      8.0140e-02      1.8092e-02      1.0041e-02    9.683e-03     2.191e+01       3.50e-01    4.40e-02    6874155 
    400.000     399.843         2.000      0.964      2.2575e-01      6.9476e-02      1.5684e-02      8.6705e-03    8.361e-03     2.537e+01       3.02e-01    3.80e-02    7072748 
    400.000     399.843         2.500      0.964      2.2575e-01      6.0863e-02      1.3740e-02      7.5741e-03    7.304e-03     2.905e+01       2.64e-01    3.32e-02    7171540 
    400.000     399.843         3.000      0.964      2.2575e-01      5.4134e-02      1.2221e-02      6.7196e-03    6.480e-03     3.274e+01       2.34e-01    2.95e-02    7228612 
    400.000     399.843         4.000      0.964      2.2575e-01      4.4106e-02      9.9568e-03      5.4568e-03    5.262e-03     4.032e+01       1.90e-01    2.39e-02    7277509 
    400.000     399.843         5.000      0.964      2.2575e-01      3.7168e-02      8.3907e-03      4.5875e-03    4.424e-03     4.796e+01       1.60e-01    2.01e-02    7297755 
    400.000     399.843         6.000      0.964      2.2575e-01      3.2061e-02      7.2378e-03      3.9508e-03    3.810e-03     5.569e+01       1.38e-01    1.73e-02    7304590 
    400.000     399.843         7.000      0.964      2.2575e-01      2.8325e-02      6.3944e-03      3.4862e-03    3.362e-03     6.311e+01       1.21e-01    1.53e-02    7309325 
    400.000     399.843         8.000      0.964      2.2575e-01      2.5258e-02      5.7021e-03      3.1064e-03    2.996e-03     7.082e+01       1.08e-01    1.36e-02    7308495 
    400.000     399.843         9.000      0.964      2.2575e-01      2.2804e-02      5.1480e-03      2.8013e-03    2.701e-03     7.853e+01       9.75e-02    1.23e-02    7306802 
    400.000     399.843         10.000     0.964      2.2575e-01      2.0789e-02      4.6932e-03      2.5524e-03    2.461e-03     8.619e+01       8.89e-02    1.12e-02    7304918 
    500.000     499.843         0.010      0.345      2.8911e-01      1.4412e-07      4.1667e-08      2.0323e-08    7.015e-09     1.083e+07       2.53e-07    3.19e-08    24 
    500.000     499.843         0.015      0.345      2.8911e-01      3.2049e-06      9.2655e-07      4.9078e-07    1.694e-07     4.483e+05       6.12e-06    7.70e-07    374 
    500.000     499.843         0.020      0.345      2.8911e-01      1.5696e-05      4.5377e-06      2.3359e-06    8.063e-07     9.418e+04       2.91e-05    3.67e-06    1866 
    500.000     499.843         0.025      0.345      2.8911e-01      6.3454e-05      1.8345e-05      9.5378e-06    3.292e-06     2.307e+04       1.19e-04    1.50e-05    6436 
    500.000     499.843         0.030      0.345      2.8911e-01      1.6390e-04      4.7385e-05      2.4457e-05    8.442e-06     8.995e+03       3.05e-04    3.84e-05    15593 
    500.000     499.843         0.040      0.345      2.8911e-01      6.3763e-04      1.8434e-04      9.4250e-05    3.253e-05     2.334e+03       1.17e-03    1.48e-04    52434 
    500.000     499.843         0.050      0.345      2.8911e-01      1.6000e-03      4.6258e-04      2.3338e-04    8.056e-05     9.427e+02       2.91e-03    3.66e-04    120925 
    500.000     499.843         0.060      0.345      2.8911e-01      3.0967e-03      8.9526e-04      4.4893e-04    1.550e-04     4.901e+02       5.59e-03    7.04e-04    219409 
    500.000     499.843         0.070      0.345      2.8911e-01      5.1626e-03      1.4925e-03      7.4602e-04    2.575e-04     2.949e+02       9.30e-03    1.17e-03    348692 
    500.000     499.843         0.080      0.345      2.8911e-01      7.6850e-03      2.2218e-03      1.1065e-03    3.819e-04     1.988e+02       1.38e-02    1.74e-03    499948 
    500.000     499.843         0.090      0.345      2.8911e-01      1.0570e-02      3.0558e-03      1.5195e-03    5.245e-04     1.448e+02       1.89e-02    2.38e-03    670854 
    500.000     499.843         0.100      0.345      2.8911e-01      1.3783e-02      3.9848e-03      1.9786e-03    6.829e-04     1.112e+02       2.47e-02    3.10e-03    855437 
    500.000     499.843         0.150      0.345      2.8911e-01      3.1665e-02      9.1545e-03      4.5311e-03    1.564e-03     4.855e+01       5.65e-02    7.11e-03    1883270 
    500.000     499.843         0.200      0.345      2.8911e-01      4.8640e-02      1.4062e-02      6.9560e-03    2.401e-03     3.163e+01       8.67e-02    1.09e-02    2902910 
    500.000     499.843         0.250      0.345      2.8911e-01      6.2697e-02      1.8126e-02      8.9690e-03    3.096e-03     2.453e+01       1.12e-01    1.41e-02    3811436 
    500.000     499.843         0.300      0.345      2.8911e-01      7.3552e-02      2.1264e-02      1.0525e-02    3.633e-03     2.090e+01       1.31e-01    1.65e-02    4594782 
    500.000     499.843         0.400      0.345      2.8911e-01      8.7799e-02      2.5383e-02      1.2563e-02    4.336e-03     1.751e+01       1.57e-01    1.97e-02    5831010 
    500.000     499.843         0.500      0.345      2.8911e-01      9.5337e-02      2.7562e-02      1.3636e-02    4.707e-03     1.613e+01       1.70e-01    2.14e-02    6739824 
    500.000     499.843         0.600      0.345      2.8911e-01      9.8702e-02      2.8535e-02      1.4105e-02    4.869e-03     1.560e+01       1.76e-01    2.21e-02    7405448 
    500.000     499.843         0.700      0.345      2.8911e-01      9.9687e-02      2.8820e-02      1.4234e-02    4.913e-03     1.546e+01       1.77e-01    2.23e-02    7909222 
    500.000     499.843         0.800      0.345      2.8911e-01      9.9163e-02      2.8669e-02      1.4144e-02    4.882e-03     1.555e+01       1.76e-01    2.22e-02    8299324 
    500.000     499.843         0.900      0.345      2.8911e-01      9.7734e-02      2.8255e-02      1.3923e-02    4.806e-03     1.580e+01       1.73e-01    2.18e-02    8601568 
    500.000     499.843         1.000      0.345      2.8911e-01      9.5846e-02      2.7710e-02      1.3640e-02    4.708e-03     1.613e+01       1.70e-01    2.14e-02    8846256 
    500.000     499.843         1.500      0.345      2.8911e-01      8.4050e-02      2.4299e-02      1.1903e-02    4.109e-03     1.848e+01       1.48e-01    1.87e-02    9542868 
    500.000     499.843         2.000      0.345      2.8911e-01      7.3277e-02      2.1185e-02      1.0336e-02    3.568e-03     2.128e+01       1.29e-01    1.62e-02    9844323 
    500.000     499.843         2.500      0.345      2.8911e-01      6.4554e-02      1.8663e-02      9.0803e-03    3.134e-03     2.423e+01       1.13e-01    1.42e-02    9994251 
    500.000     499.843         3.000      0.345      2.8911e-01      5.7487e-02      1.6620e-02      8.0676e-03    2.785e-03     2.727e+01       1.01e-01    1.27e-02    10078913 
    500.000     499.843         4.000      0.345      2.8911e-01      4.7016e-02      1.3593e-02      6.5744e-03    2.269e-03     3.346e+01       8.19e-02    1.03e-02    10155361 
    500.000     499.843         5.000      0.345      2.8911e-01      3.9760e-02      1.1495e-02      5.5482e-03    1.915e-03     3.965e+01       6.91e-02    8.70e-03    10186354 
    500.000     499.843         6.000      0.345      2.8911e-01      3.4403e-02      9.9462e-03      4.7927e-03    1.654e-03     4.590e+01       5.97e-02    7.52e-03    10198684 
    500.000     499.843         7.000      0.345      2.8911e-01      3.0351e-02      8.7745e-03      4.2210e-03    1.457e-03     5.212e+01       5.26e-02    6.62e-03    10202672 
    500.000     499.843         8.000      0.345      2.8911e-01      2.7103e-02      7.8355e-03      3.7653e-03    1.300e-03     5.843e+01       4.69e-02    5.91e-03    10204155 
    500.000     499.843         9.000      0.345      2.8911e-01      2.4495e-02      7.0816e-03      3.4017e-03    1.174e-03     6.467e+01       4.24e-02    5.34e-03    10199918 
    500.000     499.843         10.000     0.345      2.8911e-01      2.2336e-02      6.4573e-03      3.0998e-03    1.070e-03     7.097e+01       3.86e-02    4.86e-03    10196013 
    600.000     599.843         0.010      0.141      3.5901e-01      1.4646e-07      5.2579e-08      2.3539e-08    3.314e-09     9.346e+06       1.20e-07    1.51e-08    1 
    600.000     599.843         0.015      0.141      3.5901e-01      5.3133e-07      1.9075e-07      1.5311e-07    2.156e-08     1.437e+06       7.78e-07    9.80e-08    18 
    600.000     599.843         0.020      0.141      3.5901e-01      8.9608e-06      3.2170e-06      1.4744e-06    2.076e-07     1.492e+05       7.49e-06    9.44e-07    143 
    600.000     599.843         0.025      0.141      3.5901e-01      3.1055e-05      1.1149e-05      5.3072e-06    7.473e-07     4.145e+04       2.70e-05    3.40e-06    510 
    600.000     599.843         0.030      0.141      3.5901e-01      1.0777e-04      3.8691e-05      1.8712e-05    2.635e-06     1.176e+04       9.51e-05    1.20e-05    1376 
    600.000     599.843         0.040      0.141      3.5901e-01      4.3834e-04      1.5737e-04      7.1200e-05    1.003e-05     3.090e+03       3.62e-04    4.56e-05    5118 
    600.000     599.843         0.050      0.141      3.5901e-01      1.1862e-03      4.2585e-04      1.9525e-04    2.749e-05     1.127e+03       9.92e-04    1.25e-04    12415 
    600.000     599.843         0.060      0.141      3.5901e-01      2.4123e-03      8.6602e-04      3.9318e-04    5.536e-05     5.595e+02       2.00e-03    2.52e-04    23263 
    600.000     599.843         0.070      0.141      3.5901e-01      4.1893e-03      1.5040e-03      6.7895e-04    9.560e-05     3.240e+02       3.45e-03    4.35e-04    38149 
    600.000     599.843         0.080      0.141      3.5901e-01      6.3254e-03      2.2709e-03      1.0230e-03    1.440e-04     2.151e+02       5.20e-03    6.55e-04    55682 
    600.000     599.843         0.090      0.141      3.5901e-01      8.9840e-03      3.2253e-03      1.4382e-03    2.025e-04     1.530e+02       7.31e-03    9.20e-04    76268 
    600.000     599.843         0.100      0.141      3.5901e-01      1.1788e-02      4.2322e-03      1.8933e-03    2.666e-04     1.162e+02       9.62e-03    1.21e-03    98268 
    600.000     599.843         0.150      0.141      3.5901e-01      2.8894e-02      1.0373e-02      4.6020e-03    6.480e-04     4.781e+01       2.34e-02    2.95e-03    226541 
    600.000     599.843         0.200      0.141      3.5901e-01      4.5651e-02      1.6389e-02      7.2503e-03    1.021e-03     3.034e+01       3.69e-02    4.64e-03    356129 
    600.000     599.843         0.250      0.141      3.5901e-01      5.9836e-02      2.1482e-02      9.4978e-03    1.337e-03     2.316e+01       4.83e-02    6.08e-03    473750 
    600.000     599.843         0.300      0.141      3.5901e-01      7.1353e-02      2.5616e-02      1.1330e-02    1.595e-03     1.942e+01       5.76e-02    7.25e-03    577871 
    600.000     599.843         0.400      0.141      3.5901e-01      8.6554e-02      3.1074e-02      1.3740e-02    1.935e-03     1.601e+01       6.98e-02    8.79e-03    741712 
    600.000     599.843         0.500      0.141      3.5901e-01      9.5144e-02      3.4157e-02      1.5094e-02    2.125e-03     1.458e+01       7.67e-02    9.66e-03    864366 
    600.000     599.843         0.600      0.141      3.5901e-01      9.8994e-02      3.5540e-02      1.5684e-02    2.208e-03     1.403e+01       7.97e-02    1.00e-02    954402 
    600.000     599.843         0.700      0.141      3.5901e-01      1.0089e-01      3.6219e-02      1.5986e-02    2.251e-03     1.376e+01       8.13e-02    1.02e-02    1025494 
    600.000     599.843         0.800      0.141      3.5901e-01      1.0106e-01      3.6283e-02      1.5993e-02    2.252e-03     1.376e+01       8.13e-02    1.02e-02    1079404 
    600.000     599.843         0.900      0.141      3.5901e-01      9.9762e-02      3.5815e-02      1.5780e-02    2.222e-03     1.394e+01       8.02e-02    1.01e-02    1120346 
    600.000     599.843         1.000      0.141      3.5901e-01      9.8084e-02      3.5213e-02      1.5485e-02    2.180e-03     1.421e+01       7.87e-02    9.91e-03    1153844 
    600.000     599.843         1.500      0.141      3.5901e-01      8.6981e-02      3.1227e-02      1.3665e-02    1.924e-03     1.610e+01       6.95e-02    8.75e-03    1253063 
    600.000     599.843         2.000      0.141      3.5901e-01      7.6385e-02      2.7423e-02      1.1974e-02    1.686e-03     1.837e+01       6.09e-02    7.66e-03    1296701 
    600.000     599.843         2.500      0.141      3.5901e-01      6.7203e-02      2.4126e-02      1.0494e-02    1.478e-03     2.096e+01       5.33e-02    6.72e-03    1317660 
    600.000     599.843         3.000      0.141      3.5901e-01      6.0158e-02      2.1597e-02      9.3822e-03    1.321e-03     2.345e+01       4.77e-02    6.00e-03    1331432 
    600.000     599.843         4.000      0.141      3.5901e-01      4.9438e-02      1.7748e-02      7.6913e-03    1.083e-03     2.860e+01       3.91e-02    4.92e-03    1342150 
    600.000     599.843         5.000      0.141      3.5901e-01      4.1857e-02      1.5027e-02      6.5016e-03    9.154e-04     3.384e+01       3.30e-02    4.16e-03    1347178 
    600.000     599.843         6.000      0.141      3.5901e-01      3.6237e-02      1.3009e-02      5.6079e-03    7.896e-04     3.923e+01       2.85e-02    3.59e-03    1349845 
    600.000     599.843         7.000      0.141      3.5901e-01      3.2012e-02      1.1492e-02      4.9531e-03    6.974e-04     4.442e+01       2.52e-02    3.17e-03    1350529 
    600.000     599.843         8.000      0.141      3.5901e-01      2.8684e-02      1.0298e-02      4.4340e-03    6.243e-04     4.962e+01       2.25e-02    2.84e-03    1350636 
    600.000     599.843         9.000      0.141      3.5901e-01      2.5974e-02      9.3249e-03      4.0179e-03    5.657e-04     5.476e+01       2.04e-02    2.57e-03    1351223 
    600.000     599.843         10.000      0.141      3.5901e-01      2.3579e-02      8.4651e-03      3.6384e-03    5.123e-04     6.047e+01       1.85e-02    2.33e-03    1350693 
 
