 C_Mass(GeV)   N_Mass(GeV)    tau(ns)    Init_xs(fb)     EAxEE          TAxTE         EAxEExTAxTE      total_eff     xs100(fb)     xslim(fb)         Ntr          r       MCev 
    90.678     90.505         0.010      15635.443      5.3132e-02      2.6085e-05      1.3859e-06      6.1366e-07    9.595e-03     3.585e+05       3.46e-01    4.36e-02    289 
    90.678     90.505         0.015      15635.443      5.3132e-02      1.6328e-04      8.6754e-06      3.9426e-06    6.164e-02     5.580e+04       2.23e+00    2.80e-01    1640 
    90.678     90.505         0.020      15635.443      5.3132e-02      5.1451e-04      2.7337e-05      1.2696e-05    1.985e-01     1.733e+04       7.17e+00    9.02e-01    4742 
    90.678     90.505         0.025      15635.443      5.3132e-02      1.1199e-03      5.9500e-05      2.8128e-05    4.398e-01     7.821e+03       1.59e+01    2.00e+00    9925 
    90.678     90.505         0.030      15635.443      5.3132e-02      1.9918e-03      1.0583e-04      5.0484e-05    7.893e-01     4.358e+03       2.85e+01    3.59e+00    17048 
    90.678     90.505         0.040      15635.443      5.3132e-02      4.4818e-03      2.3813e-04      1.1461e-04    1.792e+00     1.919e+03       6.47e+01    8.15e+00    37061 
    90.678     90.505         0.050      15635.443      5.3132e-02      7.9421e-03      4.2198e-04      2.0322e-04    3.177e+00     1.083e+03       1.15e+02    1.44e+01    63969 
    90.678     90.505         0.060      15635.443      5.3132e-02      1.2230e-02      6.4982e-04      3.1320e-04    4.897e+00     7.024e+02       1.77e+02    2.23e+01    96846 
    90.678     90.505         0.070      15635.443      5.3132e-02      1.6698e-02      8.8721e-04      4.2738e-04    6.682e+00     5.148e+02       2.41e+02    3.04e+01    130827 
    90.678     90.505         0.080      15635.443      5.3132e-02      2.1414e-02      1.1378e-03      5.4690e-04    8.551e+00     4.023e+02       3.09e+02    3.89e+01    166728 
    90.678     90.505         0.090      15635.443      5.3132e-02      2.6123e-02      1.3880e-03      6.6598e-04    1.041e+01     3.303e+02       3.76e+02    4.73e+01    203065 
    90.678     90.505         0.100      15635.443      5.3132e-02      3.0802e-02      1.6366e-03      7.8397e-04    1.226e+01     2.806e+02       4.43e+02    5.57e+01    239057 
    90.678     90.505         0.150      15635.443      5.3132e-02      5.0991e-02      2.7093e-03      1.2841e-03    2.008e+01     1.713e+02       7.25e+02    9.13e+01    404554 
    90.678     90.505         0.200      15635.443      5.3132e-02      6.5028e-02      3.4551e-03      1.6208e-03    2.534e+01     1.357e+02       9.15e+02    1.15e+02    535547 
    90.678     90.505         0.250      15635.443      5.3132e-02      7.4017e-02      3.9327e-03      1.8295e-03    2.860e+01     1.203e+02       1.03e+03    1.30e+02    636376 
    90.678     90.505         0.300      15635.443      5.3132e-02      7.9640e-02      4.2314e-03      1.9567e-03    3.059e+01     1.124e+02       1.10e+03    1.39e+02    715366 
    90.678     90.505         0.400      15635.443      5.3132e-02      8.4803e-02      4.5057e-03      2.0596e-03    3.220e+01     1.068e+02       1.16e+03    1.46e+02    827871 
    90.678     90.505         0.500      15635.443      5.3132e-02      8.5431e-02      4.5391e-03      2.0576e-03    3.217e+01     1.069e+02       1.16e+03    1.46e+02    901136 
    90.678     90.505         0.600      15635.443      5.3132e-02      8.4127e-02      4.4698e-03      2.0162e-03    3.152e+01     1.091e+02       1.14e+03    1.43e+02    951264 
    90.678     90.505         0.700      15635.443      5.3132e-02      8.1603e-02      4.3357e-03      1.9445e-03    3.040e+01     1.131e+02       1.10e+03    1.38e+02    987738 
    90.678     90.505         0.800      15635.443      5.3132e-02      7.8941e-02      4.1943e-03      1.8734e-03    2.929e+01     1.174e+02       1.06e+03    1.33e+02    1014134 
    90.678     90.505         0.900      15635.443      5.3132e-02      7.5762e-02      4.0254e-03      1.7929e-03    2.803e+01     1.227e+02       1.01e+03    1.27e+02    1032151 
    90.678     90.505         1.000      15635.443      5.3132e-02      7.3079e-02      3.8829e-03      1.7235e-03    2.695e+01     1.276e+02       9.73e+02    1.22e+02    1048304 
    90.678     90.505         1.500      15635.443      5.3132e-02      6.0171e-02      3.1970e-03      1.4053e-03    2.197e+01     1.566e+02       7.93e+02    9.99e+01    1088616 
    90.678     90.505         2.000      15635.443      5.3132e-02      5.0694e-02      2.6935e-03      1.1770e-03    1.840e+01     1.869e+02       6.64e+02    8.37e+01    1104086 
    90.678     90.505         2.500      15635.443      5.3132e-02      4.3594e-02      2.3162e-03      1.0090e-03    1.578e+01     2.180e+02       5.69e+02    7.17e+01    1111127 
    90.678     90.505         3.000      15635.443      5.3132e-02      3.8344e-02      2.0373e-03      8.8625e-04    1.386e+01     2.482e+02       5.00e+02    6.30e+01    1113410 
    90.678     90.505         4.000      15635.443      5.3132e-02      3.0731e-02      1.6328e-03      7.0760e-04    1.106e+01     3.109e+02       3.99e+02    5.03e+01    1115614 
    90.678     90.505         5.000      15635.443      5.3132e-02      2.5755e-02      1.3684e-03      5.9117e-04    9.243e+00     3.721e+02       3.34e+02    4.20e+01    1116164 
    90.678     90.505         6.000      15635.443      5.3132e-02      2.1968e-02      1.1672e-03      5.0419e-04    7.883e+00     4.363e+02       2.85e+02    3.58e+01    1116147 
    90.678     90.505         7.000      15635.443      5.3132e-02      1.9190e-02      1.0196e-03      4.3988e-04    6.878e+00     5.001e+02       2.48e+02    3.13e+01    1115527 
    90.678     90.505         8.000      15635.443      5.3132e-02      1.7169e-02      9.1223e-04      3.9382e-04    6.158e+00     5.586e+02       2.22e+02    2.80e+01    1114726 
    90.678     90.505         9.000      15635.443      5.3132e-02      1.5389e-02      8.1766e-04      3.5261e-04    5.513e+00     6.239e+02       1.99e+02    2.51e+01    1115122 
    90.678     90.505         10.000     15635.443      5.3132e-02      1.4087e-02      7.4848e-04      3.2202e-04    5.035e+00     6.832e+02       1.82e+02    2.29e+01    1114057 
    199.716     199.544         0.010      801.146      1.5896e-01      2.3648e-06      3.7591e-07      1.3620e-07    1.091e-04     1.615e+06       3.94e-03    4.96e-04    132 
    199.716     199.544         0.015      801.146      1.5896e-01      2.2305e-05      3.5455e-06      1.3421e-06    1.075e-03     1.639e+05       3.88e-02    4.89e-03    963 
    199.716     199.544         0.020      801.146      1.5896e-01      8.8445e-05      1.4059e-05      5.3645e-06    4.298e-03     4.101e+04       1.55e-01    1.95e-02    3460 
    199.716     199.544         0.025      801.146      1.5896e-01      2.1636e-04      3.4393e-05      1.3338e-05    1.069e-02     1.649e+04       3.86e-01    4.86e-02    8061 
    199.716     199.544         0.030      801.146      1.5896e-01      4.6780e-04      7.4362e-05      2.8978e-05    2.322e-02     7.592e+03       8.38e-01    1.06e-01    16517 
    199.716     199.544         0.040      801.146      1.5896e-01      1.3254e-03      2.1068e-04      8.2678e-05    6.624e-02     2.661e+03       2.39e+00    3.01e-01    43575 
    199.716     199.544         0.050      801.146      1.5896e-01      2.7662e-03      4.3971e-04      1.7313e-04    1.387e-01     1.271e+03       5.01e+00    6.30e-01    85688 
    199.716     199.544         0.060      801.146      1.5896e-01      4.7685e-03      7.5799e-04      2.9931e-04    2.398e-01     7.350e+02       8.66e+00    1.09e+00    142339 
    199.716     199.544         0.070      801.146      1.5896e-01      7.1814e-03      1.1416e-03      4.5165e-04    3.618e-01     4.871e+02       1.31e+01    1.64e+00    209787 
    199.716     199.544         0.080      801.146      1.5896e-01      9.9841e-03      1.5871e-03      6.2834e-04    5.034e-01     3.501e+02       1.82e+01    2.29e+00    286376 
    199.716     199.544         0.090      801.146      1.5896e-01      1.3060e-02      2.0760e-03      8.2310e-04    6.594e-01     2.673e+02       2.38e+01    3.00e+00    370007 
    199.716     199.544         0.100      801.146      1.5896e-01      1.6254e-02      2.5838e-03      1.0248e-03    8.211e-01     2.147e+02       2.96e+01    3.73e+00    456970 
    199.716     199.544         0.150      801.146      1.5896e-01      3.2820e-02      5.2171e-03      2.0770e-03    1.664e+00     1.059e+02       6.01e+01    7.56e+00    917413 
    199.716     199.544         0.200      801.146      1.5896e-01      4.7417e-02      7.5375e-03      3.0057e-03    2.408e+00     7.319e+01       8.69e+01    1.09e+01    1352300 
    199.716     199.544         0.250      801.146      1.5896e-01      5.8966e-02      9.3733e-03      3.7449e-03    3.000e+00     5.875e+01       1.08e+02    1.36e+01    1731385 
    199.716     199.544         0.300      801.146      1.5896e-01      6.7767e-02      1.0772e-02      4.3045e-03    3.449e+00     5.111e+01       1.24e+02    1.57e+01    2054582 
    199.716     199.544         0.400      801.146      1.5896e-01      7.8937e-02      1.2548e-02      5.0141e-03    4.017e+00     4.388e+01       1.45e+02    1.83e+01    2559864 
    199.716     199.544         0.500      801.146      1.5896e-01      8.4659e-02      1.3457e-02      5.3721e-03    4.304e+00     4.095e+01       1.55e+02    1.96e+01    2924355 
    199.716     199.544         0.600      801.146      1.5896e-01      8.7109e-02      1.3847e-02      5.5195e-03    4.422e+00     3.986e+01       1.60e+02    2.01e+01    3195859 
    199.716     199.544         0.700      801.146      1.5896e-01      8.7679e-02      1.3937e-02      5.5445e-03    4.442e+00     3.968e+01       1.60e+02    2.02e+01    3401822 
    199.716     199.544         0.800      801.146      1.5896e-01      8.7069e-02      1.3840e-02      5.4968e-03    4.404e+00     4.002e+01       1.59e+02    2.00e+01    3560882 
    199.716     199.544         0.900      801.146      1.5896e-01      8.5711e-02      1.3625e-02      5.4034e-03    4.329e+00     4.072e+01       1.56e+02    1.97e+01    3683221 
    199.716     199.544         1.000      801.146      1.5896e-01      8.4012e-02      1.3355e-02      5.2863e-03    4.235e+00     4.162e+01       1.53e+02    1.93e+01    3784331 
    199.716     199.544         1.500      801.146      1.5896e-01      7.4058e-02      1.1772e-02      4.6270e-03    3.707e+00     4.755e+01       1.34e+02    1.68e+01    4073672 
    199.716     199.544         2.000      801.146      1.5896e-01      6.4994e-02      1.0331e-02      4.0417e-03    3.238e+00     5.443e+01       1.17e+02    1.47e+01    4202267 
    199.716     199.544         2.500      801.146      1.5896e-01      5.7339e-02      9.1146e-03      3.5513e-03    2.845e+00     6.195e+01       1.03e+02    1.29e+01    4266076 
    199.716     199.544         3.000      801.146      1.5896e-01      5.1358e-02      8.1639e-03      3.1728e-03    2.542e+00     6.934e+01       9.18e+01    1.16e+01    4304023 
    199.716     199.544         4.000      801.146      1.5896e-01      4.2236e-02      6.7138e-03      2.5989e-03    2.082e+00     8.465e+01       7.52e+01    9.46e+00    4338671 
    199.716     199.544         5.000      801.146      1.5896e-01      3.5769e-02      5.6858e-03      2.1946e-03    1.758e+00     1.002e+02       6.35e+01    7.99e+00    4353086 
    199.716     199.544         6.000      801.146      1.5896e-01      3.1127e-02      4.9479e-03      1.9061e-03    1.527e+00     1.154e+02       5.51e+01    6.94e+00    4359107 
    199.716     199.544         7.000      801.146      1.5896e-01      2.7448e-02      4.3631e-03      1.6782e-03    1.344e+00     1.311e+02       4.85e+01    6.11e+00    4359277 
    199.716     199.544         8.000      801.146      1.5896e-01      2.4609e-02      3.9119e-03      1.5029e-03    1.204e+00     1.464e+02       4.35e+01    5.47e+00    4360040 
    199.716     199.544         9.000      801.146      1.5896e-01      2.2182e-02      3.5261e-03      1.3547e-03    1.085e+00     1.624e+02       3.92e+01    4.93e+00    4358869 
    199.716     199.544         10.000     801.146      1.5896e-01      2.0320e-02      3.2301e-03      1.2390e-03    9.927e-01     1.776e+02       3.58e+01    4.51e+00    4357571 
    299.822     299.650         0.010      160.192      1.4984e-01      6.2602e-08      9.3805e-09      5.6595e-09    9.066e-07     3.887e+07       3.27e-05    4.12e-06    5 
    299.822     299.650         0.015      160.192      1.4984e-01      1.7292e-06      2.5911e-07      1.6072e-07    2.575e-05     1.369e+06       9.29e-04    1.17e-04    97 
    299.822     299.650         0.020      160.192      1.4984e-01      1.7025e-05      2.5511e-06      1.5510e-06    2.485e-04     1.418e+05       8.97e-03    1.13e-03    757 
    299.822     299.650         0.025      160.192      1.4984e-01      6.1581e-05      9.2275e-06      5.5602e-06    8.907e-04     3.957e+04       3.22e-02    4.05e-03    2270 
    299.822     299.650         0.030      160.192      1.4984e-01      1.5824e-04      2.3712e-05      1.4304e-05    2.291e-03     1.538e+04       8.27e-02    1.04e-02    5456 
    299.822     299.650         0.040      160.192      1.4984e-01      5.9118e-04      8.8585e-05      5.2831e-05    8.463e-03     4.164e+03       3.06e-01    3.85e-02    18084 
    299.822     299.650         0.050      160.192      1.4984e-01      1.4389e-03      2.1561e-04      1.2820e-04    2.054e-02     1.716e+03       7.41e-01    9.33e-02    40278 
    299.822     299.650         0.060      160.192      1.4984e-01      2.7049e-03      4.0530e-04      2.4049e-04    3.852e-02     9.148e+02       1.39e+00    1.75e-01    72349 
    299.822     299.650         0.070      160.192      1.4984e-01      4.4063e-03      6.6026e-04      3.9012e-04    6.249e-02     5.639e+02       2.26e+00    2.84e-01    113627 
    299.822     299.650         0.080      160.192      1.4984e-01      6.3903e-03      9.5754e-04      5.6536e-04    9.057e-02     3.891e+02       3.27e+00    4.12e-01    160910 
    299.822     299.650         0.090      160.192      1.4984e-01      8.7154e-03      1.3059e-03      7.6942e-04    1.233e-01     2.859e+02       4.45e+00    5.60e-01    216165 
    299.822     299.650         0.100      160.192      1.4984e-01      1.1283e-02      1.6907e-03      9.9532e-04    1.594e-01     2.210e+02       5.76e+00    7.25e-01    274835 
    299.822     299.650         0.150      160.192      1.4984e-01      2.5615e-02      3.8383e-03      2.2548e-03    3.612e-01     9.757e+01       1.30e+01    1.64e+00    607451 
    299.822     299.650         0.200      160.192      1.4984e-01      3.9581e-02      5.9309e-03      3.4838e-03    5.581e-01     6.315e+01       2.01e+01    2.54e+00    946256 
    299.822     299.650         0.250      160.192      1.4984e-01      5.1550e-02      7.7245e-03      4.5386e-03    7.270e-01     4.847e+01       2.62e+01    3.30e+00    1257614 
    299.822     299.650         0.300      160.192      1.4984e-01      6.1166e-02      9.1653e-03      5.3877e-03    8.631e-01     4.083e+01       3.12e+01    3.92e+00    1530937 
    299.822     299.650         0.400      160.192      1.4984e-01      7.4769e-02      1.1204e-02      6.5865e-03    1.055e+00     3.340e+01       3.81e+01    4.80e+00    1979634 
    299.822     299.650         0.500      160.192      1.4984e-01      8.2786e-02      1.2405e-02      7.2947e-03    1.169e+00     3.016e+01       4.22e+01    5.31e+00    2318336 
    299.822     299.650         0.600      160.192      1.4984e-01      8.7193e-02      1.3065e-02      7.6781e-03    1.230e+00     2.865e+01       4.44e+01    5.59e+00    2577824 
    299.822     299.650         0.700      160.192      1.4984e-01      8.9151e-02      1.3359e-02      7.8453e-03    1.257e+00     2.804e+01       4.54e+01    5.71e+00    2779457 
    299.822     299.650         0.800      160.192      1.4984e-01      8.9909e-02      1.3472e-02      7.9058e-03    1.266e+00     2.783e+01       4.57e+01    5.76e+00    2937626 
    299.822     299.650         0.900      160.192      1.4984e-01      8.9507e-02      1.3412e-02      7.8629e-03    1.260e+00     2.798e+01       4.55e+01    5.73e+00    3065984 
    299.822     299.650         1.000      160.192      1.4984e-01      8.8674e-02      1.3287e-02      7.7820e-03    1.247e+00     2.827e+01       4.50e+01    5.67e+00    3170681 
    299.822     299.650         1.500      160.192      1.4984e-01      8.0517e-02      1.2065e-02      7.0337e-03    1.127e+00     3.128e+01       4.07e+01    5.12e+00    3482250 
    299.822     299.650         2.000      160.192      1.4984e-01      7.1766e-02      1.0754e-02      6.2471e-03    1.001e+00     3.522e+01       3.61e+01    4.55e+00    3626640 
    299.822     299.650         2.500      160.192      1.4984e-01      6.4113e-02      9.6069e-03      5.5641e-03    8.913e-01     3.954e+01       3.22e+01    4.05e+00    3703191 
    299.822     299.650         3.000      160.192      1.4984e-01      5.7707e-02      8.6470e-03      4.9955e-03    8.002e-01     4.404e+01       2.89e+01    3.64e+00    3748113 
    299.822     299.650         4.000      160.192      1.4984e-01      4.8021e-02      7.1956e-03      4.1431e-03    6.637e-01     5.310e+01       2.40e+01    3.02e+00    3792255 
    299.822     299.650         5.000      160.192      1.4984e-01      4.1149e-02      6.1658e-03      3.5417e-03    5.674e-01     6.212e+01       2.05e+01    2.58e+00    3814230 
    299.822     299.650         6.000      160.192      1.4984e-01      3.5782e-02      5.3617e-03      3.0724e-03    4.922e-01     7.161e+01       1.78e+01    2.24e+00    3822540 
    299.822     299.650         7.000      160.192      1.4984e-01      3.1803e-02      4.7654e-03      2.7283e-03    4.370e-01     8.064e+01       1.58e+01    1.99e+00    3827800 
    299.822     299.650         8.000      160.192      1.4984e-01      2.8543e-02      4.2769e-03      2.4469e-03    3.920e-01     8.991e+01       1.42e+01    1.78e+00    3830825 
    299.822     299.650         9.000      160.192      1.4984e-01      2.5834e-02      3.8710e-03      2.2119e-03    3.543e-01     9.946e+01       1.28e+01    1.61e+00    3831630 
    299.822     299.650         10.000     160.192      1.4984e-01      2.3677e-02      3.5478e-03      2.0253e-03    3.244e-01     1.086e+02       1.17e+01    1.47e+00    3831266 
    400.268     400.096         0.010      47.913      2.2095e-01      3.6547e-08      8.0751e-09      3.8658e-09    1.852e-07     5.691e+07       6.69e-06    8.42e-07    3 
    400.268     400.096         0.015      47.913      2.2095e-01      9.8916e-07      2.1856e-07      1.2030e-07    5.764e-06     1.829e+06       2.08e-04    2.62e-05    109 
    400.268     400.096         0.020      47.913      2.2095e-01      8.5142e-06      1.8812e-06      1.0133e-06    4.855e-05     2.171e+05       1.75e-03    2.21e-04    668 
    400.268     400.096         0.025      47.913      2.2095e-01      3.2898e-05      7.2688e-06      3.8487e-06    1.844e-04     5.716e+04       6.66e-03    8.38e-04    2245 
    400.268     400.096         0.030      47.913      2.2095e-01      8.9361e-05      1.9745e-05      1.0429e-05    4.997e-04     2.109e+04       1.80e-02    2.27e-03    5609 
    400.268     400.096         0.040      47.913      2.2095e-01      3.6089e-04      7.9740e-05      4.2177e-05    2.021e-03     5.216e+03       7.30e-02    9.19e-03    19669 
    400.268     400.096         0.050      47.913      2.2095e-01      9.2685e-04      2.0479e-04      1.0865e-04    5.206e-03     2.025e+03       1.88e-01    2.37e-02    46254 
    400.268     400.096         0.060      47.913      2.2095e-01      1.8067e-03      3.9918e-04      2.1113e-04    1.012e-02     1.042e+03       3.65e-01    4.60e-02    85156 
    400.268     400.096         0.070      47.913      2.2095e-01      3.0078e-03      6.6458e-04      3.5193e-04    1.686e-02     6.251e+02       6.09e-01    7.66e-02    135911 
    400.268     400.096         0.080      47.913      2.2095e-01      4.5517e-03      1.0057e-03      5.3171e-04    2.548e-02     4.138e+02       9.20e-01    1.16e-01    198817 
    400.268     400.096         0.090      47.913      2.2095e-01      6.3322e-03      1.3991e-03      7.4011e-04    3.546e-02     2.973e+02       1.28e+00    1.61e-01    271404 
    400.268     400.096         0.100      47.913      2.2095e-01      8.3840e-03      1.8525e-03      9.7968e-04    4.694e-02     2.246e+02       1.69e+00    2.13e-01    352479 
    400.268     400.096         0.150      47.913      2.2095e-01      2.0664e-02      4.5658e-03      2.4161e-03    1.158e-01     9.105e+01       4.18e+00    5.26e-01    830606 
    400.268     400.096         0.200      47.913      2.2095e-01      3.3600e-02      7.4241e-03      3.9342e-03    1.885e-01     5.592e+01       6.80e+00    8.57e-01    1345183 
    400.268     400.096         0.250      47.913      2.2095e-01      4.5373e-02      1.0025e-02      5.3208e-03    2.549e-01     4.135e+01       9.20e+00    1.16e+00    1838095 
    400.268     400.096         0.300      47.913      2.2095e-01      5.5460e-02      1.2254e-02      6.5126e-03    3.120e-01     3.378e+01       1.13e+01    1.42e+00    2288030 
    400.268     400.096         0.400      47.913      2.2095e-01      7.0223e-02      1.5516e-02      8.2609e-03    3.958e-01     2.663e+01       1.43e+01    1.80e+00    3037366 
    400.268     400.096         0.500      47.913      2.2095e-01      7.9760e-02      1.7623e-02      9.3928e-03    4.500e-01     2.342e+01       1.62e+01    2.05e+00    3624006 
    400.268     400.096         0.600      47.913      2.2095e-01      8.5454e-02      1.8881e-02      1.0069e-02    4.824e-01     2.185e+01       1.74e+01    2.19e+00    4078150 
    400.268     400.096         0.700      47.913      2.2095e-01      8.8819e-02      1.9625e-02      1.0464e-02    5.014e-01     2.102e+01       1.81e+01    2.28e+00    4443508 
    400.268     400.096         0.800      47.913      2.2095e-01      9.0398e-02      1.9974e-02      1.0647e-02    5.101e-01     2.066e+01       1.84e+01    2.32e+00    4731767 
    400.268     400.096         0.900      47.913      2.2095e-01      9.0910e-02      2.0087e-02      1.0705e-02    5.129e-01     2.055e+01       1.85e+01    2.33e+00    4968648 
    400.268     400.096         1.000      47.913      2.2095e-01      9.0698e-02      2.0040e-02      1.0674e-02    5.114e-01     2.061e+01       1.85e+01    2.32e+00    5160101 
    400.268     400.096         1.500      47.913      2.2095e-01      8.4516e-02      1.8674e-02      9.9145e-03    4.750e-01     2.219e+01       1.71e+01    2.16e+00    5749669 
    400.268     400.096         2.000      47.913      2.2095e-01      7.6476e-02      1.6898e-02      8.9443e-03    4.285e-01     2.460e+01       1.55e+01    1.95e+00    6030649 
    400.268     400.096         2.500      47.913      2.2095e-01      6.9111e-02      1.5270e-02      8.0608e-03    3.862e-01     2.729e+01       1.39e+01    1.76e+00    6177823 
    400.268     400.096         3.000      47.913      2.2095e-01      6.2765e-02      1.3868e-02      7.3038e-03    3.499e-01     3.012e+01       1.26e+01    1.59e+00    6268980 
    400.268     400.096         4.000      47.913      2.2095e-01      5.2766e-02      1.1659e-02      6.1201e-03    2.932e-01     3.595e+01       1.06e+01    1.33e+00    6359245 
    400.268     400.096         5.000      47.913      2.2095e-01      4.5430e-02      1.0038e-02      5.2577e-03    2.519e-01     4.184e+01       9.09e+00    1.15e+00    6398713 
    400.268     400.096         6.000      47.913      2.2095e-01      3.9793e-02      8.7923e-03      4.5968e-03    2.202e-01     4.786e+01       7.95e+00    1.00e+00    6416930 
    400.268     400.096         7.000      47.913      2.2095e-01      3.5370e-02      7.8151e-03      4.0806e-03    1.955e-01     5.391e+01       7.06e+00    8.89e-01    6424736 
    400.268     400.096         8.000      47.913      2.2095e-01      3.1901e-02      7.0486e-03      3.6752e-03    1.761e-01     5.986e+01       6.36e+00    8.00e-01    6429741 
    400.268     400.096         9.000      47.913      2.2095e-01      2.9006e-02      6.4089e-03      3.3385e-03    1.600e-01     6.590e+01       5.77e+00    7.27e-01    6431737 
    400.268     400.096         10.000      47.913      2.2095e-01      2.6627e-02      5.8833e-03      3.0635e-03    1.468e-01     7.181e+01       5.30e+00    6.67e-01    6431192 
    500.235     500.062         0.010      16.870      2.8422e-01      7.9998e-11      2.2737e-11      1.0035e-11    1.693e-10     2.192e+10       6.11e-09    7.70e-10    2 
    500.235     500.062         0.015      16.870      2.8422e-01      4.4716e-07      1.2709e-07      5.4624e-08    9.215e-07     4.028e+06       3.33e-05    4.19e-06    67 
    500.235     500.062         0.020      16.870      2.8422e-01      3.5673e-06      1.0139e-06      4.4632e-07    7.529e-06     4.929e+05       2.72e-04    3.42e-05    507 
    500.235     500.062         0.025      16.870      2.8422e-01      1.7284e-05      4.9124e-06      2.1589e-06    3.642e-05     1.019e+05       1.31e-03    1.66e-04    1825 
    500.235     500.062         0.030      16.870      2.8422e-01      4.9257e-05      1.4000e-05      6.1584e-06    1.039e-04     3.572e+04       3.75e-03    4.72e-04    4666 
    500.235     500.062         0.040      16.870      2.8422e-01      2.1444e-04      6.0950e-05      2.6621e-05    4.491e-04     8.264e+03       1.62e-02    2.04e-03    17299 
    500.235     500.062         0.050      16.870      2.8422e-01      5.7905e-04      1.6458e-04      7.1699e-05    1.210e-03     3.068e+03       4.37e-02    5.50e-03    42439 
    500.235     500.062         0.060      16.870      2.8422e-01      1.2107e-03      3.4411e-04      1.5008e-04    2.532e-03     1.466e+03       9.14e-02    1.15e-02    82940 
    500.235     500.062         0.070      16.870      2.8422e-01      2.1142e-03      6.0090e-04      2.6188e-04    4.418e-03     8.401e+02       1.59e-01    2.01e-02    138160 
    500.235     500.062         0.080      16.870      2.8422e-01      3.3052e-03      9.3942e-04      4.0964e-04    6.911e-03     5.371e+02       2.49e-01    3.14e-02    207766 
    500.235     500.062         0.090      16.870      2.8422e-01      4.7574e-03      1.3522e-03      5.8898e-04    9.936e-03     3.735e+02       3.59e-01    4.52e-02    290358 
    500.235     500.062         0.100      16.870      2.8422e-01      6.4512e-03      1.8336e-03      7.9999e-04    1.350e-02     2.750e+02       4.87e-01    6.13e-02    385433 
    500.235     500.062         0.150      16.870      2.8422e-01      1.7263e-02      4.9066e-03      2.1417e-03    3.613e-02     1.027e+02       1.30e+00    1.64e-01    966938 
    500.235     500.062         0.200      16.870      2.8422e-01      2.9516e-02      8.3891e-03      3.6681e-03    6.188e-02     5.998e+01       2.23e+00    2.81e-01    1626304 
    500.235     500.062         0.250      16.870      2.8422e-01      4.1121e-02      1.1687e-02      5.1165e-03    8.632e-02     4.300e+01       3.12e+00    3.92e-01    2276358 
    500.235     500.062         0.300      16.870      2.8422e-01      5.1272e-02      1.4573e-02      6.3842e-03    1.077e-01     3.446e+01       3.89e+00    4.90e-01    2879781 
    500.235     500.062         0.400      16.870      2.8422e-01      6.7135e-02      1.9082e-02      8.3763e-03    1.413e-01     2.626e+01       5.10e+00    6.42e-01    3923203 
    500.235     500.062         0.500      16.870      2.8422e-01      7.7797e-02      2.2112e-02      9.7140e-03    1.639e-01     2.265e+01       5.92e+00    7.45e-01    4758914 
    500.235     500.062         0.600      16.870      2.8422e-01      8.4724e-02      2.4081e-02      1.0588e-02    1.786e-01     2.078e+01       6.45e+00    8.12e-01    5424867 
    500.235     500.062         0.700      16.870      2.8422e-01      8.8942e-02      2.5279e-02      1.1116e-02    1.875e-01     1.979e+01       6.77e+00    8.52e-01    5955806 
    500.235     500.062         0.800      16.870      2.8422e-01      9.1449e-02      2.5992e-02      1.1428e-02    1.928e-01     1.925e+01       6.96e+00    8.76e-01    6392680 
    500.235     500.062         0.900      16.870      2.8422e-01      9.2631e-02      2.6328e-02      1.1573e-02    1.952e-01     1.901e+01       7.05e+00    8.87e-01    6749179 
    500.235     500.062         1.000      16.870      2.8422e-01      9.3015e-02      2.6437e-02      1.1619e-02    1.960e-01     1.894e+01       7.08e+00    8.91e-01    7047394 
    500.235     500.062         1.500      16.870      2.8422e-01      8.8368e-02      2.5116e-02      1.1011e-02    1.858e-01     1.998e+01       6.71e+00    8.44e-01    7969338 
    500.235     500.062         2.000      16.870      2.8422e-01      8.0959e-02      2.3010e-02      1.0058e-02    1.697e-01     2.187e+01       6.13e+00    7.71e-01    8422197 
    500.235     500.062         2.500      16.870      2.8422e-01      7.3626e-02      2.0926e-02      9.1251e-03    1.539e-01     2.411e+01       5.56e+00    7.00e-01    8678110 
    500.235     500.062         3.000      16.870      2.8422e-01      6.7210e-02      1.9103e-02      8.3106e-03    1.402e-01     2.647e+01       5.06e+00    6.37e-01    8832058 
    500.235     500.062         4.000      16.870      2.8422e-01      5.6945e-02      1.6185e-02      7.0188e-03    1.184e-01     3.134e+01       4.27e+00    5.38e-01    8997694 
    500.235     500.062         5.000      16.870      2.8422e-01      4.9193e-02      1.3982e-02      6.0482e-03    1.020e-01     3.637e+01       3.68e+00    4.64e-01    9076272 
    500.235     500.062         6.000      16.870      2.8422e-01      4.3259e-02      1.2295e-02      5.3076e-03    8.954e-02     4.145e+01       3.23e+00    4.07e-01    9119133 
    500.235     500.062         7.000      16.870      2.8422e-01      3.8580e-02      1.0965e-02      4.7257e-03    7.972e-02     4.655e+01       2.88e+00    3.62e-01    9140223 
    500.235     500.062         8.000      16.870      2.8422e-01      3.4787e-02      9.8874e-03      4.2546e-03    7.178e-02     5.171e+01       2.59e+00    3.26e-01    9153646 
    500.235     500.062         9.000      16.870      2.8422e-01      3.1712e-02      9.0133e-03      3.8745e-03    6.536e-02     5.678e+01       2.36e+00    2.97e-01    9160407 
    500.235     500.062         10.000     16.870      2.8422e-01      2.9148e-02      8.2846e-03      3.5586e-03    6.003e-02     6.182e+01       2.17e+00    2.73e-01    9167180 
    599.890     599.717         0.010      7.048      3.5163e-01      0.0000e+00      0.0000e+00      0.0000e+00    0.000e+00           nan       0.00e+00    0.00e+00    0 
    599.890     599.717         0.015      7.048      3.5163e-01      2.0518e-07      7.2146e-08      2.8729e-08    2.025e-07     7.658e+06       7.31e-06    9.20e-07    3 
    599.890     599.717         0.020      7.048      3.5163e-01      1.3467e-06      4.7352e-07      1.8173e-07    1.281e-06     1.211e+06       4.62e-05    5.82e-06    25 
    599.890     599.717         0.025      7.048      3.5163e-01      6.7611e-06      2.3774e-06      8.9630e-07    6.317e-06     2.455e+05       2.28e-04    2.87e-05    104 
    599.890     599.717         0.030      7.048      3.5163e-01      2.2677e-05      7.9741e-06      3.0801e-06    2.171e-05     7.143e+04       7.84e-04    9.87e-05    285 
    599.890     599.717         0.040      7.048      3.5163e-01      1.0252e-04      3.6049e-05      1.3775e-05    9.708e-05     1.597e+04       3.50e-03    4.41e-04    1237 
    599.890     599.717         0.050      7.048      3.5163e-01      3.5246e-04      1.2394e-04      4.7644e-05    3.358e-04     4.618e+03       1.21e-02    1.53e-03    3649 
    599.890     599.717         0.060      7.048      3.5163e-01      7.6393e-04      2.6862e-04      1.0349e-04    7.294e-04     2.126e+03       2.63e-02    3.32e-03    7402 
    599.890     599.717         0.070      7.048      3.5163e-01      1.4439e-03      5.0771e-04      1.9551e-04    1.378e-03     1.125e+03       4.97e-02    6.26e-03    13009 
    599.890     599.717         0.080      7.048      3.5163e-01      2.3480e-03      8.2562e-04      3.1991e-04    2.255e-03     6.877e+02       8.14e-02    1.02e-02    20086 
    599.890     599.717         0.090      7.048      3.5163e-01      3.5164e-03      1.2365e-03      4.7927e-04    3.378e-03     4.590e+02       1.22e-01    1.54e-02    29134 
    599.890     599.717         0.100      7.048      3.5163e-01      4.8850e-03      1.7177e-03      6.6630e-04    4.696e-03     3.302e+02       1.70e-01    2.13e-02    39157 
    599.890     599.717         0.150      7.048      3.5163e-01      1.4255e-02      5.0124e-03      1.9507e-03    1.375e-02     1.128e+02       4.96e-01    6.25e-02    105897 
    599.890     599.717         0.200      7.048      3.5163e-01      2.5588e-02      8.9976e-03      3.5086e-03    2.473e-02     6.270e+01       8.93e-01    1.12e-01    184606 
    599.890     599.717         0.250      7.048      3.5163e-01      3.6883e-02      1.2969e-02      5.0720e-03    3.575e-02     4.337e+01       1.29e+00    1.62e-01    266079 
    599.890     599.717         0.300      7.048      3.5163e-01      4.7142e-02      1.6576e-02      6.4956e-03    4.578e-02     3.387e+01       1.65e+00    2.08e-01    342505 
    599.890     599.717         0.400      7.048      3.5163e-01      6.3584e-02      2.2358e-02      8.7949e-03    6.198e-02     2.501e+01       2.24e+00    2.82e-01    477329 
    599.890     599.717         0.500      7.048      3.5163e-01      7.4895e-02      2.6335e-02      1.0364e-02    7.304e-02     2.123e+01       2.64e+00    3.32e-01    586052 
    599.890     599.717         0.600      7.048      3.5163e-01      8.2588e-02      2.9040e-02      1.1446e-02    8.067e-02     1.922e+01       2.91e+00    3.67e-01    673924 
    599.890     599.717         0.700      7.048      3.5163e-01      8.7562e-02      3.0790e-02      1.2139e-02    8.555e-02     1.812e+01       3.09e+00    3.89e-01    745774 
    599.890     599.717         0.800      7.048      3.5163e-01      9.0753e-02      3.1911e-02      1.2586e-02    8.870e-02     1.748e+01       3.20e+00    4.03e-01    805098 
    599.890     599.717         0.900      7.048      3.5163e-01      9.2666e-02      3.2584e-02      1.2848e-02    9.055e-02     1.712e+01       3.27e+00    4.12e-01    855377 
    599.890     599.717         1.000      7.048      3.5163e-01      9.3558e-02      3.2898e-02      1.2965e-02    9.137e-02     1.697e+01       3.30e+00    4.15e-01    896151 
    599.890     599.717         1.500      7.048      3.5163e-01      9.0439e-02      3.1801e-02      1.2510e-02    8.817e-02     1.759e+01       3.18e+00    4.01e-01    1024039 
    599.890     599.717         2.000      7.048      3.5163e-01      8.3565e-02      2.9384e-02      1.1530e-02    8.125e-02     1.908e+01       2.93e+00    3.69e-01    1087952 
    599.890     599.717         2.500      7.048      3.5163e-01      7.6614e-02      2.6940e-02      1.0552e-02    7.436e-02     2.085e+01       2.68e+00    3.38e-01    1125752 
    599.890     599.717         3.000      7.048      3.5163e-01      7.0104e-02      2.4651e-02      9.6205e-03    6.780e-02     2.287e+01       2.45e+00    3.08e-01    1147211 
    599.890     599.717         4.000      7.048      3.5163e-01      5.9824e-02      2.1036e-02      8.1894e-03    5.771e-02     2.686e+01       2.08e+00    2.62e-01    1171193 
    599.890     599.717         5.000      7.048      3.5163e-01      5.1949e-02      1.8267e-02      7.0985e-03    5.003e-02     3.099e+01       1.81e+00    2.27e-01    1183129 
    599.890     599.717         6.000      7.048      3.5163e-01      4.5611e-02      1.6038e-02      6.2197e-03    4.383e-02     3.537e+01       1.58e+00    1.99e-01    1188778 
    599.890     599.717         7.000      7.048      3.5163e-01      4.0734e-02      1.4323e-02      5.5450e-03    3.908e-02     3.968e+01       1.41e+00    1.78e-01    1191875 
    599.890     599.717         8.000      7.048      3.5163e-01      3.6947e-02      1.2992e-02      5.0210e-03    3.539e-02     4.382e+01       1.28e+00    1.61e-01    1193669 
    599.890     599.717         9.000      7.048      3.5163e-01      3.3718e-02      1.1856e-02      4.5766e-03    3.225e-02     4.807e+01       1.16e+00    1.47e-01    1195306 
    599.890     599.717         10.000     7.048      3.5163e-01      3.0938e-02      1.0879e-02      4.2000e-03    2.960e-02     5.238e+01       1.07e+00    1.35e-01    1195984 
    700.065     699.891         0.010      3.154      4.1105e-01      0.0000e+00      0.0000e+00      0.0000e+00    0.000e+00           nan       0.00e+00    0.00e+00    0 
    700.065     699.891         0.015      3.154      4.1105e-01      1.7462e-09      7.1776e-10      2.6031e-10    8.210e-10     8.452e+08       2.96e-08    3.73e-09    1 
    700.065     699.891         0.020      3.154      4.1105e-01      5.8820e-07      2.4178e-07      8.6784e-08    2.737e-07     2.535e+06       9.88e-06    1.24e-06    20 
    700.065     699.891         0.025      3.154      4.1105e-01      4.5309e-06      1.8624e-06      7.0123e-07    2.212e-06     3.137e+05       7.98e-05    1.01e-05    93 
    700.065     699.891         0.030      3.154      4.1105e-01      1.5677e-05      6.4440e-06      2.3860e-06    7.525e-06     9.220e+04       2.72e-04    3.42e-05    258 
    700.065     699.891         0.040      3.154      4.1105e-01      7.4803e-05      3.0748e-05      1.1187e-05    3.528e-05     1.967e+04       1.27e-03    1.60e-04    1137 
    700.065     699.891         0.050      3.154      4.1105e-01      2.4108e-04      9.9094e-05      3.7128e-05    1.171e-04     5.926e+03       4.23e-03    5.32e-04    3269 
    700.065     699.891         0.060      3.154      4.1105e-01      5.8671e-04      2.4117e-04      8.6663e-05    2.733e-04     2.539e+03       9.87e-03    1.24e-03    7109 
    700.065     699.891         0.070      3.154      4.1105e-01      1.1111e-03      4.5673e-04      1.6622e-04    5.242e-04     1.324e+03       1.89e-02    2.38e-03    12603 
    700.065     699.891         0.080      3.154      4.1105e-01      1.8449e-03      7.5836e-04      2.7743e-04    8.750e-04     7.930e+02       3.16e-02    3.98e-03    19959 
    700.065     699.891         0.090      3.154      4.1105e-01      2.8188e-03      1.1587e-03      4.2435e-04    1.338e-03     5.184e+02       4.83e-02    6.08e-03    29317 
    700.065     699.891         0.100      3.154      4.1105e-01      4.0110e-03      1.6487e-03      6.0128e-04    1.896e-03     3.659e+02       6.85e-02    8.62e-03    40044 
    700.065     699.891         0.150      3.154      4.1105e-01      1.2521e-02      5.1468e-03      1.8787e-03    5.925e-03     1.171e+02       2.14e-01    2.69e-02    113445 
    700.065     699.891         0.200      3.154      4.1105e-01      2.3083e-02      9.4884e-03      3.4687e-03    1.094e-02     6.342e+01       3.95e-01    4.97e-02    203163 
    700.065     699.891         0.250      3.154      4.1105e-01      3.3745e-02      1.3871e-02      5.0839e-03    1.603e-02     4.327e+01       5.79e-01    7.29e-02    294143 
    700.065     699.891         0.300      3.154      4.1105e-01      4.3788e-02      1.7999e-02      6.5970e-03    2.081e-02     3.335e+01       7.51e-01    9.46e-02    383971 
    700.065     699.891         0.400      3.154      4.1105e-01      6.0213e-02      2.4751e-02      9.1113e-03    2.874e-02     2.415e+01       1.04e+00    1.31e-01    544153 
    700.065     699.891         0.500      3.154      4.1105e-01      7.2091e-02      2.9633e-02      1.0934e-02    3.448e-02     2.012e+01       1.24e+00    1.57e-01    675990 
    700.065     699.891         0.600      3.154      4.1105e-01      8.0211e-02      3.2970e-02      1.2172e-02    3.839e-02     1.807e+01       1.39e+00    1.74e-01    783245 
    700.065     699.891         0.700      3.154      4.1105e-01      8.5944e-02      3.5327e-02      1.3043e-02    4.114e-02     1.687e+01       1.48e+00    1.87e-01    873029 
    700.065     699.891         0.800      3.154      4.1105e-01      8.9632e-02      3.6843e-02      1.3629e-02    4.299e-02     1.614e+01       1.55e+00    1.95e-01    945746 
    700.065     699.891         0.900      3.154      4.1105e-01      9.1978e-02      3.7808e-02      1.3974e-02    4.407e-02     1.574e+01       1.59e+00    2.00e-01    1007427 
    700.065     699.891         1.000      3.154      4.1105e-01      9.3090e-02      3.8264e-02      1.4144e-02    4.461e-02     1.555e+01       1.61e+00    2.03e-01    1057603 
    700.065     699.891         1.500      3.154      4.1105e-01      9.1459e-02      3.7594e-02      1.3864e-02    4.373e-02     1.587e+01       1.58e+00    1.99e-01    1221103 
    700.065     699.891         2.000      3.154      4.1105e-01      8.5331e-02      3.5075e-02      1.2922e-02    4.075e-02     1.703e+01       1.47e+00    1.85e-01    1304879 
    700.065     699.891         2.500      3.154      4.1105e-01      7.8758e-02      3.2373e-02      1.1889e-02    3.750e-02     1.850e+01       1.35e+00    1.70e-01    1352966 
    700.065     699.891         3.000      3.154      4.1105e-01      7.2526e-02      2.9812e-02      1.0927e-02    3.446e-02     2.013e+01       1.24e+00    1.57e-01    1382302 
    700.065     699.891         4.000      3.154      4.1105e-01      6.2155e-02      2.5549e-02      9.3243e-03    2.941e-02     2.359e+01       1.06e+00    1.34e-01    1414359 
    700.065     699.891         5.000      3.154      4.1105e-01      5.4098e-02      2.2237e-02      8.1128e-03    2.559e-02     2.712e+01       9.24e-01    1.16e-01    1430126 
    700.065     699.891         6.000      3.154      4.1105e-01      4.7816e-02      1.9655e-02      7.1531e-03    2.256e-02     3.076e+01       8.14e-01    1.03e-01    1439448 
    700.065     699.891         7.000      3.154      4.1105e-01      4.3023e-02      1.7685e-02      6.4195e-03    2.025e-02     3.427e+01       7.31e-01    9.20e-02    1443557 
    700.065     699.891         8.000      3.154      4.1105e-01      3.8915e-02      1.5996e-02      5.8000e-03    1.829e-02     3.793e+01       6.60e-01    8.31e-02    1447194 
    700.065     699.891         9.000      3.154      4.1105e-01      3.5471e-02      1.4580e-02      5.2872e-03    1.668e-02     4.161e+01       6.02e-01    7.58e-02    1448110 
    700.065     699.891         10.000      3.154      4.1105e-01      3.2615e-02      1.3407e-02      4.8549e-03    1.531e-02     4.532e+01       5.53e-01    6.96e-02    1449709 
