#          mC1_GeV            mN1_GeV          width_GeV                eff
     9.0678000e+01      9.0505000e+01      6.5820000e-14      4.2452000e-07
     9.0678000e+01      9.0505000e+01      4.3880000e-14      2.3563000e-06
     9.0678000e+01      9.0505000e+01      3.2910000e-14      7.2902000e-06
     9.0678000e+01      9.0505000e+01      2.6328000e-14      1.6734000e-05
     9.0678000e+01      9.0505000e+01      2.1940000e-14      2.9615000e-05
     9.0678000e+01      9.0505000e+01      1.6455000e-14      6.7929000e-05
     9.0678000e+01      9.0505000e+01      1.3164000e-14      1.2223000e-04
     9.0678000e+01      9.0505000e+01      1.0970000e-14      1.8293000e-04
     9.0678000e+01      9.0505000e+01      9.4028571e-15      2.5217000e-04
     9.0678000e+01      9.0505000e+01      8.2275000e-15      3.2027000e-04
     9.0678000e+01      9.0505000e+01      7.3133333e-15      3.8525000e-04
     9.0678000e+01      9.0505000e+01      6.5820000e-15      4.4942000e-04
     9.0678000e+01      9.0505000e+01      4.3880000e-15      7.0716000e-04
     9.0678000e+01      9.0505000e+01      3.2910000e-15      8.5758000e-04
     9.0678000e+01      9.0505000e+01      2.6328000e-15      9.3581000e-04
     9.0678000e+01      9.0505000e+01      2.1940000e-15      9.6990000e-04
     9.0678000e+01      9.0505000e+01      1.6455000e-15      9.6392000e-04
     9.0678000e+01      9.0505000e+01      1.3164000e-15      9.2156000e-04
     9.0678000e+01      9.0505000e+01      1.0970000e-15      8.6799000e-04
     9.0678000e+01      9.0505000e+01      9.4028571e-16      8.1021000e-04
     9.0678000e+01      9.0505000e+01      8.2275000e-16      7.5822000e-04
     9.0678000e+01      9.0505000e+01      7.3133333e-16      7.1181000e-04
     9.0678000e+01      9.0505000e+01      6.5820000e-16      6.7043000e-04
     9.0678000e+01      9.0505000e+01      4.3880000e-16      5.0527000e-04
     9.0678000e+01      9.0505000e+01      3.2910000e-16      4.0578000e-04
     9.0678000e+01      9.0505000e+01      2.6328000e-16      3.3581000e-04
     9.0678000e+01      9.0505000e+01      2.1940000e-16      2.8801000e-04
     9.0678000e+01      9.0505000e+01      1.6455000e-16      2.2508000e-04
     9.0678000e+01      9.0505000e+01      1.3164000e-16      1.8262000e-04
     9.0678000e+01      9.0505000e+01      1.0970000e-16      1.5462000e-04
     9.0678000e+01      9.0505000e+01      9.4028571e-17      1.3443000e-04
     9.0678000e+01      9.0505000e+01      8.2275000e-17      1.1743000e-04
     9.0678000e+01      9.0505000e+01      7.3133333e-17      1.0503000e-04
     9.0678000e+01      9.0505000e+01      6.5820000e-17      9.5936000e-05
     1.9971600e+02      1.9954400e+02      6.5820000e-14      2.8325000e-08
     1.9971600e+02      1.9954400e+02      4.3880000e-14      3.6155000e-07
     1.9971600e+02      1.9954400e+02      3.2910000e-14      1.9395000e-06
     1.9971600e+02      1.9954400e+02      2.6328000e-14      5.6377000e-06
     1.9971600e+02      1.9954400e+02      2.1940000e-14      1.3031000e-05
     1.9971600e+02      1.9954400e+02      1.6455000e-14      4.0720000e-05
     1.9971600e+02      1.9954400e+02      1.3164000e-14      8.6838000e-05
     1.9971600e+02      1.9954400e+02      1.0970000e-14      1.5246000e-04
     1.9971600e+02      1.9954400e+02      9.4028571e-15      2.3329000e-04
     1.9971600e+02      1.9954400e+02      8.2275000e-15      3.2691000e-04
     1.9971600e+02      1.9954400e+02      7.3133333e-15      4.2697000e-04
     1.9971600e+02      1.9954400e+02      6.5820000e-15      5.3374000e-04
     1.9971600e+02      1.9954400e+02      4.3880000e-15      1.0870000e-03
     1.9971600e+02      1.9954400e+02      3.2910000e-15      1.5677000e-03
     1.9971600e+02      1.9954400e+02      2.6328000e-15      1.9465000e-03
     1.9971600e+02      1.9954400e+02      2.1940000e-15      2.2181000e-03
     1.9971600e+02      1.9954400e+02      1.6455000e-15      2.5538000e-03
     1.9971600e+02      1.9954400e+02      1.3164000e-15      2.6989000e-03
     1.9971600e+02      1.9954400e+02      1.0970000e-15      2.7296000e-03
     1.9971600e+02      1.9954400e+02      9.4028571e-16      2.7169000e-03
     1.9971600e+02      1.9954400e+02      8.2275000e-16      2.6547000e-03
     1.9971600e+02      1.9954400e+02      7.3133333e-16      2.5765000e-03
     1.9971600e+02      1.9954400e+02      6.5820000e-16      2.4958000e-03
     1.9971600e+02      1.9954400e+02      4.3880000e-16      2.0856000e-03
     1.9971600e+02      1.9954400e+02      3.2910000e-16      1.7641000e-03
     1.9971600e+02      1.9954400e+02      2.6328000e-16      1.5145000e-03
     1.9971600e+02      1.9954400e+02      2.1940000e-16      1.3292000e-03
     1.9971600e+02      1.9954400e+02      1.6455000e-16      1.0599000e-03
     1.9971600e+02      1.9954400e+02      1.3164000e-16      8.8257000e-04
     1.9971600e+02      1.9954400e+02      1.0970000e-16      7.4978000e-04
     1.9971600e+02      1.9954400e+02      9.4028571e-17      6.5328000e-04
     1.9971600e+02      1.9954400e+02      8.2275000e-17      5.8268000e-04
     1.9971600e+02      1.9954400e+02      7.3133333e-17      5.2460000e-04
     1.9971600e+02      1.9954400e+02      6.5820000e-17      4.7576000e-04
     2.9982200e+02      2.9965000e+02      6.5820000e-14      4.9258000e-09
     2.9982200e+02      2.9965000e+02      4.3880000e-14      1.0533000e-07
     2.9982200e+02      2.9965000e+02      3.2910000e-14      7.5695000e-07
     2.9982200e+02      2.9965000e+02      2.6328000e-14      3.0891000e-06
     2.9982200e+02      2.9965000e+02      2.1940000e-14      7.5495000e-06
     2.9982200e+02      2.9965000e+02      1.6455000e-14      2.8814000e-05
     2.9982200e+02      2.9965000e+02      1.3164000e-14      6.7702000e-05
     2.9982200e+02      2.9965000e+02      1.0970000e-14      1.2633000e-04
     2.9982200e+02      2.9965000e+02      9.4028571e-15      2.0324000e-04
     2.9982200e+02      2.9965000e+02      8.2275000e-15      2.9837000e-04
     2.9982200e+02      2.9965000e+02      7.3133333e-15      4.0534000e-04
     2.9982200e+02      2.9965000e+02      6.5820000e-15      5.2299000e-04
     2.9982200e+02      2.9965000e+02      4.3880000e-15      1.1831000e-03
     2.9982200e+02      2.9965000e+02      3.2910000e-15      1.8340000e-03
     2.9982200e+02      2.9965000e+02      2.6328000e-15      2.3979000e-03
     2.9982200e+02      2.9965000e+02      2.1940000e-15      2.8449000e-03
     2.9982200e+02      2.9965000e+02      1.6455000e-15      3.4772000e-03
     2.9982200e+02      2.9965000e+02      1.3164000e-15      3.8443000e-03
     2.9982200e+02      2.9965000e+02      1.0970000e-15      4.0321000e-03
     2.9982200e+02      2.9965000e+02      9.4028571e-16      4.1122000e-03
     2.9982200e+02      2.9965000e+02      8.2275000e-16      4.1228000e-03
     2.9982200e+02      2.9965000e+02      7.3133333e-16      4.0766000e-03
     2.9982200e+02      2.9965000e+02      6.5820000e-16      4.0051000e-03
     2.9982200e+02      2.9965000e+02      4.3880000e-16      3.5322000e-03
     2.9982200e+02      2.9965000e+02      3.2910000e-16      3.0781000e-03
     2.9982200e+02      2.9965000e+02      2.6328000e-16      2.6969000e-03
     2.9982200e+02      2.9965000e+02      2.1940000e-16      2.3887000e-03
     2.9982200e+02      2.9965000e+02      1.6455000e-16      1.9483000e-03
     2.9982200e+02      2.9965000e+02      1.3164000e-16      1.6338000e-03
     2.9982200e+02      2.9965000e+02      1.0970000e-16      1.4062000e-03
     2.9982200e+02      2.9965000e+02      9.4028571e-17      1.2355000e-03
     2.9982200e+02      2.9965000e+02      8.2275000e-17      1.1014000e-03
     2.9982200e+02      2.9965000e+02      7.3133333e-17      9.9158000e-04
     2.9982200e+02      2.9965000e+02      6.5820000e-17      9.0551000e-04
     4.0026800e+02      4.0009600e+02      6.5820000e-14      1.3908000e-11
     4.0026800e+02      4.0009600e+02      4.3880000e-14      3.2635000e-08
     4.0026800e+02      4.0009600e+02      3.2910000e-14      3.2733000e-07
     4.0026800e+02      4.0009600e+02      2.6328000e-14      1.3675000e-06
     4.0026800e+02      4.0009600e+02      2.1940000e-14      3.8904000e-06
     4.0026800e+02      4.0009600e+02      1.6455000e-14      1.7652000e-05
     4.0026800e+02      4.0009600e+02      1.3164000e-14      4.7123000e-05
     4.0026800e+02      4.0009600e+02      1.0970000e-14      9.3523000e-05
     4.0026800e+02      4.0009600e+02      9.4028571e-15      1.6114000e-04
     4.0026800e+02      4.0009600e+02      8.2275000e-15      2.4508000e-04
     4.0026800e+02      4.0009600e+02      7.3133333e-15      3.4604000e-04
     4.0026800e+02      4.0009600e+02      6.5820000e-15      4.6290000e-04
     4.0026800e+02      4.0009600e+02      4.3880000e-15      1.1569000e-03
     4.0026800e+02      4.0009600e+02      3.2910000e-15      1.9029000e-03
     4.0026800e+02      4.0009600e+02      2.6328000e-15      2.5853000e-03
     4.0026800e+02      4.0009600e+02      2.1940000e-15      3.1733000e-03
     4.0026800e+02      4.0009600e+02      1.6455000e-15      4.0451000e-03
     4.0026800e+02      4.0009600e+02      1.3164000e-15      4.5912000e-03
     4.0026800e+02      4.0009600e+02      1.0970000e-15      4.9308000e-03
     4.0026800e+02      4.0009600e+02      9.4028571e-16      5.1224000e-03
     4.0026800e+02      4.0009600e+02      8.2275000e-16      5.2071000e-03
     4.0026800e+02      4.0009600e+02      7.3133333e-16      5.2215000e-03
     4.0026800e+02      4.0009600e+02      6.5820000e-16      5.2004000e-03
     4.0026800e+02      4.0009600e+02      4.3880000e-16      4.7641000e-03
     4.0026800e+02      4.0009600e+02      3.2910000e-16      4.2425000e-03
     4.0026800e+02      4.0009600e+02      2.6328000e-16      3.7796000e-03
     4.0026800e+02      4.0009600e+02      2.1940000e-16      3.3873000e-03
     4.0026800e+02      4.0009600e+02      1.6455000e-16      2.7920000e-03
     4.0026800e+02      4.0009600e+02      1.3164000e-16      2.3660000e-03
     4.0026800e+02      4.0009600e+02      1.0970000e-16      2.0521000e-03
     4.0026800e+02      4.0009600e+02      9.4028571e-17      1.8102000e-03
     4.0026800e+02      4.0009600e+02      8.2275000e-17      1.6188000e-03
     4.0026800e+02      4.0009600e+02      7.3133333e-17      1.4620000e-03
     4.0026800e+02      4.0009600e+02      6.5820000e-17      1.3328000e-03
     5.0023500e+02      5.0006200e+02      6.5820000e-14      5.2446000e-12
     5.0023500e+02      5.0006200e+02      4.3880000e-14      1.5241000e-08
     5.0023500e+02      5.0006200e+02      3.2910000e-14      1.2088000e-07
     5.0023500e+02      5.0006200e+02      2.6328000e-14      8.6127000e-07
     5.0023500e+02      5.0006200e+02      2.1940000e-14      2.3532000e-06
     5.0023500e+02      5.0006200e+02      1.6455000e-14      1.1913000e-05
     5.0023500e+02      5.0006200e+02      1.3164000e-14      3.4312000e-05
     5.0023500e+02      5.0006200e+02      1.0970000e-14      7.4256000e-05
     5.0023500e+02      5.0006200e+02      9.4028571e-15      1.3195000e-04
     5.0023500e+02      5.0006200e+02      8.2275000e-15      2.0708000e-04
     5.0023500e+02      5.0006200e+02      7.3133333e-15      3.0184000e-04
     5.0023500e+02      5.0006200e+02      6.5820000e-15      4.1255000e-04
     5.0023500e+02      5.0006200e+02      4.3880000e-15      1.1224000e-03
     5.0023500e+02      5.0006200e+02      3.2910000e-15      1.9304000e-03
     5.0023500e+02      5.0006200e+02      2.6328000e-15      2.6989000e-03
     5.0023500e+02      5.0006200e+02      2.1940000e-15      3.3764000e-03
     5.0023500e+02      5.0006200e+02      1.6455000e-15      4.4325000e-03
     5.0023500e+02      5.0006200e+02      1.3164000e-15      5.1511000e-03
     5.0023500e+02      5.0006200e+02      1.0970000e-15      5.6177000e-03
     5.0023500e+02      5.0006200e+02      9.4028571e-16      5.8970000e-03
     5.0023500e+02      5.0006200e+02      8.2275000e-16      6.0487000e-03
     5.0023500e+02      5.0006200e+02      7.3133333e-16      6.1285000e-03
     5.0023500e+02      5.0006200e+02      6.5820000e-16      6.1318000e-03
     5.0023500e+02      5.0006200e+02      4.3880000e-16      5.7711000e-03
     5.0023500e+02      5.0006200e+02      3.2910000e-16      5.2087000e-03
     5.0023500e+02      5.0006200e+02      2.6328000e-16      4.6882000e-03
     5.0023500e+02      5.0006200e+02      2.1940000e-16      4.2371000e-03
     5.0023500e+02      5.0006200e+02      1.6455000e-16      3.5279000e-03
     5.0023500e+02      5.0006200e+02      1.3164000e-16      3.0126000e-03
     5.0023500e+02      5.0006200e+02      1.0970000e-16      2.6215000e-03
     5.0023500e+02      5.0006200e+02      9.4028571e-17      2.3109000e-03
     5.0023500e+02      5.0006200e+02      8.2275000e-17      2.0758000e-03
     5.0023500e+02      5.0006200e+02      7.3133333e-17      1.8829000e-03
     5.0023500e+02      5.0006200e+02      6.5820000e-17      1.7200000e-03
     5.9989000e+02      5.9971700e+02      6.5820000e-14      4.9780000e-12
     5.9989000e+02      5.9971700e+02      4.3880000e-14      5.4640000e-09
     5.9989000e+02      5.9971700e+02      3.2910000e-14      1.0726000e-07
     5.9989000e+02      5.9971700e+02      2.6328000e-14      5.0165000e-07
     5.9989000e+02      5.9971700e+02      2.1940000e-14      1.7947000e-06
     5.9989000e+02      5.9971700e+02      1.6455000e-14      8.7314000e-06
     5.9989000e+02      5.9971700e+02      1.3164000e-14      2.6773000e-05
     5.9989000e+02      5.9971700e+02      1.0970000e-14      5.8629000e-05
     5.9989000e+02      5.9971700e+02      9.4028571e-15      1.0706000e-04
     5.9989000e+02      5.9971700e+02      8.2275000e-15      1.7281000e-04
     5.9989000e+02      5.9971700e+02      7.3133333e-15      2.5503000e-04
     5.9989000e+02      5.9971700e+02      6.5820000e-15      3.5068000e-04
     5.9989000e+02      5.9971700e+02      4.3880000e-15      1.0186000e-03
     5.9989000e+02      5.9971700e+02      3.2910000e-15      1.8140000e-03
     5.9989000e+02      5.9971700e+02      2.6328000e-15      2.6159000e-03
     5.9989000e+02      5.9971700e+02      2.1940000e-15      3.3397000e-03
     5.9989000e+02      5.9971700e+02      1.6455000e-15      4.5260000e-03
     5.9989000e+02      5.9971700e+02      1.3164000e-15      5.3667000e-03
     5.9989000e+02      5.9971700e+02      1.0970000e-15      5.9504000e-03
     5.9989000e+02      5.9971700e+02      9.4028571e-16      6.3198000e-03
     5.9989000e+02      5.9971700e+02      8.2275000e-16      6.5601000e-03
     5.9989000e+02      5.9971700e+02      7.3133333e-16      6.6853000e-03
     5.9989000e+02      5.9971700e+02      6.5820000e-16      6.7440000e-03
     5.9989000e+02      5.9971700e+02      4.3880000e-16      6.4973000e-03
     5.9989000e+02      5.9971700e+02      3.2910000e-16      5.9509000e-03
     5.9989000e+02      5.9971700e+02      2.6328000e-16      5.4105000e-03
     5.9989000e+02      5.9971700e+02      2.1940000e-16      4.9199000e-03
     5.9989000e+02      5.9971700e+02      1.6455000e-16      4.1290000e-03
     5.9989000e+02      5.9971700e+02      1.3164000e-16      3.5491000e-03
     5.9989000e+02      5.9971700e+02      1.0970000e-16      3.1028000e-03
     5.9989000e+02      5.9971700e+02      9.4028571e-17      2.7540000e-03
     5.9989000e+02      5.9971700e+02      8.2275000e-17      2.4735000e-03
     5.9989000e+02      5.9971700e+02      7.3133333e-17      2.2485000e-03
     5.9989000e+02      5.9971700e+02      6.5820000e-17      2.0525000e-03
     7.0006500e+02      6.9989100e+02      6.5820000e-14      0.0000000e+00
     7.0006500e+02      6.9989100e+02      4.3880000e-14      1.2035000e-08
     7.0006500e+02      6.9989100e+02      3.2910000e-14      5.3169000e-08
     7.0006500e+02      6.9989100e+02      2.6328000e-14      3.2149000e-07
     7.0006500e+02      6.9989100e+02      2.1940000e-14      1.1368000e-06
     7.0006500e+02      6.9989100e+02      1.6455000e-14      6.6946000e-06
     7.0006500e+02      6.9989100e+02      1.3164000e-14      2.0370000e-05
     7.0006500e+02      6.9989100e+02      1.0970000e-14      4.7253000e-05
     7.0006500e+02      6.9989100e+02      9.4028571e-15      8.9516000e-05
     7.0006500e+02      6.9989100e+02      8.2275000e-15      1.4978000e-04
     7.0006500e+02      6.9989100e+02      7.3133333e-15      2.2829000e-04
     7.0006500e+02      6.9989100e+02      6.5820000e-15      3.2063000e-04
     7.0006500e+02      6.9989100e+02      4.3880000e-15      9.8766000e-04
     7.0006500e+02      6.9989100e+02      3.2910000e-15      1.8198000e-03
     7.0006500e+02      6.9989100e+02      2.6328000e-15      2.6789000e-03
     7.0006500e+02      6.9989100e+02      2.1940000e-15      3.4777000e-03
     7.0006500e+02      6.9989100e+02      1.6455000e-15      4.8033000e-03
     7.0006500e+02      6.9989100e+02      1.3164000e-15      5.7697000e-03
     7.0006500e+02      6.9989100e+02      1.0970000e-15      6.4405000e-03
     7.0006500e+02      6.9989100e+02      9.4028571e-16      6.9064000e-03
     7.0006500e+02      6.9989100e+02      8.2275000e-16      7.1960000e-03
     7.0006500e+02      6.9989100e+02      7.3133333e-16      7.3751000e-03
     7.0006500e+02      6.9989100e+02      6.5820000e-16      7.4744000e-03
     7.0006500e+02      6.9989100e+02      4.3880000e-16      7.2886000e-03
     7.0006500e+02      6.9989100e+02      3.2910000e-16      6.7314000e-03
     7.0006500e+02      6.9989100e+02      2.6328000e-16      6.1590000e-03
     7.0006500e+02      6.9989100e+02      2.1940000e-16      5.6316000e-03
     7.0006500e+02      6.9989100e+02      1.6455000e-16      4.7588000e-03
     7.0006500e+02      6.9989100e+02      1.3164000e-16      4.1093000e-03
     7.0006500e+02      6.9989100e+02      1.0970000e-16      3.5966000e-03
     7.0006500e+02      6.9989100e+02      9.4028571e-17      3.2023000e-03
     7.0006500e+02      6.9989100e+02      8.2275000e-17      2.8823000e-03
     7.0006500e+02      6.9989100e+02      7.3133333e-17      2.6219000e-03
     7.0006500e+02      6.9989100e+02      6.5820000e-17      2.4002000e-03
