#            mhscp               ctau              width        SR2FULL_350
     5.0000000e+01      1.0000000e+99      0.0000000e+00      0.0000000e+00
     5.0000000e+01      1.9732700e-22      1.0000000e+06      0.0000000e+00
     7.5000000e+01      1.0000000e+99      0.0000000e+00      0.0000000e+00
     7.5000000e+01      1.9732700e-22      1.0000000e+06      0.0000000e+00
     1.0000000e+02      1.0000000e+99      0.0000000e+00      0.0000000e+00
     1.0000000e+02      1.9732700e-22      1.0000000e+06      0.0000000e+00
     1.2500000e+02      1.0000000e+99      0.0000000e+00      0.0000000e+00
     1.2500000e+02      1.9732700e-22      1.0000000e+06      0.0000000e+00
     1.5000000e+02      1.0000000e+99      0.0000000e+00      0.0000000e+00
     1.5000000e+02      1.9732700e-22      1.0000000e+06      0.0000000e+00
     1.7500000e+02      1.0000000e+99      0.0000000e+00      0.0000000e+00
     1.7500000e+02      1.9732700e-22      1.0000000e+06      0.0000000e+00
     2.0000000e+02      1.0000000e+99      0.0000000e+00      0.0000000e+00
     2.0000000e+02      1.9732700e-22      1.0000000e+06      0.0000000e+00
     2.2500000e+02      1.0000000e+99      0.0000000e+00      5.6687081e-22
     2.2500000e+02      1.9732700e-22      1.0000000e+06      0.0000000e+00
     2.5000000e+02      1.0000000e+99      0.0000000e+00      7.6104452e-12
     2.5000000e+02      1.9732700e-22      1.0000000e+06      0.0000000e+00
     2.7500000e+02      1.0000000e+99      0.0000000e+00      1.0840291e-06
     2.7500000e+02      3.9465400e+02      5.0000000e-19      1.0301460e-06
     2.7500000e+02      6.1664687e+01      3.2000000e-18      7.8621093e-07
     2.7500000e+02      1.9732700e+01      1.0000000e-17      4.1196255e-07
     2.7500000e+02      8.9694091e+00      2.2000000e-17      1.4526958e-07
     2.7500000e+02      6.1664687e+00      3.2000000e-17      6.5754815e-08
     2.7500000e+02      4.2897174e+00      4.6000000e-17      2.3751248e-08
     2.7500000e+02      2.9018676e+00      6.8000000e-17      5.6810278e-09
     2.7500000e+02      1.9732700e-22      1.0000000e+06      0.0000000e+00
     3.0000000e+02      1.0000000e+99      0.0000000e+00      4.2180156e-04
     3.0000000e+02      3.9465400e+02      5.0000000e-19      4.0051401e-04
     3.0000000e+02      6.1664687e+01      3.2000000e-18      3.0437670e-04
     3.0000000e+02      1.9732700e+01      1.0000000e-17      1.5787286e-04
     3.0000000e+02      8.9694091e+00      2.2000000e-17      5.4764125e-05
     3.0000000e+02      6.1664687e+00      3.2000000e-17      2.4481932e-05
     3.0000000e+02      4.2897174e+00      4.6000000e-17      8.7010034e-06
     3.0000000e+02      2.9018676e+00      6.8000000e-17      2.0293612e-06
     3.0000000e+02      1.9732700e+00      1.0000000e-16      3.2166470e-07
     3.0000000e+02      1.3155133e+00      1.5000000e-16      2.9153854e-08
     3.0000000e+02      8.9694091e-01      2.2000000e-16      2.0590716e-09
     3.0000000e+02      1.9732700e-22      1.0000000e+06      0.0000000e+00
     3.2500000e+02      1.0000000e+99      0.0000000e+00      8.5473321e-03
     3.2500000e+02      3.9465400e+02      5.0000000e-19      8.1141007e-03
     3.2500000e+02      6.1664687e+01      3.2000000e-18      6.1593856e-03
     3.2500000e+02      1.9732700e+01      1.0000000e-17      3.1870236e-03
     3.2500000e+02      8.9694091e+00      2.2000000e-17      1.1012820e-03
     3.2500000e+02      6.1664687e+00      3.2000000e-17      4.9054702e-04
     3.2500000e+02      4.2897174e+00      4.6000000e-17      1.7328500e-04
     3.2500000e+02      2.9018676e+00      6.8000000e-17      3.9944734e-05
     3.2500000e+02      1.9732700e+00      1.0000000e-16      6.2110277e-06
     3.2500000e+02      1.3155133e+00      1.5000000e-16      5.5031236e-07
     3.2500000e+02      8.9694091e-01      2.2000000e-16      4.0145798e-08
     3.2500000e+02      6.1664687e-01      3.2000000e-16      2.5867435e-09
     3.2500000e+02      1.9732700e-22      1.0000000e+06      0.0000000e+00
     3.5000000e+02      1.0000000e+99      0.0000000e+00      4.3947690e-02
     3.5000000e+02      3.9465400e+02      5.0000000e-19      4.1706041e-02
     3.5000000e+02      6.1664687e+01      3.2000000e-18      3.1601160e-02
     3.5000000e+02      1.9732700e+01      1.0000000e-17      1.6275566e-02
     3.5000000e+02      8.9694091e+00      2.2000000e-17      5.5751062e-03
     3.5000000e+02      6.1664687e+00      3.2000000e-17      2.4629516e-03
     3.5000000e+02      4.2897174e+00      4.6000000e-17      8.5860069e-04
     3.5000000e+02      2.9018676e+00      6.8000000e-17      1.9323799e-04
     3.5000000e+02      1.9732700e+00      1.0000000e-16      2.8916538e-05
     3.5000000e+02      1.3155133e+00      1.5000000e-16      2.4019119e-06
     3.5000000e+02      8.9694091e-01      2.2000000e-16      1.5700187e-07
     3.5000000e+02      6.1664687e-01      3.2000000e-16      8.0505468e-09
     3.5000000e+02      1.9732700e-22      1.0000000e+06      0.0000000e+00
     3.7500000e+02      1.0000000e+99      0.0000000e+00      1.0108105e-01
     3.7500000e+02      3.9465400e+02      5.0000000e-19      9.5898371e-02
     3.7500000e+02      6.1664687e+01      3.2000000e-18      7.2548788e-02
     3.7500000e+02      1.9732700e+01      1.0000000e-17      3.7207521e-02
     3.7500000e+02      8.9694091e+00      2.2000000e-17      1.2655132e-02
     3.7500000e+02      6.1664687e+00      3.2000000e-17      5.5631307e-03
     3.7500000e+02      4.2897174e+00      4.6000000e-17      1.9283789e-03
     3.7500000e+02      2.9018676e+00      6.8000000e-17      4.3044209e-04
     3.7500000e+02      1.9732700e+00      1.0000000e-16      6.3371231e-05
     3.7500000e+02      1.3155133e+00      1.5000000e-16      5.0450973e-06
     3.7500000e+02      8.9694091e-01      2.2000000e-16      3.0354658e-07
     3.7500000e+02      6.1664687e-01      3.2000000e-16      1.3908879e-08
     3.7500000e+02      4.2897174e-01      4.6000000e-16      3.6589875e-10
     3.7500000e+02      1.9732700e-22      1.0000000e+06      0.0000000e+00
     4.0000000e+02      1.0000000e+99      0.0000000e+00      1.4976259e-01
     4.0000000e+02      3.9465400e+02      5.0000000e-19      1.4204345e-01
     4.0000000e+02      6.1664687e+01      3.2000000e-18      1.0730421e-01
     4.0000000e+02      1.3155133e+01      1.5000000e-17      3.4438297e-02
     4.0000000e+02      8.9694091e+00      2.2000000e-17      1.8550051e-02
     4.0000000e+02      6.1664687e+00      3.2000000e-17      8.1058519e-03
     4.0000000e+02      4.2897174e+00      4.6000000e-17      2.7811762e-03
     4.0000000e+02      2.9018676e+00      6.8000000e-17      6.0944869e-04
     4.0000000e+02      1.9732700e+00      1.0000000e-16      8.7261684e-05
     4.0000000e+02      1.3155133e+00      1.5000000e-16      6.5914733e-06
     4.0000000e+02      8.9694091e-01      2.2000000e-16      3.4976868e-07
     4.0000000e+02      6.1664687e-01      3.2000000e-16      1.2944458e-08
     4.0000000e+02      4.2897174e-01      4.6000000e-16      2.8248047e-10
     4.0000000e+02      1.9732700e-22      1.0000000e+06      0.0000000e+00
     4.2500000e+02      1.0000000e+99      0.0000000e+00      1.7383939e-01
     4.2500000e+02      3.9465400e+02      5.0000000e-19      1.6484094e-01
     4.2500000e+02      6.1664687e+01      3.2000000e-18      1.2436653e-01
     4.2500000e+02      1.3155133e+01      1.5000000e-17      3.9675500e-02
     4.2500000e+02      8.9694091e+00      2.2000000e-17      2.1293773e-02
     4.2500000e+02      6.1664687e+00      3.2000000e-17      9.2600628e-03
     4.2500000e+02      4.2897174e+00      4.6000000e-17      3.1598702e-03
     4.2500000e+02      2.9018676e+00      6.8000000e-17      6.8856596e-04
     4.2500000e+02      1.9732700e+00      1.0000000e-16      9.7946473e-05
     4.2500000e+02      1.3155133e+00      1.5000000e-16      7.2560111e-06
     4.2500000e+02      8.9694091e-01      2.2000000e-16      3.7540493e-07
     4.2500000e+02      6.1664687e-01      3.2000000e-16      1.4398464e-08
     4.2500000e+02      4.2897174e-01      4.6000000e-16      3.3872306e-10
     4.2500000e+02      1.9732700e-22      1.0000000e+06      0.0000000e+00
     4.5000000e+02      1.0000000e+99      0.0000000e+00      1.8568092e-01
     4.5000000e+02      3.9465400e+02      5.0000000e-19      1.7600423e-01
     4.5000000e+02      6.1664687e+01      3.2000000e-18      1.3252173e-01
     4.5000000e+02      1.3155133e+01      1.5000000e-17      4.1900367e-02
     4.5000000e+02      8.9694091e+00      2.2000000e-17      2.2368531e-02
     4.5000000e+02      6.1664687e+00      3.2000000e-17      9.6544868e-03
     4.5000000e+02      4.2897174e+00      4.6000000e-17      3.2601581e-03
     4.5000000e+02      2.9018676e+00      6.8000000e-17      6.9886794e-04
     4.5000000e+02      1.9732700e+00      1.0000000e-16      9.7270136e-05
     4.5000000e+02      1.3155133e+00      1.5000000e-16      7.0836250e-06
     4.5000000e+02      8.9694091e-01      2.2000000e-16      3.7820893e-07
     4.5000000e+02      6.1664687e-01      3.2000000e-16      1.6652945e-08
     4.5000000e+02      4.2897174e-01      4.6000000e-16      5.3317440e-10
     4.5000000e+02      1.9732700e-22      1.0000000e+06      0.0000000e+00
     4.7500000e+02      1.0000000e+99      0.0000000e+00      1.9495991e-01
     4.7500000e+02      3.9465400e+02      5.0000000e-19      1.8473006e-01
     4.7500000e+02      6.1664687e+01      3.2000000e-18      1.3881783e-01
     4.7500000e+02      1.3155133e+01      1.5000000e-17      4.3564544e-02
     4.7500000e+02      8.9694091e+00      2.2000000e-17      2.3170536e-02
     4.7500000e+02      6.1664687e+00      3.2000000e-17      9.9534251e-03
     4.7500000e+02      4.2897174e+00      4.6000000e-17      3.3407743e-03
     4.7500000e+02      2.9018676e+00      6.8000000e-17      7.0885512e-04
     4.7500000e+02      1.9732700e+00      1.0000000e-16      9.6357843e-05
     4.7500000e+02      1.3155133e+00      1.5000000e-16      6.4398084e-06
     4.7500000e+02      8.9694091e-01      2.2000000e-16      2.6216332e-07
     4.7500000e+02      6.1664687e-01      3.2000000e-16      6.7158765e-09
     4.7500000e+02      1.9732700e-22      1.0000000e+06      0.0000000e+00
     5.0000000e+02      1.0000000e+99      0.0000000e+00      1.9609679e-01
     5.0000000e+02      3.9465400e+02      5.0000000e-19      1.8573324e-01
     5.0000000e+02      6.1664687e+01      3.2000000e-18      1.3927470e-01
     5.0000000e+02      1.3155133e+01      1.5000000e-17      4.3313076e-02
     5.0000000e+02      8.9694091e+00      2.2000000e-17      2.2915689e-02
     5.0000000e+02      6.1664687e+00      3.2000000e-17      9.7721311e-03
     5.0000000e+02      4.2897174e+00      4.6000000e-17      3.2484002e-03
     5.0000000e+02      2.9018676e+00      6.8000000e-17      6.7996438e-04
     5.0000000e+02      1.9732700e+00      1.0000000e-16      9.0854908e-05
     5.0000000e+02      1.3155133e+00      1.5000000e-16      5.9140714e-06
     5.0000000e+02      8.9694091e-01      2.2000000e-16      2.2888973e-07
     5.0000000e+02      6.1664687e-01      3.2000000e-16      5.1446524e-09
     5.0000000e+02      1.9732700e-22      1.0000000e+06      0.0000000e+00
     5.5000000e+02      1.0000000e+99      0.0000000e+00      2.0155722e-01
     5.5000000e+02      3.9465400e+02      5.0000000e-19      1.9084952e-01
     5.5000000e+02      6.1664687e+01      3.2000000e-18      1.4288586e-01
     5.5000000e+02      1.3155133e+01      1.5000000e-17      4.4124749e-02
     5.5000000e+02      8.9694091e+00      2.2000000e-17      2.3240682e-02
     5.5000000e+02      6.1664687e+00      3.2000000e-17      9.8399269e-03
     5.5000000e+02      4.2897174e+00      4.6000000e-17      3.2323562e-03
     5.5000000e+02      2.9018676e+00      6.8000000e-17      6.6160700e-04
     5.5000000e+02      1.9732700e+00      1.0000000e-16      8.5222296e-05
     5.5000000e+02      1.3155133e+00      1.5000000e-16      5.2424378e-06
     5.5000000e+02      8.9694091e-01      2.2000000e-16      1.8999328e-07
     5.5000000e+02      6.1664687e-01      3.2000000e-16      4.3144712e-09
     5.5000000e+02      1.9732700e-22      1.0000000e+06      0.0000000e+00
     6.0000000e+02      1.0000000e+99      0.0000000e+00      2.0486601e-01
     6.0000000e+02      3.9465400e+02      5.0000000e-19      1.9383254e-01
     6.0000000e+02      6.1664687e+01      3.2000000e-18      1.4453535e-01
     6.0000000e+02      1.3155133e+01      1.5000000e-17      4.3959358e-02
     6.0000000e+02      8.9694091e+00      2.2000000e-17      2.2977045e-02
     6.0000000e+02      6.1664687e+00      3.2000000e-17      9.6346732e-03
     6.0000000e+02      4.2897174e+00      4.6000000e-17      3.1283106e-03
     6.0000000e+02      2.9018676e+00      6.8000000e-17      6.3099353e-04
     6.0000000e+02      1.9732700e+00      1.0000000e-16      8.0193142e-05
     6.0000000e+02      1.3155133e+00      1.5000000e-16      4.9277640e-06
     6.0000000e+02      8.9694091e-01      2.2000000e-16      1.8238863e-07
     6.0000000e+02      6.1664687e-01      3.2000000e-16      4.0670814e-09
     6.0000000e+02      1.9732700e-22      1.0000000e+06      0.0000000e+00
     6.5000000e+02      1.0000000e+99      0.0000000e+00      2.0694494e-01
     6.5000000e+02      3.9465400e+02      5.0000000e-19      1.9571519e-01
     6.5000000e+02      6.1664687e+01      3.2000000e-18      1.4559011e-01
     6.5000000e+02      1.3155133e+01      1.5000000e-17      4.3766803e-02
     6.5000000e+02      8.9694091e+00      2.2000000e-17      2.2703330e-02
     6.5000000e+02      6.1664687e+00      3.2000000e-17      9.4130067e-03
     6.5000000e+02      4.2897174e+00      4.6000000e-17      3.0079466e-03
     6.5000000e+02      2.9018676e+00      6.8000000e-17      5.9235242e-04
     6.5000000e+02      1.9732700e+00      1.0000000e-16      7.2907256e-05
     6.5000000e+02      1.3155133e+00      1.5000000e-16      4.2354944e-06
     6.5000000e+02      8.9694091e-01      2.2000000e-16      1.3597195e-07
     6.5000000e+02      6.1664687e-01      3.2000000e-16      1.9505203e-09
     6.5000000e+02      1.9732700e-22      1.0000000e+06      0.0000000e+00
     7.0000000e+02      1.0000000e+99      0.0000000e+00      2.0929973e-01
     7.0000000e+02      3.9465400e+02      5.0000000e-19      1.9784912e-01
     7.0000000e+02      6.1664687e+01      3.2000000e-18      1.4682059e-01
     7.0000000e+02      1.3155133e+01      1.5000000e-17      4.3743610e-02
     7.0000000e+02      8.9694091e+00      2.2000000e-17      2.2586701e-02
     7.0000000e+02      6.1664687e+00      3.2000000e-17      9.3038630e-03
     7.0000000e+02      4.2897174e+00      4.6000000e-17      2.9438359e-03
     7.0000000e+02      2.9018676e+00      6.8000000e-17      5.6900815e-04
     7.0000000e+02      1.9732700e+00      1.0000000e-16      6.7641926e-05
     7.0000000e+02      1.3155133e+00      1.5000000e-16      3.6626209e-06
     7.0000000e+02      8.9694091e-01      2.2000000e-16      1.0406686e-07
     7.0000000e+02      6.1664687e-01      3.2000000e-16      1.2315364e-09
     7.0000000e+02      1.9732700e-22      1.0000000e+06      0.0000000e+00
     7.5000000e+02      1.0000000e+99      0.0000000e+00      2.0638315e-01
     7.5000000e+02      1.9732700e+04      1.0000000e-20      2.0614755e-01
     7.5000000e+02      1.9732700e+02      1.0000000e-18      1.8422593e-01
     7.5000000e+02      6.1664687e+01      3.2000000e-18      1.4413806e-01
     7.5000000e+02      1.3155133e+01      1.5000000e-17      4.2239557e-02
     7.5000000e+02      8.9694091e+00      2.2000000e-17      2.1593636e-02
     7.5000000e+02      6.1664687e+00      3.2000000e-17      8.7695784e-03
     7.5000000e+02      4.2897174e+00      4.6000000e-17      2.7219916e-03
     7.5000000e+02      2.9018676e+00      6.8000000e-17      5.1174000e-04
     7.5000000e+02      1.9732700e+00      1.0000000e-16      5.8795874e-05
     7.5000000e+02      1.3155133e+00      1.5000000e-16      3.0590921e-06
     7.5000000e+02      8.9694091e-01      2.2000000e-16      8.4339341e-08
     7.5000000e+02      6.1664687e-01      3.2000000e-16      1.0792395e-09
     7.5000000e+02      1.9732700e-22      1.0000000e+06      0.0000000e+00
     8.0000000e+02      1.0000000e+99      0.0000000e+00      2.0296661e-01
     8.0000000e+02      1.9732700e+04      1.0000000e-20      2.0273229e-01
     8.0000000e+02      1.9732700e+02      1.0000000e-18      1.8094711e-01
     8.0000000e+02      6.1664687e+01      3.2000000e-18      1.4120041e-01
     8.0000000e+02      1.3155133e+01      1.5000000e-17      4.0900408e-02
     8.0000000e+02      8.9694091e+00      2.2000000e-17      2.0788020e-02
     8.0000000e+02      6.1664687e+00      3.2000000e-17      8.3759744e-03
     8.0000000e+02      4.2897174e+00      4.6000000e-17      2.5709129e-03
     8.0000000e+02      2.9018676e+00      6.8000000e-17      4.7459880e-04
     8.0000000e+02      1.9732700e+00      1.0000000e-16      5.3196706e-05
     8.0000000e+02      1.3155133e+00      1.5000000e-16      2.7211915e-06
     8.0000000e+02      8.9694091e-01      2.2000000e-16      8.0763698e-08
     8.0000000e+02      6.1664687e-01      3.2000000e-16      1.4305690e-09
     8.0000000e+02      1.9732700e-22      1.0000000e+06      0.0000000e+00
     8.5000000e+02      1.0000000e+99      0.0000000e+00      1.9887934e-01
     8.5000000e+02      1.9732700e+04      1.0000000e-20      1.9864710e-01
     8.5000000e+02      1.9732700e+02      1.0000000e-18      1.7706994e-01
     8.5000000e+02      6.1664687e+01      3.2000000e-18      1.3778599e-01
     8.5000000e+02      1.3155133e+01      1.5000000e-17      3.9374579e-02
     8.5000000e+02      8.9694091e+00      2.2000000e-17      1.9872888e-02
     8.5000000e+02      6.1664687e+00      3.2000000e-17      7.9362671e-03
     8.5000000e+02      4.2897174e+00      4.6000000e-17      2.4103438e-03
     8.5000000e+02      2.9018676e+00      6.8000000e-17      4.3908636e-04
     8.5000000e+02      1.9732700e+00      1.0000000e-16      4.8332095e-05
     8.5000000e+02      1.3155133e+00      1.5000000e-16      2.3489074e-06
     8.5000000e+02      8.9694091e-01      2.2000000e-16      5.7587906e-08
     8.5000000e+02      6.1664687e-01      3.2000000e-16      5.3368952e-10
     8.5000000e+02      1.9732700e-22      1.0000000e+06      0.0000000e+00
     9.0000000e+02      1.0000000e+99      0.0000000e+00      1.9337284e-01
     9.0000000e+02      1.9732700e+04      1.0000000e-20      1.9314500e-01
     9.0000000e+02      1.9732700e+02      1.0000000e-18      1.7198778e-01
     9.0000000e+02      6.1664687e+01      3.2000000e-18      1.3353131e-01
     9.0000000e+02      1.3155133e+01      1.5000000e-17      3.7723235e-02
     9.0000000e+02      8.9694091e+00      2.2000000e-17      1.8908222e-02
     9.0000000e+02      6.1664687e+00      3.2000000e-17      7.4708635e-03
     9.0000000e+02      4.2897174e+00      4.6000000e-17      2.2303097e-03
     9.0000000e+02      2.9018676e+00      6.8000000e-17      3.9325087e-04
     9.0000000e+02      1.9732700e+00      1.0000000e-16      4.0929428e-05
     9.0000000e+02      1.3155133e+00      1.5000000e-16      1.8058592e-06
     9.0000000e+02      8.9694091e-01      2.2000000e-16      3.8027794e-08
     9.0000000e+02      6.1664687e-01      3.2000000e-16      2.7547667e-10
     9.0000000e+02      1.9732700e-22      1.0000000e+06      0.0000000e+00
     9.5000000e+02      1.0000000e+99      0.0000000e+00      1.8787168e-01
     9.5000000e+02      1.9732700e+04      1.0000000e-20      1.8764856e-01
     9.5000000e+02      1.9732700e+02      1.0000000e-18      1.6693921e-01
     9.5000000e+02      6.1664687e+01      3.2000000e-18      1.2935088e-01
     9.5000000e+02      1.3155133e+01      1.5000000e-17      3.6175754e-02
     9.5000000e+02      8.9694091e+00      2.2000000e-17      1.8032445e-02
     9.5000000e+02      6.1664687e+00      3.2000000e-17      7.0718298e-03
     9.5000000e+02      4.2897174e+00      4.6000000e-17      2.0909158e-03
     9.5000000e+02      2.9018676e+00      6.8000000e-17      3.6390711e-04
     9.5000000e+02      1.9732700e+00      1.0000000e-16      3.7390068e-05
     9.5000000e+02      1.3155133e+00      1.5000000e-16      1.6421187e-06
     9.5000000e+02      8.9694091e-01      2.2000000e-16      3.5106584e-08
     9.5000000e+02      6.1664687e-01      3.2000000e-16      2.6298996e-10
     9.5000000e+02      1.9732700e-22      1.0000000e+06      0.0000000e+00
     1.0000000e+03      1.0000000e+99      0.0000000e+00      1.8334095e-01
     1.0000000e+03      1.9732700e+04      1.0000000e-20      1.8312105e-01
     1.0000000e+03      1.9732700e+02      1.0000000e-18      1.6272216e-01
     1.0000000e+03      6.1664687e+01      3.2000000e-18      1.2576507e-01
     1.0000000e+03      1.3155133e+01      1.5000000e-17      3.4724369e-02
     1.0000000e+03      8.9694091e+00      2.2000000e-17      1.7177982e-02
     1.0000000e+03      6.1664687e+00      3.2000000e-17      6.6602212e-03
     1.0000000e+03      4.2897174e+00      4.6000000e-17      1.9351628e-03
     1.0000000e+03      2.9018676e+00      6.8000000e-17      3.2674999e-04
     1.0000000e+03      1.9732700e+00      1.0000000e-16      3.2042195e-05
     1.0000000e+03      1.3155133e+00      1.5000000e-16      1.3170706e-06
     1.0000000e+03      8.9694091e-01      2.2000000e-16      2.6369824e-08
     1.0000000e+03      6.1664687e-01      3.2000000e-16      1.7884373e-10
     1.0000000e+03      1.9732700e-22      1.0000000e+06      0.0000000e+00
     1.1000000e+03      1.0000000e+99      0.0000000e+00      1.7067702e-01
     1.1000000e+03      1.9732700e+04      1.0000000e-20      1.7047022e-01
     1.1000000e+03      1.9732700e+02      1.0000000e-18      1.5129901e-01
     1.1000000e+03      6.1664687e+01      3.2000000e-18      1.1663453e-01
     1.1000000e+03      1.3155133e+01      1.5000000e-17      3.1790114e-02
     1.1000000e+03      8.9694091e+00      2.2000000e-17      1.5608542e-02
     1.1000000e+03      6.1664687e+00      3.2000000e-17      5.9854978e-03
     1.1000000e+03      4.2897174e+00      4.6000000e-17      1.7113845e-03
     1.1000000e+03      2.9018676e+00      6.8000000e-17      2.8129804e-04
     1.1000000e+03      1.9732700e+00      1.0000000e-16      2.6425737e-05
     1.1000000e+03      1.3155133e+00      1.5000000e-16      1.0092152e-06
     1.1000000e+03      8.9694091e-01      2.2000000e-16      1.8430499e-08
     1.1000000e+03      6.1664687e-01      3.2000000e-16      1.1791951e-10
     1.1000000e+03      1.9732700e-22      1.0000000e+06      0.0000000e+00
     1.2000000e+03      1.0000000e+99      0.0000000e+00      1.5695846e-01
     1.2000000e+03      1.9732700e+04      1.0000000e-20      1.5676460e-01
     1.2000000e+03      1.9732700e+02      1.0000000e-18      1.3881134e-01
     1.2000000e+03      6.1664687e+01      3.2000000e-18      1.0645820e-01
     1.2000000e+03      1.3155133e+01      1.5000000e-17      2.8243734e-02
     1.2000000e+03      8.9694091e+00      2.2000000e-17      1.3652525e-02
     1.2000000e+03      6.1664687e+00      3.2000000e-17      5.1211697e-03
     1.2000000e+03      4.2897174e+00      4.6000000e-17      1.4201804e-03
     1.2000000e+03      2.9018676e+00      6.8000000e-17      2.2284888e-04
     1.2000000e+03      1.9732700e+00      1.0000000e-16      1.9681415e-05
     1.2000000e+03      1.3155133e+00      1.5000000e-16      6.8891168e-07
     1.2000000e+03      8.9694091e-01      2.2000000e-16      1.1262814e-08
     1.2000000e+03      6.1664687e-01      3.2000000e-16      6.5462461e-11
     1.2000000e+03      1.9732700e-22      1.0000000e+06      0.0000000e+00
     1.3000000e+03      1.0000000e+99      0.0000000e+00      1.4117713e-01
     1.3000000e+03      1.9732700e+04      1.0000000e-20      1.4099999e-01
     1.3000000e+03      1.9732700e+02      1.0000000e-18      1.2461507e-01
     1.3000000e+03      6.1664687e+01      3.2000000e-18      9.5191333e-02
     1.3000000e+03      1.3155133e+01      1.5000000e-17      2.4801940e-02
     1.3000000e+03      8.9694091e+00      2.2000000e-17      1.1868254e-02
     1.3000000e+03      6.1664687e+00      3.2000000e-17      4.3836833e-03
     1.3000000e+03      4.2897174e+00      4.6000000e-17      1.1861556e-03
     1.3000000e+03      2.9018676e+00      6.8000000e-17      1.7809149e-04
     1.3000000e+03      1.9732700e+00      1.0000000e-16      1.4756753e-05
     1.3000000e+03      1.3155133e+00      1.5000000e-16      4.8752239e-07
     1.3000000e+03      8.9694091e-01      2.2000000e-16      8.0678099e-09
     1.3000000e+03      1.9732700e-22      1.0000000e+06      0.0000000e+00
     1.4000000e+03      1.0000000e+99      0.0000000e+00      1.2781183e-01
     1.4000000e+03      1.9732700e+04      1.0000000e-20      1.2764935e-01
     1.4000000e+03      1.9732700e+02      1.0000000e-18      1.1263209e-01
     1.4000000e+03      6.1664687e+01      3.2000000e-18      8.5731581e-02
     1.4000000e+03      1.3155133e+01      1.5000000e-17      2.1935403e-02
     1.4000000e+03      8.9694091e+00      2.2000000e-17      1.0389644e-02
     1.4000000e+03      6.1664687e+00      3.2000000e-17      3.7839631e-03
     1.4000000e+03      4.2897174e+00      4.6000000e-17      1.0050870e-03
     1.4000000e+03      2.9018676e+00      6.8000000e-17      1.4694304e-04
     1.4000000e+03      1.9732700e+00      1.0000000e-16      1.1731562e-05
     1.4000000e+03      1.3155133e+00      1.5000000e-16      3.5976376e-07
     1.4000000e+03      8.9694091e-01      2.2000000e-16      5.0659936e-09
     1.4000000e+03      1.9732700e-22      1.0000000e+06      0.0000000e+00
     1.5000000e+03      1.0000000e+99      0.0000000e+00      1.1547054e-01
     1.5000000e+03      1.9732700e+04      1.0000000e-20      1.1532283e-01
     1.5000000e+03      1.9732700e+02      1.0000000e-18      1.0167313e-01
     1.5000000e+03      6.1664687e+01      3.2000000e-18      7.7241017e-02
     1.5000000e+03      1.3155133e+01      1.5000000e-17      1.9497825e-02
     1.5000000e+03      8.9694091e+00      2.2000000e-17      9.1378064e-03
     1.5000000e+03      6.1664687e+00      3.2000000e-17      3.2679110e-03
     1.5000000e+03      4.2897174e+00      4.6000000e-17      8.4155783e-04
     1.5000000e+03      2.9018676e+00      6.8000000e-17      1.1599577e-04
     1.5000000e+03      1.9732700e+00      1.0000000e-16      8.3742727e-06
     1.5000000e+03      1.3155133e+00      1.5000000e-16      2.1544133e-07
     1.5000000e+03      8.9694091e-01      2.2000000e-16      2.3264423e-09
     1.5000000e+03      1.9732700e-22      1.0000000e+06      0.0000000e+00
     1.6000000e+03      1.0000000e+99      0.0000000e+00      1.0279539e-01
     1.6000000e+03      1.9732700e+04      1.0000000e-20      1.0266213e-01
     1.6000000e+03      1.9732700e+02      1.0000000e-18      9.0360464e-02
     1.6000000e+03      6.1664687e+01      3.2000000e-18      6.8407536e-02
     1.6000000e+03      1.3155133e+01      1.5000000e-17      1.6999221e-02
     1.6000000e+03      8.9694091e+00      2.2000000e-17      7.9001342e-03
     1.6000000e+03      6.1664687e+00      3.2000000e-17      2.7903452e-03
     1.6000000e+03      4.2897174e+00      4.6000000e-17      7.0459646e-04
     1.6000000e+03      2.9018676e+00      6.8000000e-17      9.3580374e-05
     1.6000000e+03      1.9732700e+00      1.0000000e-16      6.3341337e-06
     1.6000000e+03      1.3155133e+00      1.5000000e-16      1.4745779e-07
     1.6000000e+03      8.9694091e-01      2.2000000e-16      1.4932886e-09
     1.6000000e+03      1.9732700e-22      1.0000000e+06      0.0000000e+00
     1.7000000e+03      1.0000000e+99      0.0000000e+00      8.9572638e-02
     1.7000000e+03      1.9732700e+04      1.0000000e-20      8.9455096e-02
     1.7000000e+03      1.9732700e+02      1.0000000e-18      7.8613539e-02
     1.7000000e+03      6.1664687e+01      3.2000000e-18      5.9315917e-02
     1.7000000e+03      1.3155133e+01      1.5000000e-17      1.4503984e-02
     1.7000000e+03      8.9694091e+00      2.2000000e-17      6.6806452e-03
     1.7000000e+03      6.1664687e+00      3.2000000e-17      2.3303169e-03
     1.7000000e+03      4.2897174e+00      4.6000000e-17      5.7854120e-04
     1.7000000e+03      2.9018676e+00      6.8000000e-17      7.5036521e-05
     1.7000000e+03      1.9732700e+00      1.0000000e-16      4.9587618e-06
     1.7000000e+03      1.3155133e+00      1.5000000e-16      1.1365612e-07
     1.7000000e+03      8.9694091e-01      2.2000000e-16      1.1261281e-09
     1.7000000e+03      1.9732700e-22      1.0000000e+06      0.0000000e+00
     1.8000000e+03      1.0000000e+99      0.0000000e+00      7.8206887e-02
     1.8000000e+03      1.9732700e+04      1.0000000e-20      7.8103500e-02
     1.8000000e+03      1.9732700e+02      1.0000000e-18      6.8573175e-02
     1.8000000e+03      6.1664687e+01      3.2000000e-18      5.1640138e-02
     1.8000000e+03      1.3155133e+01      1.5000000e-17      1.2527308e-02
     1.8000000e+03      8.9694091e+00      2.2000000e-17      5.7496783e-03
     1.8000000e+03      6.1664687e+00      3.2000000e-17      1.9970897e-03
     1.8000000e+03      4.2897174e+00      4.6000000e-17      4.9348095e-04
     1.8000000e+03      2.9018676e+00      6.8000000e-17      6.3636576e-05
     1.8000000e+03      1.9732700e+00      1.0000000e-16      4.1520826e-06
     1.8000000e+03      1.3155133e+00      1.5000000e-16      8.9067156e-08
     1.8000000e+03      8.9694091e-01      2.2000000e-16      7.0238020e-10
     1.8000000e+03      1.9732700e-22      1.0000000e+06      0.0000000e+00
     1.9000000e+03      1.0000000e+99      0.0000000e+00      6.7499370e-02
     1.9000000e+03      1.9732700e+03      1.0000000e-19      6.6601169e-02
     1.9000000e+03      1.9732700e+02      1.0000000e-18      5.9081655e-02
     1.9000000e+03      6.1664687e+01      3.2000000e-18      4.4325359e-02
     1.9000000e+03      1.3155133e+01      1.5000000e-17      1.0538214e-02
     1.9000000e+03      8.9694091e+00      2.2000000e-17      4.7740143e-03
     1.9000000e+03      6.1664687e+00      3.2000000e-17      1.6240436e-03
     1.9000000e+03      4.2897174e+00      4.6000000e-17      3.8812816e-04
     1.9000000e+03      2.9018676e+00      6.8000000e-17      4.7153217e-05
     1.9000000e+03      1.9732700e+00      1.0000000e-16      2.8231359e-06
     1.9000000e+03      1.3155133e+00      1.5000000e-16      5.7270833e-08
     1.9000000e+03      8.9694091e-01      2.2000000e-16      5.5830861e-10
     1.9000000e+03      1.9732700e-22      1.0000000e+06      0.0000000e+00
     2.0000000e+03      1.0000000e+99      0.0000000e+00      5.8324344e-02
     2.0000000e+03      1.9732700e+03      1.0000000e-19      5.7542869e-02
     2.0000000e+03      1.9732700e+02      1.0000000e-18      5.1004783e-02
     2.0000000e+03      6.1664687e+01      3.2000000e-18      3.8198503e-02
     2.0000000e+03      1.3155133e+01      1.5000000e-17      9.0346241e-03
     2.0000000e+03      8.9694091e+00      2.2000000e-17      4.0896890e-03
     2.0000000e+03      6.1664687e+00      3.2000000e-17      1.3918642e-03
     2.0000000e+03      4.2897174e+00      4.6000000e-17      3.3326240e-04
     2.0000000e+03      2.9018676e+00      6.8000000e-17      4.0538857e-05
     2.0000000e+03      1.9732700e+00      1.0000000e-16      2.3842145e-06
     2.0000000e+03      1.3155133e+00      1.5000000e-16      4.2017056e-08
     2.0000000e+03      8.9694091e-01      2.2000000e-16      2.4064195e-10
     2.0000000e+03      1.9732700e-22      1.0000000e+06      0.0000000e+00
     2.2000000e+03      1.0000000e+99      0.0000000e+00      4.2425846e-02
     2.2000000e+03      1.9732700e+03      1.0000000e-19      4.1854580e-02
     2.2000000e+03      1.9732700e+02      1.0000000e-18      3.7076222e-02
     2.2000000e+03      6.1664687e+01      3.2000000e-18      2.7722921e-02
     2.2000000e+03      1.3155133e+01      1.5000000e-17      6.4789098e-03
     2.2000000e+03      8.9694091e+00      2.2000000e-17      2.9018462e-03
     2.2000000e+03      6.1664687e+00      3.2000000e-17      9.6802860e-04
     2.2000000e+03      4.2897174e+00      4.6000000e-17      2.2338886e-04
     2.2000000e+03      2.9018676e+00      6.8000000e-17      2.5230237e-05
     2.2000000e+03      1.9732700e+00      1.0000000e-16      1.3101314e-06
     2.2000000e+03      1.3155133e+00      1.5000000e-16      1.9577095e-08
     2.2000000e+03      8.9694091e-01      2.2000000e-16      1.0421902e-10
     2.2000000e+03      1.9732700e-22      1.0000000e+06      0.0000000e+00
     2.4000000e+03      1.0000000e+99      0.0000000e+00      3.1211082e-02
     2.4000000e+03      1.9732700e+03      1.0000000e-19      3.0790307e-02
     2.4000000e+03      1.9732700e+02      1.0000000e-18      2.7271020e-02
     2.4000000e+03      6.1664687e+01      3.2000000e-18      2.0383268e-02
     2.4000000e+03      1.3155133e+01      1.5000000e-17      4.7391544e-03
     2.4000000e+03      8.9694091e+00      2.2000000e-17      2.1090282e-03
     2.4000000e+03      6.1664687e+00      3.2000000e-17      6.9431725e-04
     2.4000000e+03      4.2897174e+00      4.6000000e-17      1.5632112e-04
     2.4000000e+03      2.9018676e+00      6.8000000e-17      1.6797931e-05
     2.4000000e+03      1.9732700e+00      1.0000000e-16      7.9173324e-07
     2.4000000e+03      1.3155133e+00      1.5000000e-16      9.3758770e-09
     2.4000000e+03      1.9732700e-22      1.0000000e+06      0.0000000e+00
     2.6000000e+03      1.0000000e+99      0.0000000e+00      2.1662435e-02
     2.6000000e+03      1.9732700e+03      1.0000000e-19      2.1373339e-02
     2.6000000e+03      1.9732700e+02      1.0000000e-18      1.8952990e-02
     2.6000000e+03      6.1664687e+01      3.2000000e-18      1.4202043e-02
     2.6000000e+03      1.3155133e+01      1.5000000e-17      3.3163927e-03
     2.6000000e+03      8.9694091e+00      2.2000000e-17      1.4705719e-03
     2.6000000e+03      6.1664687e+00      3.2000000e-17      4.7906483e-04
     2.6000000e+03      4.2897174e+00      4.6000000e-17      1.0554789e-04
     2.6000000e+03      2.9018676e+00      6.8000000e-17      1.0850968e-05
     2.6000000e+03      1.9732700e+00      1.0000000e-16      4.7184105e-07
     2.6000000e+03      1.3155133e+00      1.5000000e-16      4.7426982e-09
     2.6000000e+03      1.9732700e-22      1.0000000e+06      0.0000000e+00
     2.8000000e+03      1.0000000e+99      0.0000000e+00      1.4801489e-02
     2.8000000e+03      1.9732700e+03      1.0000000e-19      1.4603407e-02
     2.8000000e+03      1.9732700e+02      1.0000000e-18      1.2944940e-02
     2.8000000e+03      6.1664687e+01      3.2000000e-18      9.6890439e-03
     2.8000000e+03      1.3155133e+01      1.5000000e-17      2.2347043e-03
     2.8000000e+03      8.9694091e+00      2.2000000e-17      9.7892949e-04
     2.8000000e+03      6.1664687e+00      3.2000000e-17      3.1172072e-04
     2.8000000e+03      4.2897174e+00      4.6000000e-17      6.5921651e-05
     2.8000000e+03      2.9018676e+00      6.8000000e-17      6.2436882e-06
     2.8000000e+03      1.9732700e+00      1.0000000e-16      2.3412961e-07
     2.8000000e+03      1.3155133e+00      1.5000000e-16      1.8042891e-09
     2.8000000e+03      1.9732700e-22      1.0000000e+06      0.0000000e+00
     3.0000000e+03      1.0000000e+99      0.0000000e+00      9.4983942e-03
     3.0000000e+03      1.9732700e+03      1.0000000e-19      9.3702607e-03
     3.0000000e+03      1.9732700e+02      1.0000000e-18      8.2980729e-03
     3.0000000e+03      6.1664687e+01      3.2000000e-18      6.1967142e-03
     3.0000000e+03      1.3155133e+01      1.5000000e-17      1.4115028e-03
     3.0000000e+03      8.9694091e+00      2.2000000e-17      6.1291868e-04
     3.0000000e+03      6.1664687e+00      3.2000000e-17      1.9223082e-04
     3.0000000e+03      4.2897174e+00      4.6000000e-17      3.9574261e-05
     3.0000000e+03      2.9018676e+00      6.8000000e-17      3.5455449e-06
     3.0000000e+03      1.9732700e+00      1.0000000e-16      1.1918785e-07
     3.0000000e+03      1.3155133e+00      1.5000000e-16      7.2923928e-10
     3.0000000e+03      1.9732700e-22      1.0000000e+06      0.0000000e+00
     3.5000000e+03      1.0000000e+99      0.0000000e+00      1.5483656e-03
     3.5000000e+03      1.9732700e+03      1.0000000e-19      1.5263774e-03
     3.5000000e+03      1.9732700e+02      1.0000000e-18      1.3431063e-03
     3.5000000e+03      6.1664687e+01      3.2000000e-18      9.8797539e-04
     3.5000000e+03      1.3155133e+01      1.5000000e-17      2.0808821e-04
     3.5000000e+03      8.9694091e+00      2.2000000e-17      8.5983037e-05
     3.5000000e+03      6.1664687e+00      3.2000000e-17      2.4987586e-05
     3.5000000e+03      4.2897174e+00      4.6000000e-17      4.5884765e-06
     3.5000000e+03      2.9018676e+00      6.8000000e-17      3.4031227e-07
     3.5000000e+03      1.9732700e+00      1.0000000e-16      8.6316185e-09
     3.5000000e+03      1.9732700e-22      1.0000000e+06      0.0000000e+00
     4.0000000e+03      1.0000000e+99      0.0000000e+00      2.9336873e-05
     4.0000000e+03      1.9732700e+03      1.0000000e-19      2.8889507e-05
     4.0000000e+03      1.9732700e+02      1.0000000e-18      2.5186949e-05
     4.0000000e+03      6.1664687e+01      3.2000000e-18      1.8146553e-05
     4.0000000e+03      1.9732700e+01      1.0000000e-17      6.8764923e-06
     4.0000000e+03      1.3155133e+01      1.5000000e-17      3.4487839e-06
     4.0000000e+03      8.9694091e+00      2.2000000e-17      1.3351544e-06
     4.0000000e+03      6.1664687e+00      3.2000000e-17      3.5102416e-07
     4.0000000e+03      4.2897174e+00      4.6000000e-17      5.5386078e-08
     4.0000000e+03      2.9018676e+00      6.8000000e-17      3.1685061e-09
     4.0000000e+03      1.9732700e-22      1.0000000e+06      0.0000000e+00
     4.5000000e+03      1.0000000e+99      0.0000000e+00      1.9219158e-07
     4.5000000e+03      1.9732700e+03      1.0000000e-19      1.8432807e-07
     4.5000000e+03      3.9465400e+02      5.0000000e-19      1.5603124e-07
     4.5000000e+03      1.9732700e+02      1.0000000e-18      1.2681018e-07
     4.5000000e+03      6.1664687e+01      3.2000000e-18      5.1511593e-08
     4.5000000e+03      3.5236964e+01      5.6000000e-18      1.9637635e-08
     4.5000000e+03      1.9732700e+01      1.0000000e-17      3.4857495e-09
     4.5000000e+03      1.9732700e-22      1.0000000e+06      0.0000000e+00
     5.0000000e+03      1.0000000e+99      0.0000000e+00      3.4932529e-08
     5.0000000e+03      1.9732700e+03      1.0000000e-19      3.3201563e-08
     5.0000000e+03      3.9465400e+02      5.0000000e-19      2.7115507e-08
     5.0000000e+03      1.0962611e+02      1.8000000e-18      1.4160497e-08
     5.0000000e+03      6.1664687e+01      3.2000000e-18      7.1299324e-09
     5.0000000e+03      1.9732700e-22      1.0000000e+06      0.0000000e+00
