## HSCPM5 efficiencies
## x	y	z	 effi
105.0	100.0	50.0	0.0
105.0	100.0	80.0	0.0
105.0	100.0	90.0	0.0
305.0	100.0	50.0	0.0
305.0	100.0	80.0	0.0
305.0	150.0	120.0	0.0
305.0	200.0	50.0	0.0
305.0	200.0	80.0	0.0
305.0	200.0	120.0	0.0
305.0	250.0	50.0	0.0
305.0	250.0	80.0	0.0
305.0	250.0	120.0	0.0
305.0	250.0	200.0	0.0
305.0	300.0	50.0	0.0
305.0	300.0	80.0	0.0
305.0	300.0	120.0	0.0
305.0	300.0	200.0	0.0
305.0	300.0	280.0	0.0
305.0	300.0	290.0	0.0
405.0	200.0	120.0	0.0
405.0	250.0	200.0	0.0
405.0	300.0	50.0	0.0
405.0	300.0	80.0	0.0
405.0	300.0	120.0	0.0
405.0	300.0	200.0	0.0
405.0	300.0	280.0	0.0
405.0	350.0	50.0	0.0
405.0	350.0	80.0	0.0
405.0	350.0	120.0	0.0
405.0	350.0	200.0	0.0
405.0	350.0	280.0	0.0
405.0	350.0	300.0	0.0
405.0	350.0	320.0	0.0
405.0	350.0	340.0	0.0
405.0	400.0	50.0	0.0
405.0	400.0	80.0	0.0
405.0	400.0	120.0	0.0
405.0	400.0	200.0	0.0
405.0	400.0	280.0	0.0
405.0	400.0	300.0	0.0
405.0	400.0	320.0	0.0
405.0	400.0	340.0	0.0
405.0	400.0	360.0	0.0
405.0	400.0	380.0	0.0
405.0	400.0	390.0	0.0
455.0	250.0	200.0	0.0
455.0	300.0	280.0	0.0
455.0	350.0	50.0	0.0
455.0	350.0	80.0	0.0
455.0	350.0	120.0	0.0
455.0	350.0	200.0	0.0
455.0	350.0	280.0	0.0
455.0	350.0	300.0	0.0
455.0	350.0	320.0	0.0
455.0	350.0	340.0	0.0
455.0	400.0	50.0	0.0
455.0	400.0	80.0	0.0
455.0	400.0	120.0	0.0
455.0	400.0	200.0	0.0
455.0	400.0	280.0	0.0
455.0	400.0	300.0	0.0
455.0	400.0	320.0	0.0
455.0	400.0	340.0	0.0
455.0	400.0	360.0	0.0
455.0	400.0	380.0	0.0
455.0	450.0	50.0	0.0
455.0	450.0	80.0	0.0
455.0	450.0	120.0	0.0
455.0	450.0	200.0	0.0
455.0	450.0	280.0	0.0
455.0	450.0	300.0	0.0
455.0	450.0	320.0	0.0
455.0	450.0	340.0	0.0
455.0	450.0	360.0	0.0
455.0	450.0	380.0	0.0
455.0	450.0	400.0	0.0
455.0	450.0	430.0	0.0
455.0	450.0	440.0	0.0
505.0	100.0	50.0	0.0
505.0	100.0	80.0	0.0
505.0	150.0	120.0	0.0
505.0	200.0	50.0	0.0
505.0	200.0	80.0	0.0
505.0	200.0	120.0	0.0
505.0	250.0	200.0	0.0
505.0	300.0	280.0	0.0
505.0	350.0	280.0	0.0
505.0	350.0	300.0	0.0
505.0	350.0	320.0	0.0
505.0	350.0	340.0	0.0
505.0	400.0	50.0	0.0
505.0	400.0	80.0	0.0
505.0	400.0	120.0	0.0
505.0	400.0	200.0	0.0
505.0	400.0	280.0	0.0
505.0	400.0	300.0	0.0
505.0	400.0	320.0	0.0
505.0	400.0	340.0	0.0
505.0	400.0	360.0	0.0
505.0	400.0	380.0	0.0
505.0	450.0	50.0	0.0
505.0	450.0	80.0	0.0
505.0	450.0	120.0	0.0
505.0	450.0	200.0	0.0
505.0	450.0	280.0	0.0
505.0	450.0	300.0	0.0
505.0	450.0	320.0	0.0
505.0	450.0	340.0	0.0
505.0	450.0	360.0	0.0
505.0	450.0	380.0	0.0
505.0	450.0	400.0	0.0
505.0	450.0	430.0	0.0
505.0	500.0	50.0	0.0
505.0	500.0	80.0	0.0
505.0	500.0	120.0	0.0
505.0	500.0	200.0	0.0
505.0	500.0	280.0	0.0
505.0	500.0	300.0	0.0
505.0	500.0	320.0	0.0
505.0	500.0	340.0	0.0
505.0	500.0	360.0	0.0
505.0	500.0	380.0	0.0
505.0	500.0	400.0	0.0
505.0	500.0	430.0	0.0
505.0	500.0	480.0	0.582
505.0	500.0	490.0	0.577
555.0	250.0	200.0	0.0
555.0	300.0	280.0	0.0
555.0	350.0	280.0	0.0
555.0	350.0	300.0	0.0
555.0	350.0	320.0	0.0
555.0	350.0	340.0	0.0
555.0	400.0	50.0	0.0
555.0	400.0	80.0	0.0
555.0	400.0	120.0	0.0
555.0	400.0	200.0	0.0
555.0	400.0	280.0	0.0
555.0	400.0	300.0	0.0
555.0	400.0	320.0	0.0
555.0	400.0	340.0	0.0
555.0	400.0	360.0	0.0
555.0	400.0	380.0	0.0
555.0	450.0	50.0	0.0
555.0	450.0	80.0	0.0
555.0	450.0	120.0	0.0
555.0	450.0	200.0	0.0
555.0	450.0	280.0	0.0
555.0	450.0	300.0	0.0
555.0	450.0	320.0	0.0
555.0	450.0	340.0	0.0
555.0	450.0	360.0	0.0
555.0	450.0	380.0	0.0
555.0	450.0	400.0	0.0
555.0	450.0	430.0	0.0
555.0	500.0	50.0	0.0
555.0	500.0	80.0	0.0
555.0	500.0	120.0	0.0
555.0	500.0	200.0	0.0
555.0	500.0	280.0	0.0
555.0	500.0	300.0	0.0
555.0	500.0	320.0	0.0
555.0	500.0	340.0	0.0
555.0	500.0	360.0	0.0
555.0	500.0	380.0	0.0
555.0	500.0	400.0	0.0
555.0	500.0	430.0	0.0
555.0	500.0	480.0	0.591
555.0	550.0	50.0	0.0
555.0	550.0	80.0	0.0
555.0	550.0	120.0	0.0
555.0	550.0	200.0	0.0
555.0	550.0	280.0	0.0
555.0	550.0	300.0	0.0
555.0	550.0	320.0	0.0
555.0	550.0	340.0	0.0
555.0	550.0	360.0	0.0
555.0	550.0	380.0	0.0
555.0	550.0	400.0	0.0
555.0	550.0	430.0	0.0
555.0	550.0	540.0	0.585
605.0	100.0	50.0	0.0
605.0	100.0	80.0	0.0
605.0	150.0	120.0	0.0
605.0	200.0	50.0	0.0
605.0	200.0	80.0	0.0
605.0	200.0	120.0	0.0
605.0	250.0	200.0	0.0
605.0	300.0	280.0	0.0
605.0	350.0	280.0	0.0
605.0	350.0	300.0	0.0
605.0	350.0	320.0	0.0
605.0	350.0	340.0	0.0
605.0	400.0	50.0	0.0
605.0	400.0	80.0	0.0
605.0	400.0	120.0	0.0
605.0	400.0	200.0	0.0
605.0	400.0	280.0	0.0
605.0	400.0	300.0	0.0
605.0	400.0	320.0	0.0
605.0	400.0	340.0	0.0
605.0	400.0	360.0	0.0
605.0	400.0	380.0	0.0
605.0	450.0	50.0	0.0
605.0	450.0	80.0	0.0
605.0	450.0	120.0	0.0
605.0	450.0	200.0	0.0
605.0	450.0	280.0	0.0
605.0	450.0	300.0	0.0
605.0	450.0	320.0	0.0
605.0	450.0	340.0	0.0
605.0	450.0	360.0	0.0
605.0	450.0	380.0	0.0
605.0	450.0	400.0	0.0
605.0	450.0	430.0	0.0
605.0	500.0	50.0	0.0
605.0	500.0	80.0	0.0
605.0	500.0	120.0	0.0
605.0	500.0	200.0	0.0
605.0	500.0	280.0	0.0
605.0	500.0	300.0	0.0
605.0	500.0	320.0	0.0
605.0	500.0	340.0	0.0
605.0	500.0	360.0	0.0
605.0	500.0	380.0	0.0
605.0	500.0	400.0	0.0
605.0	500.0	430.0	0.0
605.0	500.0	480.0	0.611
605.0	550.0	50.0	0.0
605.0	550.0	80.0	0.0
605.0	550.0	120.0	0.0
605.0	550.0	200.0	0.0
605.0	550.0	280.0	0.0
605.0	550.0	300.0	0.0
605.0	550.0	320.0	0.0
605.0	550.0	340.0	0.0
605.0	550.0	360.0	0.0
605.0	550.0	380.0	0.0
605.0	550.0	400.0	0.0
605.0	550.0	430.0	0.0
605.0	550.0	480.0	0.605
605.0	600.0	50.0	0.0
605.0	600.0	80.0	0.0
605.0	600.0	120.0	0.0
605.0	600.0	200.0	0.0
605.0	600.0	280.0	0.0
605.0	600.0	300.0	0.0
605.0	600.0	320.0	0.0
605.0	600.0	340.0	0.0
605.0	600.0	360.0	0.0
605.0	600.0	380.0	0.0
605.0	600.0	400.0	0.0
605.0	600.0	430.0	0.0
605.0	600.0	480.0	0.624
605.0	600.0	590.0	0.59
705.0	250.0	200.0	0.0
705.0	300.0	280.0	0.0
705.0	350.0	280.0	0.0
705.0	350.0	300.0	0.0
705.0	350.0	320.0	0.0
705.0	350.0	340.0	0.0
705.0	400.0	50.0	0.0
705.0	400.0	80.0	0.0
705.0	400.0	120.0	0.0
705.0	400.0	200.0	0.0
705.0	400.0	280.0	0.0
705.0	400.0	300.0	0.0
705.0	400.0	320.0	0.0
705.0	400.0	340.0	0.0
705.0	400.0	360.0	0.0
705.0	400.0	380.0	0.0
705.0	450.0	340.0	0.0
705.0	450.0	360.0	0.0
705.0	450.0	380.0	0.0
705.0	450.0	400.0	0.0
705.0	450.0	430.0	0.0
705.0	500.0	50.0	0.0
705.0	500.0	80.0	0.0
705.0	500.0	120.0	0.0
705.0	500.0	200.0	0.0
705.0	500.0	280.0	0.0
705.0	500.0	300.0	0.0
705.0	500.0	320.0	0.0
705.0	500.0	340.0	0.0
705.0	500.0	360.0	0.0
705.0	500.0	380.0	0.0
705.0	500.0	400.0	0.0
705.0	500.0	430.0	0.0
705.0	500.0	480.0	0.667
705.0	550.0	50.0	0.0
705.0	550.0	80.0	0.0
705.0	550.0	120.0	0.0
705.0	550.0	200.0	0.0
705.0	550.0	280.0	0.0
705.0	550.0	300.0	0.0
705.0	550.0	320.0	0.0
705.0	550.0	340.0	0.0
705.0	550.0	360.0	0.0
705.0	550.0	380.0	0.0
705.0	550.0	400.0	0.0
705.0	550.0	430.0	0.0
705.0	550.0	480.0	0.646
705.0	600.0	50.0	0.0
705.0	600.0	80.0	0.0
705.0	600.0	120.0	0.0
705.0	600.0	200.0	0.0
705.0	600.0	280.0	0.0
705.0	600.0	300.0	0.0
705.0	600.0	320.0	0.0
705.0	600.0	340.0	0.0
705.0	600.0	360.0	0.0
705.0	600.0	380.0	0.0
705.0	600.0	400.0	0.0
705.0	600.0	430.0	0.0
705.0	650.0	50.0	0.0
705.0	650.0	80.0	0.0
705.0	650.0	120.0	0.0
705.0	650.0	200.0	0.0
705.0	650.0	280.0	0.0
705.0	650.0	300.0	0.0
705.0	650.0	320.0	0.0
705.0	650.0	340.0	0.0
705.0	650.0	360.0	0.0
705.0	650.0	380.0	0.0
705.0	650.0	400.0	0.0
705.0	650.0	430.0	0.0
705.0	650.0	480.0	0.659
705.0	650.0	640.0	0.606
705.0	700.0	50.0	0.0
705.0	700.0	80.0	0.0
705.0	700.0	120.0	0.0
705.0	700.0	200.0	0.0
705.0	700.0	280.0	0.0
705.0	700.0	300.0	0.0
705.0	700.0	320.0	0.0
705.0	700.0	340.0	0.0
705.0	700.0	360.0	0.0
705.0	700.0	380.0	0.0
705.0	700.0	400.0	0.0
705.0	700.0	430.0	0.0
705.0	700.0	480.0	0.675
705.0	700.0	640.0	0.605
705.0	700.0	690.0	0.588
805.0	100.0	50.0	0.0
805.0	100.0	70.0	0.0
805.0	150.0	50.0	0.0
805.0	150.0	70.0	0.0
805.0	150.0	100.0	0.0
805.0	150.0	140.0	0.0
805.0	200.0	50.0	0.0
805.0	200.0	70.0	0.0
805.0	200.0	100.0	0.0
805.0	200.0	140.0	0.0
805.0	200.0	170.0	0.0
805.0	250.0	50.0	0.0
805.0	250.0	100.0	0.0
805.0	250.0	140.0	0.0
805.0	250.0	170.0	0.0
805.0	250.0	200.0	0.0
805.0	250.0	240.0	0.0
805.0	300.0	50.0	0.0
805.0	300.0	70.0	0.0
805.0	300.0	100.0	0.0
805.0	300.0	140.0	0.0
805.0	300.0	170.0	0.0
805.0	300.0	200.0	0.0
805.0	300.0	240.0	0.0
805.0	300.0	280.0	0.0
805.0	350.0	50.0	0.0
805.0	350.0	70.0	0.0
805.0	350.0	100.0	0.0
805.0	350.0	140.0	0.0
805.0	350.0	170.0	0.0
805.0	350.0	200.0	0.0
805.0	350.0	240.0	0.0
805.0	350.0	280.0	0.0
805.0	350.0	300.0	0.0
805.0	350.0	320.0	0.0
805.0	350.0	340.0	0.0
805.0	400.0	50.0	0.0
805.0	400.0	70.0	0.0
805.0	400.0	100.0	0.0
805.0	400.0	140.0	0.0
805.0	400.0	170.0	0.0
805.0	400.0	200.0	0.0
805.0	400.0	240.0	0.0
805.0	400.0	280.0	0.0
805.0	400.0	300.0	0.0
805.0	400.0	320.0	0.0
805.0	400.0	340.0	0.0
805.0	400.0	360.0	0.0
805.0	400.0	380.0	0.0
805.0	450.0	50.0	0.0
805.0	450.0	70.0	0.0
805.0	450.0	100.0	0.0
805.0	450.0	140.0	0.0
805.0	450.0	170.0	0.0
805.0	450.0	200.0	0.0
805.0	450.0	240.0	0.0
805.0	450.0	280.0	0.0
805.0	450.0	300.0	0.0
805.0	450.0	320.0	0.0
805.0	450.0	340.0	0.0
805.0	450.0	360.0	0.0
805.0	450.0	380.0	0.0
805.0	450.0	400.0	0.0
805.0	450.0	430.0	0.0
805.0	500.0	50.0	0.0
805.0	500.0	70.0	0.0
805.0	500.0	100.0	0.0
805.0	500.0	140.0	0.0
805.0	500.0	170.0	0.0
805.0	500.0	200.0	0.0
805.0	500.0	240.0	0.0
805.0	500.0	280.0	0.0
805.0	500.0	300.0	0.0
805.0	500.0	320.0	0.0
805.0	500.0	340.0	0.0
805.0	500.0	360.0	0.0
805.0	500.0	380.0	0.0
805.0	500.0	400.0	0.0
805.0	500.0	430.0	0.0
805.0	500.0	480.0	0.693
805.0	550.0	50.0	0.0
805.0	550.0	70.0	0.0
805.0	550.0	100.0	0.0
805.0	550.0	140.0	0.0
805.0	550.0	170.0	0.0
805.0	550.0	200.0	0.0
805.0	550.0	240.0	0.0
805.0	550.0	280.0	0.0
805.0	550.0	300.0	0.0
805.0	550.0	320.0	0.0
805.0	550.0	340.0	0.0
805.0	550.0	360.0	0.0
805.0	550.0	380.0	0.0
805.0	550.0	400.0	0.0
805.0	550.0	430.0	0.0
805.0	550.0	480.0	0.682
805.0	600.0	50.0	0.0
805.0	600.0	70.0	0.0
805.0	600.0	100.0	0.0
805.0	600.0	140.0	0.0
805.0	600.0	200.0	0.0
805.0	600.0	240.0	0.0
805.0	600.0	280.0	0.0
805.0	600.0	300.0	0.0
805.0	600.0	320.0	0.0
805.0	600.0	340.0	0.0
805.0	600.0	360.0	0.0
805.0	600.0	380.0	0.0
805.0	600.0	400.0	0.0
805.0	600.0	430.0	0.0
805.0	600.0	480.0	0.675
805.0	650.0	50.0	0.0
805.0	650.0	70.0	0.0
805.0	650.0	100.0	0.0
805.0	650.0	140.0	0.0
805.0	650.0	340.0	0.0
805.0	650.0	360.0	0.0
805.0	650.0	380.0	0.0
805.0	650.0	400.0	0.0
805.0	650.0	430.0	0.0
805.0	650.0	480.0	0.675
805.0	650.0	640.0	0.626
805.0	700.0	50.0	0.0
805.0	700.0	70.0	0.0
805.0	700.0	100.0	0.0
805.0	700.0	140.0	0.0
805.0	700.0	480.0	0.679
805.0	700.0	640.0	0.62
805.0	750.0	50.0	0.0
805.0	750.0	70.0	0.0
805.0	750.0	100.0	0.0
805.0	750.0	140.0	0.0
805.0	750.0	170.0	0.0
805.0	750.0	640.0	0.628
805.0	800.0	50.0	0.0
805.0	800.0	70.0	0.0
805.0	800.0	100.0	0.0
805.0	800.0	140.0	0.0
805.0	800.0	170.0	0.0
805.0	800.0	200.0	0.0
805.0	800.0	280.0	0.0
805.0	800.0	300.0	0.0
805.0	800.0	320.0	0.0
805.0	800.0	340.0	0.0
805.0	800.0	360.0	0.0
805.0	800.0	380.0	0.0
805.0	800.0	400.0	0.0
805.0	800.0	430.0	0.0
805.0	800.0	480.0	0.693
805.0	800.0	640.0	0.639
805.0	800.0	790.0	0.577
1005.0	100.0	50.0	0.0
1005.0	100.0	70.0	0.0
1005.0	150.0	50.0	0.0
1005.0	150.0	70.0	0.0
1005.0	150.0	100.0	0.0
1005.0	150.0	140.0	0.0
1005.0	200.0	50.0	0.0
1005.0	200.0	70.0	0.0
1005.0	200.0	100.0	0.0
1005.0	200.0	140.0	0.0
1005.0	200.0	170.0	0.0
1005.0	250.0	50.0	0.0
1005.0	250.0	70.0	0.0
1005.0	250.0	100.0	0.0
1005.0	250.0	140.0	0.0
1005.0	250.0	170.0	0.0
1005.0	250.0	200.0	0.0
1005.0	250.0	240.0	0.0
1005.0	300.0	50.0	0.0
1005.0	300.0	70.0	0.0
1005.0	300.0	100.0	0.0
1005.0	300.0	140.0	0.0
1005.0	300.0	170.0	0.0
1005.0	300.0	200.0	0.0
1005.0	300.0	240.0	0.0
1005.0	300.0	280.0	0.0
1005.0	350.0	50.0	0.0
1005.0	350.0	70.0	0.0
1005.0	350.0	100.0	0.0
1005.0	350.0	140.0	0.0
1005.0	350.0	170.0	0.0
1005.0	350.0	200.0	0.0
1005.0	350.0	240.0	0.0
1005.0	350.0	280.0	0.0
1005.0	350.0	300.0	0.0
1005.0	350.0	320.0	0.0
1005.0	350.0	340.0	0.0
1005.0	400.0	50.0	0.0
1005.0	400.0	70.0	0.0
1005.0	400.0	100.0	0.0
1005.0	400.0	140.0	0.0
1005.0	400.0	170.0	0.0
1005.0	400.0	200.0	0.0
1005.0	400.0	240.0	0.0
1005.0	400.0	280.0	0.0
1005.0	400.0	300.0	0.0
1005.0	400.0	320.0	0.0
1005.0	400.0	340.0	0.0
1005.0	400.0	360.0	0.0
1005.0	400.0	380.0	0.0
1005.0	450.0	50.0	0.0
1005.0	450.0	70.0	0.0
1005.0	450.0	100.0	0.0
1005.0	450.0	140.0	0.0
1005.0	450.0	170.0	0.0
1005.0	450.0	200.0	0.0
1005.0	450.0	240.0	0.0
1005.0	450.0	280.0	0.0
1005.0	450.0	300.0	0.0
1005.0	450.0	320.0	0.0
1005.0	450.0	340.0	0.0
1005.0	450.0	360.0	0.0
1005.0	450.0	380.0	0.0
1005.0	450.0	400.0	0.0
1005.0	450.0	430.0	0.0
1005.0	500.0	50.0	0.0
1005.0	500.0	70.0	0.0
1005.0	500.0	100.0	0.0
1005.0	500.0	140.0	0.0
1005.0	500.0	170.0	0.0
1005.0	500.0	200.0	0.0
1005.0	500.0	240.0	0.0
1005.0	500.0	280.0	0.0
1005.0	500.0	300.0	0.0
1005.0	500.0	320.0	0.0
1005.0	500.0	340.0	0.0
1005.0	500.0	360.0	0.0
1005.0	500.0	380.0	0.0
1005.0	500.0	400.0	0.0
1005.0	500.0	430.0	0.0
1005.0	500.0	480.0	0.672
1005.0	550.0	50.0	0.0
1005.0	550.0	70.0	0.0
1005.0	550.0	100.0	0.0
1005.0	550.0	140.0	0.0
1005.0	550.0	170.0	0.0
1005.0	550.0	200.0	0.0
1005.0	550.0	240.0	0.0
1005.0	550.0	280.0	0.0
1005.0	550.0	300.0	0.0
1005.0	550.0	320.0	0.0
1005.0	550.0	340.0	0.0
1005.0	550.0	360.0	0.0
1005.0	550.0	380.0	0.0
1005.0	550.0	400.0	0.0
1005.0	550.0	430.0	0.0
1005.0	550.0	480.0	0.693
1005.0	600.0	50.0	0.0
1005.0	600.0	70.0	0.0
1005.0	600.0	100.0	0.0
1005.0	600.0	140.0	0.0
1005.0	600.0	200.0	0.0
1005.0	600.0	240.0	0.0
1005.0	600.0	280.0	0.0
1005.0	600.0	300.0	0.0
1005.0	600.0	320.0	0.0
1005.0	600.0	340.0	0.0
1005.0	600.0	360.0	0.0
1005.0	600.0	380.0	0.0
1005.0	600.0	400.0	0.0
1005.0	600.0	430.0	0.0
1005.0	600.0	480.0	0.699
1005.0	650.0	50.0	0.0
1005.0	650.0	70.0	0.0
1005.0	650.0	100.0	0.0
1005.0	650.0	140.0	0.0
1005.0	650.0	340.0	0.0
1005.0	650.0	360.0	0.0
1005.0	650.0	380.0	0.0
1005.0	650.0	400.0	0.0
1005.0	650.0	430.0	0.0
1005.0	650.0	480.0	0.701
1005.0	650.0	640.0	0.691
1005.0	700.0	50.0	0.0
1005.0	700.0	70.0	0.0
1005.0	700.0	100.0	0.0
1005.0	700.0	140.0	0.0
1005.0	700.0	480.0	0.703
1005.0	700.0	640.0	0.686
1005.0	750.0	50.0	0.0
1005.0	750.0	70.0	0.0
1005.0	750.0	100.0	0.0
1005.0	750.0	140.0	0.0
1005.0	750.0	170.0	0.0
1005.0	750.0	640.0	0.674
1005.0	800.0	50.0	0.0
1005.0	800.0	70.0	0.0
1005.0	800.0	100.0	0.0
1005.0	800.0	140.0	0.0
1005.0	800.0	170.0	0.0
1005.0	800.0	200.0	0.0
1005.0	800.0	280.0	0.0
1005.0	800.0	300.0	0.0
1005.0	800.0	320.0	0.0
1005.0	800.0	340.0	0.0
1005.0	800.0	360.0	0.0
1005.0	800.0	380.0	0.0
1005.0	800.0	400.0	0.0
1005.0	800.0	430.0	0.0
1005.0	800.0	480.0	0.699
1005.0	800.0	640.0	0.668
1005.0	850.0	50.0	0.0
1005.0	850.0	70.0	0.0
1005.0	850.0	100.0	0.0
1005.0	850.0	140.0	0.0
1005.0	850.0	170.0	0.0
1005.0	850.0	200.0	0.0
1005.0	900.0	50.0	0.0
1005.0	900.0	70.0	0.0
1005.0	900.0	100.0	0.0
1005.0	900.0	140.0	0.0
1005.0	900.0	170.0	0.0
1005.0	900.0	200.0	0.0
1005.0	950.0	50.0	0.0
1005.0	950.0	70.0	0.0
1005.0	950.0	100.0	0.0
1005.0	950.0	140.0	0.0
1005.0	950.0	170.0	0.0
1005.0	950.0	200.0	0.0
1005.0	1000.0	50.0	0.0
1005.0	1000.0	70.0	0.0
1005.0	1000.0	100.0	0.0
1005.0	1000.0	140.0	0.0
1005.0	1000.0	170.0	0.0
1005.0	1000.0	200.0	0.0
1005.0	1000.0	990.0	0.514
1205.0	250.0	50.0	0.0
1205.0	250.0	70.0	0.0
1205.0	250.0	100.0	0.0
1205.0	250.0	140.0	0.0
1205.0	250.0	170.0	0.0
1205.0	250.0	200.0	0.0
1205.0	250.0	240.0	0.0
1205.0	300.0	50.0	0.0
1205.0	300.0	70.0	0.0
1205.0	300.0	100.0	0.0
1205.0	300.0	140.0	0.0
1205.0	300.0	170.0	0.0
1205.0	300.0	200.0	0.0
1205.0	300.0	240.0	0.0
1205.0	300.0	280.0	0.0
1205.0	350.0	50.0	0.0
1205.0	350.0	70.0	0.0
1205.0	350.0	100.0	0.0
1205.0	350.0	140.0	0.0
1205.0	350.0	170.0	0.0
1205.0	350.0	200.0	0.0
1205.0	350.0	240.0	0.0
1205.0	350.0	280.0	0.0
1205.0	350.0	300.0	0.0
1205.0	350.0	320.0	0.0
1205.0	350.0	340.0	0.0
1205.0	400.0	50.0	0.0
1205.0	400.0	70.0	0.0
1205.0	400.0	100.0	0.0
1205.0	400.0	140.0	0.0
1205.0	400.0	170.0	0.0
1205.0	400.0	200.0	0.0
1205.0	400.0	240.0	0.0
1205.0	400.0	280.0	0.0
1205.0	400.0	300.0	0.0
1205.0	400.0	320.0	0.0
1205.0	400.0	340.0	0.0
1205.0	400.0	360.0	0.0
1205.0	400.0	380.0	0.0
1205.0	450.0	50.0	0.0
1205.0	450.0	70.0	0.0
1205.0	450.0	100.0	0.0
1205.0	450.0	140.0	0.0
1205.0	450.0	170.0	0.0
1205.0	450.0	200.0	0.0
1205.0	450.0	240.0	0.0
1205.0	450.0	280.0	0.0
1205.0	450.0	300.0	0.0
1205.0	450.0	320.0	0.0
1205.0	450.0	340.0	0.0
1205.0	450.0	360.0	0.0
1205.0	450.0	380.0	0.0
1205.0	450.0	400.0	0.0
1205.0	450.0	430.0	0.0
1205.0	500.0	50.0	0.0
1205.0	500.0	70.0	0.0
1205.0	500.0	100.0	0.0
1205.0	500.0	140.0	0.0
1205.0	500.0	170.0	0.0
1205.0	500.0	200.0	0.0
1205.0	500.0	240.0	0.0
1205.0	500.0	280.0	0.0
1205.0	500.0	300.0	0.0
1205.0	500.0	320.0	0.0
1205.0	500.0	340.0	0.0
1205.0	500.0	360.0	0.0
1205.0	500.0	380.0	0.0
1205.0	500.0	400.0	0.0
1205.0	500.0	430.0	0.0
1205.0	500.0	480.0	0.607
1205.0	550.0	50.0	0.0
1205.0	550.0	70.0	0.0
1205.0	550.0	100.0	0.0
1205.0	550.0	140.0	0.0
1205.0	550.0	170.0	0.0
1205.0	550.0	200.0	0.0
1205.0	550.0	240.0	0.0
1205.0	550.0	280.0	0.0
1205.0	550.0	300.0	0.0
1205.0	550.0	320.0	0.0
1205.0	550.0	340.0	0.0
1205.0	550.0	360.0	0.0
1205.0	550.0	380.0	0.0
1205.0	550.0	400.0	0.0
1205.0	550.0	430.0	0.0
1205.0	550.0	480.0	0.647
1205.0	600.0	50.0	0.0
1205.0	600.0	70.0	0.0
1205.0	600.0	100.0	0.0
1205.0	600.0	140.0	0.0
1205.0	600.0	200.0	0.0
1205.0	600.0	240.0	0.0
1205.0	600.0	280.0	0.0
1205.0	600.0	300.0	0.0
1205.0	600.0	320.0	0.0
1205.0	600.0	340.0	0.0
1205.0	600.0	360.0	0.0
1205.0	600.0	380.0	0.0
1205.0	600.0	400.0	0.0
1205.0	600.0	430.0	0.0
1205.0	600.0	480.0	0.674
1205.0	650.0	50.0	0.0
1205.0	650.0	70.0	0.0
1205.0	650.0	100.0	0.0
1205.0	650.0	140.0	0.0
1205.0	650.0	340.0	0.0
1205.0	650.0	360.0	0.0
1205.0	650.0	380.0	0.0
1205.0	650.0	400.0	0.0
1205.0	650.0	430.0	0.0
1205.0	650.0	480.0	0.689
1205.0	650.0	640.0	0.692
1205.0	700.0	50.0	0.0
1205.0	700.0	70.0	0.0
1205.0	700.0	100.0	0.0
1205.0	700.0	140.0	0.0
1205.0	700.0	480.0	0.695
1205.0	700.0	640.0	0.703
1205.0	750.0	50.0	0.0
1205.0	750.0	70.0	0.0
1205.0	750.0	100.0	0.0
1205.0	750.0	140.0	0.0
1205.0	750.0	170.0	0.0
1205.0	750.0	640.0	0.7
1205.0	800.0	50.0	0.0
1205.0	800.0	70.0	0.0
1205.0	800.0	100.0	0.0
1205.0	800.0	140.0	0.0
1205.0	800.0	170.0	0.0
1205.0	800.0	200.0	0.0
1205.0	800.0	280.0	0.0
1205.0	800.0	300.0	0.0
1205.0	800.0	320.0	0.0
1205.0	800.0	340.0	0.0
1205.0	800.0	360.0	0.0
1205.0	800.0	380.0	0.0
1205.0	800.0	400.0	0.0
1205.0	800.0	430.0	0.0
1205.0	800.0	480.0	0.695
1205.0	800.0	640.0	0.699
1205.0	850.0	50.0	0.0
1205.0	850.0	70.0	0.0
1205.0	850.0	100.0	0.0
1205.0	850.0	140.0	0.0
1205.0	850.0	170.0	0.0
1205.0	850.0	200.0	0.0
1205.0	900.0	50.0	0.0
1205.0	900.0	70.0	0.0
1205.0	900.0	100.0	0.0
1205.0	900.0	140.0	0.0
1205.0	900.0	170.0	0.0
1205.0	900.0	200.0	0.0
1205.0	950.0	50.0	0.0
1205.0	950.0	70.0	0.0
1205.0	950.0	100.0	0.0
1205.0	950.0	140.0	0.0
1205.0	950.0	170.0	0.0
1205.0	950.0	200.0	0.0
1205.0	1000.0	50.0	0.0
1205.0	1000.0	70.0	0.0
1205.0	1000.0	100.0	0.0
1205.0	1000.0	140.0	0.0
1205.0	1000.0	170.0	0.0
1205.0	1000.0	200.0	0.0
1205.0	1050.0	50.0	0.0
1205.0	1050.0	70.0	0.0
1205.0	1050.0	100.0	0.0
1205.0	1050.0	140.0	0.0
1205.0	1050.0	170.0	0.0
1205.0	1050.0	200.0	0.0
1205.0	1050.0	240.0	0.0
1205.0	1100.0	50.0	0.0
1205.0	1100.0	70.0	0.0
1205.0	1100.0	100.0	0.0
1205.0	1100.0	140.0	0.0
1205.0	1100.0	170.0	0.0
1205.0	1100.0	200.0	0.0
1205.0	1100.0	240.0	0.0
1205.0	1100.0	280.0	0.0
1205.0	1100.0	300.0	0.0
1205.0	1100.0	320.0	0.0
1205.0	1100.0	340.0	0.0
1205.0	1100.0	360.0	0.0
1205.0	1100.0	380.0	0.0
1205.0	1100.0	400.0	0.0
1205.0	1100.0	430.0	0.0
1205.0	1100.0	480.0	0.623
1205.0	1100.0	640.0	0.699
1205.0	1100.0	850.0	0.613
1205.0	1100.0	960.0	0.543
1205.0	1150.0	50.0	0.0
1205.0	1150.0	70.0	0.0
1205.0	1150.0	100.0	0.0
1205.0	1150.0	140.0	0.0
1205.0	1150.0	170.0	0.0
1205.0	1150.0	200.0	0.0
1205.0	1150.0	240.0	0.0
1205.0	1200.0	50.0	0.0
1205.0	1200.0	70.0	0.0
1205.0	1200.0	100.0	0.0
1205.0	1200.0	140.0	0.0
1205.0	1200.0	170.0	0.0
1205.0	1200.0	200.0	0.0
1205.0	1200.0	240.0	0.0
1205.0	1200.0	280.0	0.0
1205.0	1200.0	1190.0	0.429
1405.0	200.0	100.0	0.0
1405.0	200.0	140.0	0.0
1405.0	200.0	170.0	0.0
1405.0	250.0	50.0	0.0
1405.0	250.0	70.0	0.0
1405.0	250.0	100.0	0.0
1405.0	250.0	140.0	0.0
1405.0	250.0	170.0	0.0
1405.0	250.0	200.0	0.0
1405.0	250.0	240.0	0.0
1405.0	300.0	50.0	0.0
1405.0	300.0	70.0	0.0
1405.0	300.0	100.0	0.0
1405.0	300.0	140.0	0.0
1405.0	300.0	170.0	0.0
1405.0	300.0	200.0	0.0
1405.0	300.0	240.0	0.0
1405.0	300.0	280.0	0.0
1405.0	350.0	50.0	0.0
1405.0	350.0	70.0	0.0
1405.0	350.0	100.0	0.0
1405.0	350.0	140.0	0.0
1405.0	350.0	170.0	0.0
1405.0	350.0	200.0	0.0
1405.0	350.0	240.0	0.0
1405.0	350.0	280.0	0.0
1405.0	350.0	300.0	0.0
1405.0	350.0	320.0	0.0
1405.0	350.0	340.0	0.0
1405.0	400.0	50.0	0.0
1405.0	400.0	70.0	0.0
1405.0	400.0	100.0	0.0
1405.0	400.0	140.0	0.0
1405.0	400.0	170.0	0.0
1405.0	400.0	200.0	0.0
1405.0	400.0	240.0	0.0
1405.0	400.0	280.0	0.0
1405.0	400.0	300.0	0.0
1405.0	400.0	320.0	0.0
1405.0	400.0	340.0	0.0
1405.0	400.0	360.0	0.0
1405.0	400.0	380.0	0.0
1405.0	450.0	50.0	0.0
1405.0	450.0	70.0	0.0
1405.0	450.0	100.0	0.0
1405.0	450.0	140.0	0.0
1405.0	450.0	170.0	0.0
1405.0	450.0	200.0	0.0
1405.0	450.0	240.0	0.0
1405.0	450.0	280.0	0.0
1405.0	450.0	300.0	0.0
1405.0	450.0	320.0	0.0
1405.0	450.0	340.0	0.0
1405.0	450.0	360.0	0.0
1405.0	450.0	380.0	0.0
1405.0	450.0	400.0	0.0
1405.0	450.0	430.0	0.0
1405.0	500.0	50.0	0.0
1405.0	500.0	70.0	0.0
1405.0	500.0	100.0	0.0
1405.0	500.0	140.0	0.0
1405.0	500.0	170.0	0.0
1405.0	500.0	200.0	0.0
1405.0	500.0	240.0	0.0
1405.0	500.0	280.0	0.0
1405.0	500.0	300.0	0.0
1405.0	500.0	320.0	0.0
1405.0	500.0	340.0	0.0
1405.0	500.0	360.0	0.0
1405.0	500.0	380.0	0.0
1405.0	500.0	400.0	0.0
1405.0	500.0	430.0	0.0
1405.0	500.0	480.0	0.514
1405.0	550.0	50.0	0.0
1405.0	550.0	70.0	0.0
1405.0	550.0	100.0	0.0
1405.0	550.0	140.0	0.0
1405.0	550.0	170.0	0.0
1405.0	550.0	200.0	0.0
1405.0	550.0	240.0	0.0
1405.0	550.0	280.0	0.0
1405.0	550.0	300.0	0.0
1405.0	550.0	320.0	0.0
1405.0	550.0	340.0	0.0
1405.0	550.0	360.0	0.0
1405.0	550.0	380.0	0.0
1405.0	550.0	400.0	0.0
1405.0	550.0	430.0	0.0
1405.0	550.0	480.0	0.583
1405.0	600.0	50.0	0.0
1405.0	600.0	70.0	0.0
1405.0	600.0	100.0	0.0
1405.0	600.0	140.0	0.0
1405.0	600.0	200.0	0.0
1405.0	600.0	240.0	0.0
1405.0	600.0	280.0	0.0
1405.0	600.0	300.0	0.0
1405.0	600.0	320.0	0.0
1405.0	600.0	340.0	0.0
1405.0	600.0	360.0	0.0
1405.0	600.0	380.0	0.0
1405.0	600.0	400.0	0.0
1405.0	600.0	430.0	0.0
1405.0	600.0	480.0	0.618
1405.0	650.0	50.0	0.0
1405.0	650.0	70.0	0.0
1405.0	650.0	100.0	0.0
1405.0	650.0	140.0	0.0
1405.0	650.0	340.0	0.0
1405.0	650.0	360.0	0.0
1405.0	650.0	380.0	0.0
1405.0	650.0	400.0	0.0
1405.0	650.0	430.0	0.0
1405.0	650.0	480.0	0.646
1405.0	650.0	640.0	0.653
1405.0	700.0	50.0	0.0
1405.0	700.0	70.0	0.0
1405.0	700.0	100.0	0.0
1405.0	700.0	140.0	0.0
1405.0	700.0	480.0	0.662
1405.0	700.0	640.0	0.687
1405.0	750.0	50.0	0.0
1405.0	750.0	70.0	0.0
1405.0	750.0	100.0	0.0
1405.0	750.0	140.0	0.0
1405.0	750.0	170.0	0.0
1405.0	750.0	640.0	0.691
1405.0	800.0	50.0	0.0
1405.0	800.0	70.0	0.0
1405.0	800.0	100.0	0.0
1405.0	800.0	140.0	0.0
1405.0	800.0	170.0	0.0
1405.0	800.0	200.0	0.0
1405.0	800.0	280.0	0.0
1405.0	800.0	300.0	0.0
1405.0	800.0	320.0	0.0
1405.0	800.0	340.0	0.0
1405.0	800.0	360.0	0.0
1405.0	800.0	380.0	0.0
1405.0	800.0	400.0	0.0
1405.0	800.0	430.0	0.0
1405.0	800.0	480.0	0.671
1405.0	800.0	640.0	0.702
1405.0	850.0	50.0	0.0
1405.0	850.0	70.0	0.0
1405.0	850.0	100.0	0.0
1405.0	850.0	140.0	0.0
1405.0	850.0	170.0	0.0
1405.0	850.0	200.0	0.0
1405.0	900.0	50.0	0.0
1405.0	900.0	70.0	0.0
1405.0	900.0	100.0	0.0
1405.0	900.0	140.0	0.0
1405.0	900.0	170.0	0.0
1405.0	900.0	200.0	0.0
1405.0	950.0	50.0	0.0
1405.0	950.0	70.0	0.0
1405.0	950.0	100.0	0.0
1405.0	950.0	140.0	0.0
1405.0	950.0	170.0	0.0
1405.0	950.0	200.0	0.0
1405.0	1000.0	50.0	0.0
1405.0	1000.0	70.0	0.0
1405.0	1000.0	100.0	0.0
1405.0	1000.0	140.0	0.0
1405.0	1000.0	170.0	0.0
1405.0	1000.0	200.0	0.0
1405.0	1050.0	50.0	0.0
1405.0	1050.0	70.0	0.0
1405.0	1050.0	100.0	0.0
1405.0	1050.0	140.0	0.0
1405.0	1050.0	170.0	0.0
1405.0	1050.0	200.0	0.0
1405.0	1050.0	240.0	0.0
1405.0	1100.0	50.0	0.0
1405.0	1100.0	70.0	0.0
1405.0	1100.0	100.0	0.0
1405.0	1100.0	140.0	0.0
1405.0	1100.0	170.0	0.0
1405.0	1100.0	200.0	0.0
1405.0	1100.0	240.0	0.0
1405.0	1100.0	280.0	0.0
1405.0	1100.0	300.0	0.0
1405.0	1100.0	320.0	0.0
1405.0	1100.0	340.0	0.0
1405.0	1100.0	360.0	0.0
1405.0	1100.0	380.0	0.0
1405.0	1100.0	400.0	0.0
1405.0	1100.0	430.0	0.0
1405.0	1100.0	480.0	0.626
1405.0	1100.0	640.0	0.697
1405.0	1100.0	850.0	0.626
1405.0	1100.0	960.0	0.557
1405.0	1150.0	50.0	0.0
1405.0	1150.0	70.0	0.0
1405.0	1150.0	100.0	0.0
1405.0	1150.0	140.0	0.0
1405.0	1150.0	170.0	0.0
1405.0	1150.0	200.0	0.0
1405.0	1150.0	240.0	0.0
1405.0	1200.0	50.0	0.0
1405.0	1200.0	70.0	0.0
1405.0	1200.0	100.0	0.0
1405.0	1200.0	140.0	0.0
1405.0	1200.0	170.0	0.0
1405.0	1200.0	200.0	0.0
1405.0	1200.0	240.0	0.0
1405.0	1200.0	280.0	0.0
1405.0	1250.0	50.0	0.0
1405.0	1250.0	70.0	0.0
1405.0	1250.0	100.0	0.0
1405.0	1250.0	140.0	0.0
1405.0	1250.0	170.0	0.0
1405.0	1250.0	200.0	0.0
1405.0	1250.0	240.0	0.0
1405.0	1250.0	280.0	0.0
1405.0	1300.0	50.0	0.0
1405.0	1300.0	70.0	0.0
1405.0	1300.0	100.0	0.0
1405.0	1300.0	140.0	0.0
1405.0	1300.0	170.0	0.0
1405.0	1300.0	200.0	0.0
1405.0	1300.0	240.0	0.0
1405.0	1300.0	280.0	0.0
1405.0	1300.0	300.0	0.0
1405.0	1350.0	50.0	0.0
1405.0	1350.0	70.0	0.0
1405.0	1350.0	100.0	0.0
1405.0	1350.0	140.0	0.0
1405.0	1350.0	170.0	0.0
1405.0	1350.0	200.0	0.0
1405.0	1350.0	240.0	0.0
1405.0	1350.0	280.0	0.0
1405.0	1350.0	300.0	0.0
1405.0	1350.0	320.0	0.0
1405.0	1400.0	50.0	0.0
1405.0	1400.0	70.0	0.0
1405.0	1400.0	100.0	0.0
1405.0	1400.0	140.0	0.0
1405.0	1400.0	170.0	0.0
1405.0	1400.0	200.0	0.0
1405.0	1400.0	240.0	0.0
1405.0	1400.0	280.0	0.0
1405.0	1400.0	300.0	0.0
1405.0	1400.0	320.0	0.0
1405.0	1400.0	1390.0	0.27
1605.0	100.0	50.0	0.0
1605.0	100.0	70.0	0.0
1605.0	150.0	50.0	0.0
1605.0	150.0	70.0	0.0
1605.0	150.0	100.0	0.0
1605.0	150.0	140.0	0.0
1605.0	200.0	50.0	0.0
1605.0	200.0	70.0	0.0
1605.0	200.0	100.0	0.0
1605.0	200.0	140.0	0.0
1605.0	200.0	170.0	0.0
1605.0	250.0	50.0	0.0
1605.0	250.0	70.0	0.0
1605.0	250.0	100.0	0.0
1605.0	250.0	140.0	0.0
1605.0	250.0	170.0	0.0
1605.0	250.0	200.0	0.0
1605.0	250.0	240.0	0.0
1605.0	300.0	50.0	0.0
1605.0	300.0	70.0	0.0
1605.0	300.0	100.0	0.0
1605.0	300.0	140.0	0.0
1605.0	300.0	170.0	0.0
1605.0	300.0	200.0	0.0
1605.0	300.0	240.0	0.0
1605.0	300.0	280.0	0.0
1605.0	350.0	50.0	0.0
1605.0	350.0	70.0	0.0
1605.0	350.0	100.0	0.0
1605.0	350.0	140.0	0.0
1605.0	350.0	170.0	0.0
1605.0	350.0	200.0	0.0
1605.0	350.0	240.0	0.0
1605.0	350.0	280.0	0.0
1605.0	350.0	300.0	0.0
1605.0	350.0	320.0	0.0
1605.0	350.0	340.0	0.0
1605.0	400.0	50.0	0.0
1605.0	400.0	70.0	0.0
1605.0	400.0	100.0	0.0
1605.0	400.0	140.0	0.0
1605.0	400.0	170.0	0.0
1605.0	400.0	200.0	0.0
1605.0	400.0	240.0	0.0
1605.0	400.0	280.0	0.0
1605.0	400.0	300.0	0.0
1605.0	400.0	320.0	0.0
1605.0	400.0	340.0	0.0
1605.0	400.0	360.0	0.0
1605.0	400.0	380.0	0.0
1605.0	450.0	50.0	0.0
1605.0	450.0	70.0	0.0
1605.0	450.0	100.0	0.0
1605.0	450.0	140.0	0.0
1605.0	450.0	170.0	0.0
1605.0	450.0	200.0	0.0
1605.0	450.0	240.0	0.0
1605.0	450.0	280.0	0.0
1605.0	450.0	300.0	0.0
1605.0	450.0	320.0	0.0
1605.0	450.0	340.0	0.0
1605.0	450.0	360.0	0.0
1605.0	450.0	380.0	0.0
1605.0	450.0	400.0	0.0
1605.0	450.0	430.0	0.0
1605.0	500.0	50.0	0.0
1605.0	500.0	70.0	0.0
1605.0	500.0	100.0	0.0
1605.0	500.0	140.0	0.0
1605.0	500.0	170.0	0.0
1605.0	500.0	200.0	0.0
1605.0	500.0	240.0	0.0
1605.0	500.0	280.0	0.0
1605.0	500.0	300.0	0.0
1605.0	500.0	320.0	0.0
1605.0	500.0	340.0	0.0
1605.0	500.0	360.0	0.0
1605.0	500.0	380.0	0.0
1605.0	500.0	400.0	0.0
1605.0	500.0	430.0	0.0
1605.0	500.0	480.0	0.406
1605.0	550.0	50.0	0.0
1605.0	550.0	70.0	0.0
1605.0	550.0	100.0	0.0
1605.0	550.0	140.0	0.0
1605.0	550.0	170.0	0.0
1605.0	550.0	200.0	0.0
1605.0	550.0	240.0	0.0
1605.0	550.0	280.0	0.0
1605.0	550.0	300.0	0.0
1605.0	550.0	320.0	0.0
1605.0	550.0	340.0	0.0
1605.0	550.0	360.0	0.0
1605.0	550.0	380.0	0.0
1605.0	550.0	400.0	0.0
1605.0	550.0	430.0	0.0
1605.0	550.0	480.0	0.492
1605.0	600.0	50.0	0.0
1605.0	600.0	70.0	0.0
1605.0	600.0	100.0	0.0
1605.0	600.0	140.0	0.0
1605.0	600.0	200.0	0.0
1605.0	600.0	240.0	0.0
1605.0	600.0	280.0	0.0
1605.0	600.0	300.0	0.0
1605.0	600.0	320.0	0.0
1605.0	600.0	340.0	0.0
1605.0	600.0	360.0	0.0
1605.0	600.0	380.0	0.0
1605.0	600.0	400.0	0.0
1605.0	600.0	430.0	0.0
1605.0	600.0	480.0	0.547
1605.0	650.0	50.0	0.0
1605.0	650.0	70.0	0.0
1605.0	650.0	100.0	0.0
1605.0	650.0	140.0	0.0
1605.0	650.0	340.0	0.0
1605.0	650.0	360.0	0.0
1605.0	650.0	380.0	0.0
1605.0	650.0	400.0	0.0
1605.0	650.0	430.0	0.0
1605.0	650.0	480.0	0.591
1605.0	650.0	640.0	0.6
1605.0	700.0	50.0	0.0
1605.0	700.0	70.0	0.0
1605.0	700.0	100.0	0.0
1605.0	700.0	140.0	0.0
1605.0	700.0	480.0	0.616
1605.0	700.0	640.0	0.646
1605.0	750.0	50.0	0.0
1605.0	750.0	70.0	0.0
1605.0	750.0	100.0	0.0
1605.0	750.0	140.0	0.0
1605.0	750.0	170.0	0.0
1605.0	750.0	640.0	0.665
1605.0	800.0	50.0	0.0
1605.0	800.0	70.0	0.0
1605.0	800.0	100.0	0.0
1605.0	800.0	140.0	0.0
1605.0	800.0	170.0	0.0
1605.0	800.0	200.0	0.0
1605.0	800.0	280.0	0.0
1605.0	800.0	300.0	0.0
1605.0	800.0	320.0	0.0
1605.0	800.0	340.0	0.0
1605.0	800.0	360.0	0.0
1605.0	800.0	380.0	0.0
1605.0	800.0	400.0	0.0
1605.0	800.0	430.0	0.0
1605.0	800.0	480.0	0.64
1605.0	800.0	640.0	0.685
1605.0	850.0	50.0	0.0
1605.0	850.0	70.0	0.0
1605.0	850.0	100.0	0.0
1605.0	850.0	140.0	0.0
1605.0	850.0	170.0	0.0
1605.0	850.0	200.0	0.0
1605.0	900.0	50.0	0.0
1605.0	900.0	70.0	0.0
1605.0	900.0	100.0	0.0
1605.0	900.0	140.0	0.0
1605.0	900.0	170.0	0.0
1605.0	900.0	200.0	0.0
1605.0	950.0	50.0	0.0
1605.0	950.0	70.0	0.0
1605.0	950.0	100.0	0.0
1605.0	950.0	140.0	0.0
1605.0	950.0	170.0	0.0
1605.0	950.0	200.0	0.0
1605.0	1000.0	50.0	0.0
1605.0	1000.0	70.0	0.0
1605.0	1000.0	100.0	0.0
1605.0	1000.0	140.0	0.0
1605.0	1000.0	170.0	0.0
1605.0	1000.0	200.0	0.0
1605.0	1050.0	50.0	0.0
1605.0	1050.0	70.0	0.0
1605.0	1050.0	100.0	0.0
1605.0	1050.0	140.0	0.0
1605.0	1050.0	170.0	0.0
1605.0	1050.0	200.0	0.0
1605.0	1050.0	240.0	0.0
1605.0	1100.0	50.0	0.0
1605.0	1100.0	70.0	0.0
1605.0	1100.0	100.0	0.0
1605.0	1100.0	140.0	0.0
1605.0	1100.0	170.0	0.0
1605.0	1100.0	200.0	0.0
1605.0	1100.0	240.0	0.0
1605.0	1100.0	280.0	0.0
1605.0	1100.0	300.0	0.0
1605.0	1100.0	320.0	0.0
1605.0	1100.0	340.0	0.0
1605.0	1100.0	360.0	0.0
1605.0	1100.0	380.0	0.0
1605.0	1100.0	400.0	0.0
1605.0	1100.0	430.0	0.0
1605.0	1100.0	480.0	0.618
1605.0	1100.0	640.0	0.697
1605.0	1100.0	850.0	0.636
1605.0	1100.0	960.0	0.577
1605.0	1150.0	50.0	0.0
1605.0	1150.0	70.0	0.0
1605.0	1150.0	100.0	0.0
1605.0	1150.0	140.0	0.0
1605.0	1150.0	170.0	0.0
1605.0	1150.0	200.0	0.0
1605.0	1150.0	240.0	0.0
1605.0	1200.0	50.0	0.0
1605.0	1200.0	70.0	0.0
1605.0	1200.0	100.0	0.0
1605.0	1200.0	140.0	0.0
1605.0	1200.0	170.0	0.0
1605.0	1200.0	200.0	0.0
1605.0	1200.0	240.0	0.0
1605.0	1200.0	280.0	0.0
1605.0	1250.0	50.0	0.0
1605.0	1250.0	70.0	0.0
1605.0	1250.0	100.0	0.0
1605.0	1250.0	140.0	0.0
1605.0	1250.0	170.0	0.0
1605.0	1250.0	200.0	0.0
1605.0	1250.0	240.0	0.0
1605.0	1250.0	280.0	0.0
1605.0	1300.0	50.0	0.0
1605.0	1300.0	70.0	0.0
1605.0	1300.0	100.0	0.0
1605.0	1300.0	140.0	0.0
1605.0	1300.0	170.0	0.0
1605.0	1300.0	200.0	0.0
1605.0	1300.0	240.0	0.0
1605.0	1300.0	280.0	0.0
1605.0	1300.0	300.0	0.0
1605.0	1350.0	50.0	0.0
1605.0	1350.0	70.0	0.0
1605.0	1350.0	100.0	0.0
1605.0	1350.0	140.0	0.0
1605.0	1350.0	170.0	0.0
1605.0	1350.0	200.0	0.0
1605.0	1350.0	240.0	0.0
1605.0	1350.0	280.0	0.0
1605.0	1350.0	300.0	0.0
1605.0	1350.0	320.0	0.0
1605.0	1400.0	50.0	0.0
1605.0	1400.0	70.0	0.0
1605.0	1400.0	100.0	0.0
1605.0	1400.0	140.0	0.0
1605.0	1400.0	170.0	0.0
1605.0	1400.0	200.0	0.0
1605.0	1400.0	240.0	0.0
1605.0	1400.0	280.0	0.0
1605.0	1400.0	300.0	0.0
1605.0	1400.0	320.0	0.0
1605.0	1450.0	50.0	0.0
1605.0	1450.0	70.0	0.0
1605.0	1450.0	100.0	0.0
1605.0	1450.0	140.0	0.0
1605.0	1450.0	170.0	0.0
1605.0	1450.0	200.0	0.0
1605.0	1450.0	240.0	0.0
1605.0	1450.0	280.0	0.0
1605.0	1450.0	300.0	0.0
1605.0	1450.0	320.0	0.0
1605.0	1450.0	340.0	0.0
1605.0	1500.0	50.0	0.0
1605.0	1500.0	70.0	0.0
1605.0	1500.0	100.0	0.0
1605.0	1500.0	140.0	0.0
1605.0	1500.0	170.0	0.0
1605.0	1500.0	200.0	0.0
1605.0	1500.0	240.0	0.0
1605.0	1500.0	280.0	0.0
1605.0	1500.0	300.0	0.0
1605.0	1500.0	320.0	0.0
1605.0	1500.0	340.0	0.0
1605.0	1500.0	360.0	0.0
1605.0	1500.0	380.0	0.0
1605.0	1500.0	400.0	0.0
1605.0	1500.0	430.0	0.0
1605.0	1500.0	480.0	0.424
1605.0	1500.0	640.0	0.63
1605.0	1500.0	850.0	0.652
1605.0	1500.0	960.0	0.596
1605.0	1500.0	1100.0	0.493
1605.0	1500.0	1400.0	0.247
1605.0	1550.0	50.0	0.0
1605.0	1550.0	70.0	0.0
1605.0	1550.0	100.0	0.0
1605.0	1550.0	140.0	0.0
1605.0	1550.0	170.0	0.0
1605.0	1550.0	200.0	0.0
1605.0	1550.0	240.0	0.0
1605.0	1550.0	280.0	0.0
1605.0	1550.0	300.0	0.0
1605.0	1550.0	320.0	0.0
1605.0	1550.0	340.0	0.0
1605.0	1550.0	360.0	0.0
1605.0	1600.0	50.0	0.0
1605.0	1600.0	70.0	0.0
1605.0	1600.0	100.0	0.0
1605.0	1600.0	140.0	0.0
1605.0	1600.0	170.0	0.0
1605.0	1600.0	200.0	0.0
1605.0	1600.0	240.0	0.0
1605.0	1600.0	280.0	0.0
1605.0	1600.0	300.0	0.0
1605.0	1600.0	320.0	0.0
1605.0	1600.0	340.0	0.0
1605.0	1600.0	360.0	0.0
1605.0	1600.0	380.0	0.0
1605.0	1600.0	1590.0	0.172
1805.0	100.0	50.0	0.0
1805.0	100.0	70.0	0.0
1805.0	150.0	50.0	0.0
1805.0	150.0	70.0	0.0
1805.0	150.0	100.0	0.0
1805.0	150.0	140.0	0.0
1805.0	200.0	50.0	0.0
1805.0	200.0	70.0	0.0
1805.0	200.0	100.0	0.0
1805.0	200.0	140.0	0.0
1805.0	200.0	170.0	0.0
1805.0	250.0	50.0	0.0
1805.0	250.0	70.0	0.0
1805.0	250.0	100.0	0.0
1805.0	250.0	140.0	0.0
1805.0	250.0	170.0	0.0
1805.0	250.0	200.0	0.0
1805.0	250.0	240.0	0.0
1805.0	300.0	50.0	0.0
1805.0	300.0	70.0	0.0
1805.0	300.0	100.0	0.0
1805.0	300.0	140.0	0.0
1805.0	300.0	170.0	0.0
1805.0	300.0	200.0	0.0
1805.0	300.0	240.0	0.0
1805.0	300.0	280.0	0.0
1805.0	350.0	50.0	0.0
1805.0	350.0	70.0	0.0
1805.0	350.0	100.0	0.0
1805.0	350.0	140.0	0.0
1805.0	350.0	170.0	0.0
1805.0	350.0	200.0	0.0
1805.0	350.0	240.0	0.0
1805.0	350.0	280.0	0.0
1805.0	350.0	300.0	0.0
1805.0	350.0	320.0	0.0
1805.0	350.0	340.0	0.0
1805.0	400.0	50.0	0.0
1805.0	400.0	70.0	0.0
1805.0	400.0	100.0	0.0
1805.0	400.0	140.0	0.0
1805.0	400.0	170.0	0.0
1805.0	400.0	200.0	0.0
1805.0	400.0	240.0	0.0
1805.0	400.0	280.0	0.0
1805.0	400.0	300.0	0.0
1805.0	400.0	320.0	0.0
1805.0	400.0	340.0	0.0
1805.0	400.0	360.0	0.0
1805.0	400.0	380.0	0.0
1805.0	450.0	50.0	0.0
1805.0	450.0	70.0	0.0
1805.0	450.0	100.0	0.0
1805.0	450.0	140.0	0.0
1805.0	450.0	170.0	0.0
1805.0	450.0	200.0	0.0
1805.0	450.0	240.0	0.0
1805.0	450.0	280.0	0.0
1805.0	450.0	300.0	0.0
1805.0	450.0	320.0	0.0
1805.0	450.0	340.0	0.0
1805.0	450.0	360.0	0.0
1805.0	450.0	380.0	0.0
1805.0	450.0	400.0	0.0
1805.0	450.0	430.0	0.0
1805.0	500.0	50.0	0.0
1805.0	500.0	70.0	0.0
1805.0	500.0	100.0	0.0
1805.0	500.0	140.0	0.0
1805.0	500.0	170.0	0.0
1805.0	500.0	200.0	0.0
1805.0	500.0	240.0	0.0
1805.0	500.0	280.0	0.0
1805.0	500.0	300.0	0.0
1805.0	500.0	320.0	0.0
1805.0	500.0	340.0	0.0
1805.0	500.0	360.0	0.0
1805.0	500.0	380.0	0.0
1805.0	500.0	400.0	0.0
1805.0	500.0	430.0	0.0
1805.0	500.0	480.0	0.282
1805.0	550.0	50.0	0.0
1805.0	550.0	70.0	0.0
1805.0	550.0	100.0	0.0
1805.0	550.0	140.0	0.0
1805.0	550.0	170.0	0.0
1805.0	550.0	200.0	0.0
1805.0	550.0	240.0	0.0
1805.0	550.0	280.0	0.0
1805.0	550.0	300.0	0.0
1805.0	550.0	320.0	0.0
1805.0	550.0	340.0	0.0
1805.0	550.0	360.0	0.0
1805.0	550.0	380.0	0.0
1805.0	550.0	400.0	0.0
1805.0	550.0	430.0	0.0
1805.0	550.0	480.0	0.384
1805.0	600.0	50.0	0.0
1805.0	600.0	70.0	0.0
1805.0	600.0	100.0	0.0
1805.0	600.0	140.0	0.0
1805.0	600.0	200.0	0.0
1805.0	600.0	240.0	0.0
1805.0	600.0	280.0	0.0
1805.0	600.0	300.0	0.0
1805.0	600.0	320.0	0.0
1805.0	600.0	340.0	0.0
1805.0	600.0	360.0	0.0
1805.0	600.0	380.0	0.0
1805.0	600.0	400.0	0.0
1805.0	600.0	430.0	0.0
1805.0	600.0	480.0	0.46
1805.0	650.0	50.0	0.0
1805.0	650.0	70.0	0.0
1805.0	650.0	100.0	0.0
1805.0	650.0	140.0	0.0
1805.0	650.0	340.0	0.0
1805.0	650.0	360.0	0.0
1805.0	650.0	380.0	0.0
1805.0	650.0	400.0	0.0
1805.0	650.0	430.0	0.0
1805.0	650.0	480.0	0.517
1805.0	650.0	640.0	0.525
1805.0	700.0	50.0	0.0
1805.0	700.0	70.0	0.0
1805.0	700.0	100.0	0.0
1805.0	700.0	140.0	0.0
1805.0	700.0	480.0	0.559
1805.0	700.0	640.0	0.588
1805.0	750.0	50.0	0.0
1805.0	750.0	70.0	0.0
1805.0	750.0	100.0	0.0
1805.0	750.0	140.0	0.0
1805.0	750.0	170.0	0.0
1805.0	750.0	640.0	0.626
1805.0	800.0	50.0	0.0
1805.0	800.0	70.0	0.0
1805.0	800.0	100.0	0.0
1805.0	800.0	140.0	0.0
1805.0	800.0	170.0	0.0
1805.0	800.0	200.0	0.0
1805.0	800.0	280.0	0.0
1805.0	800.0	300.0	0.0
1805.0	800.0	320.0	0.0
1805.0	800.0	340.0	0.0
1805.0	800.0	360.0	0.0
1805.0	800.0	380.0	0.0
1805.0	800.0	400.0	0.0
1805.0	800.0	430.0	0.0
1805.0	800.0	480.0	0.597
1805.0	800.0	640.0	0.65
1805.0	850.0	50.0	0.0
1805.0	850.0	70.0	0.0
1805.0	850.0	100.0	0.0
1805.0	850.0	140.0	0.0
1805.0	850.0	170.0	0.0
1805.0	850.0	200.0	0.0
1805.0	900.0	50.0	0.0
1805.0	900.0	70.0	0.0
1805.0	900.0	100.0	0.0
1805.0	900.0	140.0	0.0
1805.0	900.0	170.0	0.0
1805.0	900.0	200.0	0.0
1805.0	950.0	50.0	0.0
1805.0	950.0	70.0	0.0
1805.0	950.0	100.0	0.0
1805.0	950.0	140.0	0.0
1805.0	950.0	170.0	0.0
1805.0	950.0	200.0	0.0
1805.0	1000.0	50.0	0.0
1805.0	1000.0	70.0	0.0
1805.0	1000.0	100.0	0.0
1805.0	1000.0	140.0	0.0
1805.0	1000.0	170.0	0.0
1805.0	1000.0	200.0	0.0
1805.0	1050.0	50.0	0.0
1805.0	1050.0	70.0	0.0
1805.0	1050.0	100.0	0.0
1805.0	1050.0	140.0	0.0
1805.0	1050.0	170.0	0.0
1805.0	1050.0	200.0	0.0
1805.0	1050.0	240.0	0.0
1805.0	1100.0	50.0	0.0
1805.0	1100.0	70.0	0.0
1805.0	1100.0	100.0	0.0
1805.0	1100.0	140.0	0.0
1805.0	1100.0	170.0	0.0
1805.0	1100.0	200.0	0.0
1805.0	1100.0	240.0	0.0
1805.0	1100.0	280.0	0.0
1805.0	1100.0	300.0	0.0
1805.0	1100.0	320.0	0.0
1805.0	1100.0	340.0	0.0
1805.0	1100.0	360.0	0.0
1805.0	1100.0	380.0	0.0
1805.0	1100.0	400.0	0.0
1805.0	1100.0	430.0	0.0
1805.0	1100.0	480.0	0.591
1805.0	1100.0	640.0	0.677
1805.0	1100.0	850.0	0.647
1805.0	1100.0	960.0	0.594
1805.0	1150.0	50.0	0.0
1805.0	1150.0	70.0	0.0
1805.0	1150.0	100.0	0.0
1805.0	1150.0	140.0	0.0
1805.0	1150.0	170.0	0.0
1805.0	1150.0	200.0	0.0
1805.0	1150.0	240.0	0.0
1805.0	1200.0	50.0	0.0
1805.0	1200.0	70.0	0.0
1805.0	1200.0	100.0	0.0
1805.0	1200.0	140.0	0.0
1805.0	1200.0	170.0	0.0
1805.0	1200.0	200.0	0.0
1805.0	1200.0	240.0	0.0
1805.0	1200.0	280.0	0.0
1805.0	1250.0	50.0	0.0
1805.0	1250.0	70.0	0.0
1805.0	1250.0	100.0	0.0
1805.0	1250.0	140.0	0.0
1805.0	1250.0	170.0	0.0
1805.0	1250.0	200.0	0.0
1805.0	1250.0	240.0	0.0
1805.0	1250.0	280.0	0.0
1805.0	1300.0	50.0	0.0
1805.0	1300.0	70.0	0.0
1805.0	1300.0	100.0	0.0
1805.0	1300.0	140.0	0.0
1805.0	1300.0	170.0	0.0
1805.0	1300.0	200.0	0.0
1805.0	1300.0	240.0	0.0
1805.0	1300.0	280.0	0.0
1805.0	1300.0	300.0	0.0
1805.0	1350.0	50.0	0.0
1805.0	1350.0	70.0	0.0
1805.0	1350.0	100.0	0.0
1805.0	1350.0	140.0	0.0
1805.0	1350.0	170.0	0.0
1805.0	1350.0	200.0	0.0
1805.0	1350.0	240.0	0.0
1805.0	1350.0	280.0	0.0
1805.0	1350.0	300.0	0.0
1805.0	1350.0	320.0	0.0
1805.0	1400.0	50.0	0.0
1805.0	1400.0	70.0	0.0
1805.0	1400.0	100.0	0.0
1805.0	1400.0	140.0	0.0
1805.0	1400.0	170.0	0.0
1805.0	1400.0	200.0	0.0
1805.0	1400.0	240.0	0.0
1805.0	1400.0	280.0	0.0
1805.0	1400.0	300.0	0.0
1805.0	1400.0	320.0	0.0
1805.0	1450.0	50.0	0.0
1805.0	1450.0	70.0	0.0
1805.0	1450.0	100.0	0.0
1805.0	1450.0	140.0	0.0
1805.0	1450.0	170.0	0.0
1805.0	1450.0	200.0	0.0
1805.0	1450.0	240.0	0.0
1805.0	1450.0	280.0	0.0
1805.0	1450.0	300.0	0.0
1805.0	1450.0	320.0	0.0
1805.0	1450.0	340.0	0.0
1805.0	1500.0	50.0	0.0
1805.0	1500.0	70.0	0.0
1805.0	1500.0	100.0	0.0
1805.0	1500.0	140.0	0.0
1805.0	1500.0	170.0	0.0
1805.0	1500.0	200.0	0.0
1805.0	1500.0	240.0	0.0
1805.0	1500.0	280.0	0.0
1805.0	1500.0	300.0	0.0
1805.0	1500.0	320.0	0.0
1805.0	1500.0	340.0	0.0
1805.0	1500.0	360.0	0.0
1805.0	1500.0	380.0	0.0
1805.0	1500.0	400.0	0.0
1805.0	1500.0	430.0	0.0
1805.0	1500.0	480.0	0.417
1805.0	1500.0	640.0	0.629
1805.0	1500.0	850.0	0.649
1805.0	1500.0	960.0	0.585
1805.0	1500.0	1100.0	0.485
1805.0	1500.0	1400.0	0.235
1805.0	1550.0	50.0	0.0
1805.0	1550.0	70.0	0.0
1805.0	1550.0	100.0	0.0
1805.0	1550.0	140.0	0.0
1805.0	1550.0	170.0	0.0
1805.0	1550.0	200.0	0.0
1805.0	1550.0	240.0	0.0
1805.0	1550.0	280.0	0.0
1805.0	1550.0	300.0	0.0
1805.0	1550.0	320.0	0.0
1805.0	1550.0	340.0	0.0
1805.0	1550.0	360.0	0.0
1805.0	1600.0	50.0	0.0
1805.0	1600.0	70.0	0.0
1805.0	1600.0	100.0	0.0
1805.0	1600.0	140.0	0.0
1805.0	1600.0	170.0	0.0
1805.0	1600.0	200.0	0.0
1805.0	1600.0	240.0	0.0
1805.0	1600.0	280.0	0.0
1805.0	1600.0	300.0	0.0
1805.0	1600.0	320.0	0.0
1805.0	1600.0	340.0	0.0
1805.0	1600.0	360.0	0.0
1805.0	1600.0	380.0	0.0
1805.0	1650.0	50.0	0.0
1805.0	1650.0	70.0	0.0
1805.0	1650.0	100.0	0.0
1805.0	1650.0	140.0	0.0
1805.0	1650.0	170.0	0.0
1805.0	1650.0	200.0	0.0
1805.0	1650.0	240.0	0.0
1805.0	1650.0	280.0	0.0
1805.0	1650.0	300.0	0.0
1805.0	1650.0	320.0	0.0
1805.0	1650.0	340.0	0.0
1805.0	1650.0	360.0	0.0
1805.0	1650.0	380.0	0.0
1805.0	1700.0	50.0	0.0
1805.0	1700.0	70.0	0.0
1805.0	1700.0	100.0	0.0
1805.0	1700.0	140.0	0.0
1805.0	1700.0	170.0	0.0
1805.0	1700.0	200.0	0.0
1805.0	1700.0	240.0	0.0
1805.0	1700.0	280.0	0.0
1805.0	1700.0	300.0	0.0
1805.0	1700.0	320.0	0.0
1805.0	1700.0	340.0	0.0
1805.0	1700.0	360.0	0.0
1805.0	1700.0	380.0	0.0
1805.0	1700.0	400.0	0.0
1805.0	1750.0	50.0	0.0
1805.0	1750.0	70.0	0.0
1805.0	1750.0	100.0	0.0
1805.0	1750.0	140.0	0.0
1805.0	1750.0	170.0	0.0
1805.0	1750.0	200.0	0.0
1805.0	1750.0	240.0	0.0
1805.0	1750.0	280.0	0.0
1805.0	1750.0	300.0	0.0
1805.0	1750.0	320.0	0.0
1805.0	1750.0	340.0	0.0
1805.0	1750.0	360.0	0.0
1805.0	1750.0	380.0	0.0
1805.0	1750.0	400.0	0.0
1805.0	1800.0	50.0	0.0
1805.0	1800.0	70.0	0.0
1805.0	1800.0	100.0	0.0
1805.0	1800.0	140.0	0.0
1805.0	1800.0	170.0	0.0
1805.0	1800.0	200.0	0.0
1805.0	1800.0	240.0	0.0
1805.0	1800.0	280.0	0.0
1805.0	1800.0	300.0	0.0
1805.0	1800.0	320.0	0.0
1805.0	1800.0	340.0	0.0
1805.0	1800.0	360.0	0.0
1805.0	1800.0	380.0	0.0
1805.0	1800.0	400.0	0.0
1805.0	1800.0	430.0	0.0
1805.0	1800.0	480.0	0.231
1805.0	1800.0	640.0	0.5
1805.0	1800.0	850.0	0.621
1805.0	1800.0	960.0	0.592
1805.0	1800.0	1100.0	0.514
1805.0	1800.0	1400.0	0.246
1805.0	1800.0	1500.0	0.178
1805.0	1800.0	1700.0	0.148
1805.0	1800.0	1790.0	0.119
2005.0	100.0	50.0	0.0
2005.0	100.0	70.0	0.0
2005.0	150.0	50.0	0.0
2005.0	150.0	70.0	0.0
2005.0	150.0	100.0	0.0
2005.0	150.0	140.0	0.0
2005.0	200.0	50.0	0.0
2005.0	200.0	70.0	0.0
2005.0	200.0	100.0	0.0
2005.0	200.0	140.0	0.0
2005.0	200.0	170.0	0.0
2005.0	250.0	50.0	0.0
2005.0	250.0	70.0	0.0
2005.0	250.0	100.0	0.0
2005.0	250.0	140.0	0.0
2005.0	250.0	170.0	0.0
2005.0	250.0	200.0	0.0
2005.0	250.0	240.0	0.0
2005.0	300.0	50.0	0.0
2005.0	300.0	70.0	0.0
2005.0	300.0	100.0	0.0
2005.0	300.0	140.0	0.0
2005.0	300.0	170.0	0.0
2005.0	300.0	200.0	0.0
2005.0	300.0	240.0	0.0
2005.0	300.0	280.0	0.0
2005.0	350.0	50.0	0.0
2005.0	350.0	70.0	0.0
2005.0	350.0	100.0	0.0
2005.0	350.0	140.0	0.0
2005.0	350.0	170.0	0.0
2005.0	350.0	200.0	0.0
2005.0	350.0	240.0	0.0
2005.0	350.0	280.0	0.0
2005.0	350.0	300.0	0.0
2005.0	350.0	320.0	0.0
2005.0	350.0	340.0	0.0
2005.0	400.0	50.0	0.0
2005.0	400.0	70.0	0.0
2005.0	400.0	100.0	0.0
2005.0	400.0	140.0	0.0
2005.0	400.0	170.0	0.0
2005.0	400.0	200.0	0.0
2005.0	400.0	240.0	0.0
2005.0	400.0	280.0	0.0
2005.0	400.0	300.0	0.0
2005.0	400.0	320.0	0.0
2005.0	400.0	340.0	0.0
2005.0	400.0	360.0	0.0
2005.0	400.0	380.0	0.0
2005.0	450.0	50.0	0.0
2005.0	450.0	70.0	0.0
2005.0	450.0	100.0	0.0
2005.0	450.0	140.0	0.0
2005.0	450.0	170.0	0.0
2005.0	450.0	200.0	0.0
2005.0	450.0	240.0	0.0
2005.0	450.0	280.0	0.0
2005.0	450.0	300.0	0.0
2005.0	450.0	320.0	0.0
2005.0	450.0	340.0	0.0
2005.0	450.0	360.0	0.0
2005.0	450.0	380.0	0.0
2005.0	450.0	400.0	0.0
2005.0	450.0	430.0	0.0
2005.0	500.0	50.0	0.0
2005.0	500.0	70.0	0.0
2005.0	500.0	100.0	0.0
2005.0	500.0	140.0	0.0
2005.0	500.0	170.0	0.0
2005.0	500.0	200.0	0.0
2005.0	500.0	240.0	0.0
2005.0	500.0	280.0	0.0
2005.0	500.0	300.0	0.0
2005.0	500.0	320.0	0.0
2005.0	500.0	340.0	0.0
2005.0	500.0	360.0	0.0
2005.0	500.0	380.0	0.0
2005.0	500.0	400.0	0.0
2005.0	500.0	430.0	0.0
2005.0	500.0	480.0	0.176
2005.0	550.0	50.0	0.0
2005.0	550.0	70.0	0.0
2005.0	550.0	100.0	0.0
2005.0	550.0	140.0	0.0
2005.0	550.0	170.0	0.0
2005.0	550.0	200.0	0.0
2005.0	550.0	240.0	0.0
2005.0	550.0	280.0	0.0
2005.0	550.0	300.0	0.0
2005.0	550.0	320.0	0.0
2005.0	550.0	340.0	0.0
2005.0	550.0	360.0	0.0
2005.0	550.0	380.0	0.0
2005.0	550.0	400.0	0.0
2005.0	550.0	430.0	0.0
2005.0	550.0	480.0	0.268
2005.0	600.0	50.0	0.0
2005.0	600.0	70.0	0.0
2005.0	600.0	100.0	0.0
2005.0	600.0	140.0	0.0
2005.0	600.0	200.0	0.0
2005.0	600.0	240.0	0.0
2005.0	600.0	280.0	0.0
2005.0	600.0	300.0	0.0
2005.0	600.0	320.0	0.0
2005.0	600.0	340.0	0.0
2005.0	600.0	360.0	0.0
2005.0	600.0	380.0	0.0
2005.0	600.0	400.0	0.0
2005.0	600.0	430.0	0.0
2005.0	600.0	480.0	0.353
2005.0	650.0	50.0	0.0
2005.0	650.0	70.0	0.0
2005.0	650.0	100.0	0.0
2005.0	650.0	140.0	0.0
2005.0	650.0	340.0	0.0
2005.0	650.0	360.0	0.0
2005.0	650.0	380.0	0.0
2005.0	650.0	400.0	0.0
2005.0	650.0	430.0	0.0
2005.0	650.0	480.0	0.43
2005.0	650.0	640.0	0.427
2005.0	700.0	50.0	0.0
2005.0	700.0	70.0	0.0
2005.0	700.0	100.0	0.0
2005.0	700.0	140.0	0.0
2005.0	700.0	480.0	0.486
2005.0	700.0	640.0	0.507
2005.0	750.0	50.0	0.0
2005.0	750.0	70.0	0.0
2005.0	750.0	100.0	0.0
2005.0	750.0	140.0	0.0
2005.0	750.0	170.0	0.0
2005.0	750.0	640.0	0.563
2005.0	800.0	50.0	0.0
2005.0	800.0	70.0	0.0
2005.0	800.0	100.0	0.0
2005.0	800.0	140.0	0.0
2005.0	800.0	170.0	0.0
2005.0	800.0	200.0	0.0
2005.0	800.0	280.0	0.0
2005.0	800.0	300.0	0.0
2005.0	800.0	320.0	0.0
2005.0	800.0	340.0	0.0
2005.0	800.0	360.0	0.0
2005.0	800.0	380.0	0.0
2005.0	800.0	400.0	0.0
2005.0	800.0	430.0	0.0
2005.0	800.0	480.0	0.544
2005.0	800.0	640.0	0.603
2005.0	850.0	50.0	0.0
2005.0	850.0	70.0	0.0
2005.0	850.0	100.0	0.0
2005.0	850.0	140.0	0.0
2005.0	850.0	170.0	0.0
2005.0	850.0	200.0	0.0
2005.0	900.0	50.0	0.0
2005.0	900.0	70.0	0.0
2005.0	900.0	100.0	0.0
2005.0	900.0	140.0	0.0
2005.0	900.0	170.0	0.0
2005.0	900.0	200.0	0.0
2005.0	950.0	50.0	0.0
2005.0	950.0	70.0	0.0
2005.0	950.0	100.0	0.0
2005.0	950.0	140.0	0.0
2005.0	950.0	170.0	0.0
2005.0	950.0	200.0	0.0
2005.0	1000.0	50.0	0.0
2005.0	1000.0	70.0	0.0
2005.0	1000.0	100.0	0.0
2005.0	1000.0	140.0	0.0
2005.0	1000.0	170.0	0.0
2005.0	1000.0	200.0	0.0
2005.0	1050.0	50.0	0.0
2005.0	1050.0	70.0	0.0
2005.0	1050.0	100.0	0.0
2005.0	1050.0	140.0	0.0
2005.0	1050.0	170.0	0.0
2005.0	1050.0	200.0	0.0
2005.0	1050.0	240.0	0.0
2005.0	1100.0	50.0	0.0
2005.0	1100.0	70.0	0.0
2005.0	1100.0	100.0	0.0
2005.0	1100.0	140.0	0.0
2005.0	1100.0	170.0	0.0
2005.0	1100.0	200.0	0.0
2005.0	1100.0	240.0	0.0
2005.0	1100.0	280.0	0.0
2005.0	1100.0	300.0	0.0
2005.0	1100.0	320.0	0.0
2005.0	1100.0	340.0	0.0
2005.0	1100.0	360.0	0.0
2005.0	1100.0	380.0	0.0
2005.0	1100.0	400.0	0.0
2005.0	1100.0	430.0	0.0
2005.0	1100.0	480.0	0.555
2005.0	1100.0	640.0	0.656
2005.0	1100.0	850.0	0.649
2005.0	1100.0	960.0	0.603
2005.0	1150.0	50.0	0.0
2005.0	1150.0	70.0	0.0
2005.0	1150.0	100.0	0.0
2005.0	1150.0	140.0	0.0
2005.0	1150.0	170.0	0.0
2005.0	1150.0	200.0	0.0
2005.0	1150.0	240.0	0.0
2005.0	1200.0	50.0	0.0
2005.0	1200.0	70.0	0.0
2005.0	1200.0	100.0	0.0
2005.0	1200.0	140.0	0.0
2005.0	1200.0	170.0	0.0
2005.0	1200.0	200.0	0.0
2005.0	1200.0	240.0	0.0
2005.0	1200.0	280.0	0.0
2005.0	1250.0	50.0	0.0
2005.0	1250.0	70.0	0.0
2005.0	1250.0	100.0	0.0
2005.0	1250.0	140.0	0.0
2005.0	1250.0	170.0	0.0
2005.0	1250.0	200.0	0.0
2005.0	1250.0	240.0	0.0
2005.0	1250.0	280.0	0.0
2005.0	1300.0	50.0	0.0
2005.0	1300.0	70.0	0.0
2005.0	1300.0	100.0	0.0
2005.0	1300.0	140.0	0.0
2005.0	1300.0	170.0	0.0
2005.0	1300.0	200.0	0.0
2005.0	1300.0	240.0	0.0
2005.0	1300.0	280.0	0.0
2005.0	1300.0	300.0	0.0
2005.0	1350.0	50.0	0.0
2005.0	1350.0	70.0	0.0
2005.0	1350.0	100.0	0.0
2005.0	1350.0	140.0	0.0
2005.0	1350.0	170.0	0.0
2005.0	1350.0	200.0	0.0
2005.0	1350.0	240.0	0.0
2005.0	1350.0	280.0	0.0
2005.0	1350.0	300.0	0.0
2005.0	1350.0	320.0	0.0
2005.0	1400.0	50.0	0.0
2005.0	1400.0	70.0	0.0
2005.0	1400.0	100.0	0.0
2005.0	1400.0	140.0	0.0
2005.0	1400.0	170.0	0.0
2005.0	1400.0	200.0	0.0
2005.0	1400.0	240.0	0.0
2005.0	1400.0	280.0	0.0
2005.0	1400.0	300.0	0.0
2005.0	1400.0	320.0	0.0
2005.0	1450.0	50.0	0.0
2005.0	1450.0	70.0	0.0
2005.0	1450.0	100.0	0.0
2005.0	1450.0	140.0	0.0
2005.0	1450.0	170.0	0.0
2005.0	1450.0	200.0	0.0
2005.0	1450.0	240.0	0.0
2005.0	1450.0	280.0	0.0
2005.0	1450.0	300.0	0.0
2005.0	1450.0	320.0	0.0
2005.0	1450.0	340.0	0.0
2005.0	1500.0	50.0	0.0
2005.0	1500.0	70.0	0.0
2005.0	1500.0	100.0	0.0
2005.0	1500.0	140.0	0.0
2005.0	1500.0	170.0	0.0
2005.0	1500.0	200.0	0.0
2005.0	1500.0	240.0	0.0
2005.0	1500.0	280.0	0.0
2005.0	1500.0	300.0	0.0
2005.0	1500.0	320.0	0.0
2005.0	1500.0	340.0	0.0
2005.0	1500.0	360.0	0.0
2005.0	1500.0	380.0	0.0
2005.0	1500.0	400.0	0.0
2005.0	1500.0	430.0	0.0
2005.0	1500.0	480.0	0.409
2005.0	1500.0	640.0	0.632
2005.0	1500.0	850.0	0.645
2005.0	1500.0	960.0	0.587
2005.0	1500.0	1100.0	0.484
2005.0	1500.0	1400.0	0.236
2005.0	1550.0	50.0	0.0
2005.0	1550.0	70.0	0.0
2005.0	1550.0	100.0	0.0
2005.0	1550.0	140.0	0.0
2005.0	1550.0	170.0	0.0
2005.0	1550.0	200.0	0.0
2005.0	1550.0	240.0	0.0
2005.0	1550.0	280.0	0.0
2005.0	1550.0	300.0	0.0
2005.0	1550.0	320.0	0.0
2005.0	1550.0	340.0	0.0
2005.0	1550.0	360.0	0.0
2005.0	1600.0	50.0	0.0
2005.0	1600.0	70.0	0.0
2005.0	1600.0	100.0	0.0
2005.0	1600.0	140.0	0.0
2005.0	1600.0	170.0	0.0
2005.0	1600.0	200.0	0.0
2005.0	1600.0	240.0	0.0
2005.0	1600.0	280.0	0.0
2005.0	1600.0	300.0	0.0
2005.0	1600.0	320.0	0.0
2005.0	1600.0	340.0	0.0
2005.0	1600.0	360.0	0.0
2005.0	1600.0	380.0	0.0
2005.0	1650.0	50.0	0.0
2005.0	1650.0	70.0	0.0
2005.0	1650.0	100.0	0.0
2005.0	1650.0	140.0	0.0
2005.0	1650.0	170.0	0.0
2005.0	1650.0	200.0	0.0
2005.0	1650.0	240.0	0.0
2005.0	1650.0	280.0	0.0
2005.0	1650.0	300.0	0.0
2005.0	1650.0	320.0	0.0
2005.0	1650.0	340.0	0.0
2005.0	1650.0	360.0	0.0
2005.0	1650.0	380.0	0.0
2005.0	1700.0	50.0	0.0
2005.0	1700.0	70.0	0.0
2005.0	1700.0	100.0	0.0
2005.0	1700.0	140.0	0.0
2005.0	1700.0	170.0	0.0
2005.0	1700.0	200.0	0.0
2005.0	1700.0	240.0	0.0
2005.0	1700.0	280.0	0.0
2005.0	1700.0	300.0	0.0
2005.0	1700.0	320.0	0.0
2005.0	1700.0	340.0	0.0
2005.0	1700.0	360.0	0.0
2005.0	1700.0	380.0	0.0
2005.0	1700.0	400.0	0.0
2005.0	1750.0	50.0	0.0
2005.0	1750.0	70.0	0.0
2005.0	1750.0	100.0	0.0
2005.0	1750.0	140.0	0.0
2005.0	1750.0	170.0	0.0
2005.0	1750.0	200.0	0.0
2005.0	1750.0	240.0	0.0
2005.0	1750.0	280.0	0.0
2005.0	1750.0	300.0	0.0
2005.0	1750.0	320.0	0.0
2005.0	1750.0	340.0	0.0
2005.0	1750.0	360.0	0.0
2005.0	1750.0	380.0	0.0
2005.0	1750.0	400.0	0.0
2005.0	1800.0	50.0	0.0
2005.0	1800.0	70.0	0.0
2005.0	1800.0	100.0	0.0
2005.0	1800.0	140.0	0.0
2005.0	1800.0	170.0	0.0
2005.0	1800.0	200.0	0.0
2005.0	1800.0	240.0	0.0
2005.0	1800.0	280.0	0.0
2005.0	1800.0	300.0	0.0
2005.0	1800.0	320.0	0.0
2005.0	1800.0	340.0	0.0
2005.0	1800.0	360.0	0.0
2005.0	1800.0	380.0	0.0
2005.0	1800.0	400.0	0.0
2005.0	1800.0	430.0	0.0
2005.0	1800.0	480.0	0.225
2005.0	1800.0	640.0	0.509
2005.0	1800.0	850.0	0.632
2005.0	1800.0	960.0	0.601
2005.0	1800.0	1100.0	0.514
2005.0	1800.0	1400.0	0.228
2005.0	1800.0	1500.0	0.161
2005.0	1800.0	1700.0	0.132
2005.0	1850.0	50.0	0.0
2005.0	1850.0	70.0	0.0
2005.0	1850.0	100.0	0.0
2005.0	1850.0	140.0	0.0
2005.0	1850.0	170.0	0.0
2005.0	1850.0	200.0	0.0
2005.0	1850.0	240.0	0.0
2005.0	1850.0	280.0	0.0
2005.0	1850.0	300.0	0.0
2005.0	1850.0	320.0	0.0
2005.0	1850.0	340.0	0.0
2005.0	1850.0	360.0	0.0
2005.0	1850.0	380.0	0.0
2005.0	1850.0	400.0	0.0
2005.0	1850.0	430.0	0.0
2005.0	1900.0	50.0	0.0
2005.0	1900.0	70.0	0.0
2005.0	1900.0	100.0	0.0
2005.0	1900.0	140.0	0.0
2005.0	1900.0	170.0	0.0
2005.0	1900.0	200.0	0.0
2005.0	1900.0	240.0	0.0
2005.0	1900.0	280.0	0.0
2005.0	1900.0	300.0	0.0
2005.0	1900.0	320.0	0.0
2005.0	1900.0	340.0	0.0
2005.0	1900.0	360.0	0.0
2005.0	1900.0	380.0	0.0
2005.0	1900.0	400.0	0.0
2005.0	1900.0	430.0	0.0
2005.0	1900.0	480.0	0.173
2005.0	1900.0	640.0	0.457
2005.0	1900.0	850.0	0.617
2005.0	1900.0	960.0	0.598
2005.0	1900.0	1100.0	0.528
2005.0	1900.0	1400.0	0.243
2005.0	1900.0	1500.0	0.17
2005.0	1900.0	1700.0	0.133
2005.0	1950.0	50.0	0.0
2005.0	1950.0	70.0	0.0
2005.0	1950.0	100.0	0.0
2005.0	1950.0	140.0	0.0
2005.0	1950.0	170.0	0.0
2005.0	1950.0	200.0	0.0
2005.0	1950.0	240.0	0.0
2005.0	1950.0	280.0	0.0
2005.0	1950.0	300.0	0.0
2005.0	1950.0	320.0	0.0
2005.0	1950.0	340.0	0.0
2005.0	1950.0	360.0	0.0
2005.0	1950.0	380.0	0.0
2005.0	1950.0	400.0	0.0
2005.0	1950.0	430.0	0.0
2005.0	2000.0	50.0	0.0
2005.0	2000.0	70.0	0.0
2005.0	2000.0	100.0	0.0
2005.0	2000.0	140.0	0.0
2005.0	2000.0	170.0	0.0
2005.0	2000.0	200.0	0.0
2005.0	2000.0	240.0	0.0
2005.0	2000.0	280.0	0.0
2005.0	2000.0	300.0	0.0
2005.0	2000.0	320.0	0.0
2005.0	2000.0	340.0	0.0
2005.0	2000.0	360.0	0.0
2005.0	2000.0	380.0	0.0
2005.0	2000.0	400.0	0.0
2005.0	2000.0	430.0	0.0
2005.0	2000.0	480.0	0.129
2005.0	2000.0	640.0	0.396
2005.0	2000.0	850.0	0.585
2005.0	2000.0	960.0	0.585
2005.0	2000.0	1100.0	0.527
2005.0	2000.0	1400.0	0.253
2005.0	2000.0	1500.0	0.181
2005.0	2000.0	1700.0	0.14
2005.0	2000.0	1900.0	0.0591
2005.0	2000.0	1990.0	0.0311
2305.0	100.0	50.0	0.0
2305.0	100.0	70.0	0.0
2305.0	150.0	50.0	0.0
2305.0	150.0	70.0	0.0
2305.0	150.0	100.0	0.0
2305.0	150.0	140.0	0.0
2305.0	200.0	50.0	0.0
2305.0	200.0	70.0	0.0
2305.0	200.0	100.0	0.0
2305.0	200.0	140.0	0.0
2305.0	200.0	170.0	0.0
2305.0	250.0	50.0	0.0
2305.0	250.0	70.0	0.0
2305.0	250.0	100.0	0.0
2305.0	250.0	140.0	0.0
2305.0	250.0	170.0	0.0
2305.0	250.0	200.0	0.0
2305.0	250.0	240.0	0.0
2305.0	300.0	50.0	0.0
2305.0	300.0	70.0	0.0
2305.0	300.0	100.0	0.0
2305.0	300.0	140.0	0.0
2305.0	300.0	170.0	0.0
2305.0	300.0	200.0	0.0
2305.0	300.0	240.0	0.0
2305.0	300.0	280.0	0.0
2305.0	350.0	50.0	0.0
2305.0	350.0	70.0	0.0
2305.0	350.0	100.0	0.0
2305.0	350.0	140.0	0.0
2305.0	350.0	170.0	0.0
2305.0	350.0	200.0	0.0
2305.0	350.0	240.0	0.0
2305.0	350.0	280.0	0.0
2305.0	350.0	300.0	0.0
2305.0	350.0	320.0	0.0
2305.0	350.0	340.0	0.0
2305.0	400.0	50.0	0.0
2305.0	400.0	70.0	0.0
2305.0	400.0	100.0	0.0
2305.0	400.0	140.0	0.0
2305.0	400.0	170.0	0.0
2305.0	400.0	200.0	0.0
2305.0	400.0	240.0	0.0
2305.0	400.0	280.0	0.0
2305.0	400.0	300.0	0.0
2305.0	400.0	320.0	0.0
2305.0	400.0	340.0	0.0
2305.0	400.0	360.0	0.0
2305.0	400.0	380.0	0.0
2305.0	450.0	50.0	0.0
2305.0	450.0	70.0	0.0
2305.0	450.0	100.0	0.0
2305.0	450.0	140.0	0.0
2305.0	450.0	170.0	0.0
2305.0	450.0	200.0	0.0
2305.0	450.0	240.0	0.0
2305.0	450.0	280.0	0.0
2305.0	450.0	300.0	0.0
2305.0	450.0	320.0	0.0
2305.0	450.0	340.0	0.0
2305.0	450.0	360.0	0.0
2305.0	450.0	380.0	0.0
2305.0	450.0	400.0	0.0
2305.0	450.0	430.0	0.0
2305.0	500.0	50.0	0.0
2305.0	500.0	70.0	0.0
2305.0	500.0	100.0	0.0
2305.0	500.0	140.0	0.0
2305.0	500.0	170.0	0.0
2305.0	500.0	200.0	0.0
2305.0	500.0	240.0	0.0
2305.0	500.0	280.0	0.0
2305.0	500.0	300.0	0.0
2305.0	500.0	320.0	0.0
2305.0	500.0	340.0	0.0
2305.0	500.0	360.0	0.0
2305.0	500.0	380.0	0.0
2305.0	500.0	400.0	0.0
2305.0	500.0	430.0	0.0
2305.0	500.0	480.0	0.0606
2305.0	550.0	50.0	0.0
2305.0	550.0	70.0	0.0
2305.0	550.0	100.0	0.0
2305.0	550.0	140.0	0.0
2305.0	550.0	170.0	0.0
2305.0	550.0	200.0	0.0
2305.0	550.0	240.0	0.0
2305.0	550.0	280.0	0.0
2305.0	550.0	300.0	0.0
2305.0	550.0	320.0	0.0
2305.0	550.0	340.0	0.0
2305.0	550.0	360.0	0.0
2305.0	550.0	380.0	0.0
2305.0	550.0	400.0	0.0
2305.0	550.0	430.0	0.0
2305.0	550.0	480.0	0.123
2305.0	600.0	50.0	0.0
2305.0	600.0	70.0	0.0
2305.0	600.0	100.0	0.0
2305.0	600.0	140.0	0.0
2305.0	600.0	200.0	0.0
2305.0	600.0	240.0	0.0
2305.0	600.0	280.0	0.0
2305.0	600.0	300.0	0.0
2305.0	600.0	320.0	0.0
2305.0	600.0	340.0	0.0
2305.0	600.0	360.0	0.0
2305.0	600.0	380.0	0.0
2305.0	600.0	400.0	0.0
2305.0	600.0	430.0	0.0
2305.0	600.0	480.0	0.201
2305.0	650.0	50.0	0.0
2305.0	650.0	70.0	0.0
2305.0	650.0	100.0	0.0
2305.0	650.0	140.0	0.0
2305.0	650.0	340.0	0.0
2305.0	650.0	360.0	0.0
2305.0	650.0	380.0	0.0
2305.0	650.0	400.0	0.0
2305.0	650.0	430.0	0.0
2305.0	650.0	480.0	0.286
2305.0	650.0	640.0	0.258
2305.0	700.0	50.0	0.0
2305.0	700.0	70.0	0.0
2305.0	700.0	100.0	0.0
2305.0	700.0	140.0	0.0
2305.0	700.0	480.0	0.362
2305.0	700.0	640.0	0.35
2305.0	750.0	50.0	0.0
2305.0	750.0	70.0	0.0
2305.0	750.0	100.0	0.0
2305.0	750.0	140.0	0.0
2305.0	750.0	170.0	0.0
2305.0	750.0	640.0	0.425
2305.0	800.0	50.0	0.0
2305.0	800.0	70.0	0.0
2305.0	800.0	100.0	0.0
2305.0	800.0	140.0	0.0
2305.0	800.0	170.0	0.0
2305.0	800.0	200.0	0.0
2305.0	800.0	280.0	0.0
2305.0	800.0	300.0	0.0
2305.0	800.0	320.0	0.0
2305.0	800.0	340.0	0.0
2305.0	800.0	360.0	0.0
2305.0	800.0	380.0	0.0
2305.0	800.0	400.0	0.0
2305.0	800.0	430.0	0.0
2305.0	800.0	480.0	0.45
2305.0	800.0	640.0	0.488
2305.0	850.0	50.0	0.0
2305.0	850.0	70.0	0.0
2305.0	850.0	100.0	0.0
2305.0	850.0	140.0	0.0
2305.0	850.0	170.0	0.0
2305.0	850.0	200.0	0.0
2305.0	900.0	50.0	0.0
2305.0	900.0	70.0	0.0
2305.0	900.0	100.0	0.0
2305.0	900.0	140.0	0.0
2305.0	900.0	170.0	0.0
2305.0	900.0	200.0	0.0
2305.0	950.0	50.0	0.0
2305.0	950.0	70.0	0.0
2305.0	950.0	100.0	0.0
2305.0	950.0	140.0	0.0
2305.0	950.0	170.0	0.0
2305.0	950.0	200.0	0.0
2305.0	1000.0	50.0	0.0
2305.0	1000.0	70.0	0.0
2305.0	1000.0	100.0	0.0
2305.0	1000.0	140.0	0.0
2305.0	1000.0	170.0	0.0
2305.0	1000.0	200.0	0.0
2305.0	1050.0	50.0	0.0
2305.0	1050.0	70.0	0.0
2305.0	1050.0	100.0	0.0
2305.0	1050.0	140.0	0.0
2305.0	1050.0	170.0	0.0
2305.0	1050.0	200.0	0.0
2305.0	1050.0	240.0	0.0
2305.0	1100.0	50.0	0.0
2305.0	1100.0	70.0	0.0
2305.0	1100.0	100.0	0.0
2305.0	1100.0	140.0	0.0
2305.0	1100.0	170.0	0.0
2305.0	1100.0	200.0	0.0
2305.0	1100.0	240.0	0.0
2305.0	1100.0	280.0	0.0
2305.0	1100.0	300.0	0.0
2305.0	1100.0	320.0	0.0
2305.0	1100.0	340.0	0.0
2305.0	1100.0	360.0	0.0
2305.0	1100.0	380.0	0.0
2305.0	1100.0	400.0	0.0
2305.0	1100.0	430.0	0.0
2305.0	1100.0	480.0	0.487
2305.0	1100.0	640.0	0.617
2305.0	1100.0	850.0	0.637
2305.0	1100.0	960.0	0.601
2305.0	1150.0	50.0	0.0
2305.0	1150.0	70.0	0.0
2305.0	1150.0	100.0	0.0
2305.0	1150.0	140.0	0.0
2305.0	1150.0	170.0	0.0
2305.0	1150.0	200.0	0.0
2305.0	1150.0	240.0	0.0
2305.0	1200.0	50.0	0.0
2305.0	1200.0	70.0	0.0
2305.0	1200.0	100.0	0.0
2305.0	1200.0	140.0	0.0
2305.0	1200.0	170.0	0.0
2305.0	1200.0	200.0	0.0
2305.0	1200.0	240.0	0.0
2305.0	1200.0	280.0	0.0
2305.0	1250.0	50.0	0.0
2305.0	1250.0	70.0	0.0
2305.0	1250.0	100.0	0.0
2305.0	1250.0	140.0	0.0
2305.0	1250.0	170.0	0.0
2305.0	1250.0	200.0	0.0
2305.0	1250.0	240.0	0.0
2305.0	1250.0	280.0	0.0
2305.0	1300.0	50.0	0.0
2305.0	1300.0	70.0	0.0
2305.0	1300.0	100.0	0.0
2305.0	1300.0	140.0	0.0
2305.0	1300.0	170.0	0.0
2305.0	1300.0	200.0	0.0
2305.0	1300.0	240.0	0.0
2305.0	1300.0	280.0	0.0
2305.0	1300.0	300.0	0.0
2305.0	1350.0	50.0	0.0
2305.0	1350.0	70.0	0.0
2305.0	1350.0	100.0	0.0
2305.0	1350.0	140.0	0.0
2305.0	1350.0	170.0	0.0
2305.0	1350.0	200.0	0.0
2305.0	1350.0	240.0	0.0
2305.0	1350.0	280.0	0.0
2305.0	1350.0	300.0	0.0
2305.0	1350.0	320.0	0.0
2305.0	1400.0	50.0	0.0
2305.0	1400.0	70.0	0.0
2305.0	1400.0	100.0	0.0
2305.0	1400.0	140.0	0.0
2305.0	1400.0	170.0	0.0
2305.0	1400.0	200.0	0.0
2305.0	1400.0	240.0	0.0
2305.0	1400.0	280.0	0.0
2305.0	1400.0	300.0	0.0
2305.0	1400.0	320.0	0.0
2305.0	1450.0	50.0	0.0
2305.0	1450.0	70.0	0.0
2305.0	1450.0	100.0	0.0
2305.0	1450.0	140.0	0.0
2305.0	1450.0	170.0	0.0
2305.0	1450.0	200.0	0.0
2305.0	1450.0	240.0	0.0
2305.0	1450.0	280.0	0.0
2305.0	1450.0	300.0	0.0
2305.0	1450.0	320.0	0.0
2305.0	1450.0	340.0	0.0
2305.0	1500.0	50.0	0.0
2305.0	1500.0	70.0	0.0
2305.0	1500.0	100.0	0.0
2305.0	1500.0	140.0	0.0
2305.0	1500.0	170.0	0.0
2305.0	1500.0	200.0	0.0
2305.0	1500.0	240.0	0.0
2305.0	1500.0	280.0	0.0
2305.0	1500.0	300.0	0.0
2305.0	1500.0	320.0	0.0
2305.0	1500.0	340.0	0.0
2305.0	1500.0	360.0	0.0
2305.0	1500.0	380.0	0.0
2305.0	1500.0	400.0	0.0
2305.0	1500.0	430.0	0.0
2305.0	1500.0	480.0	0.396
2305.0	1500.0	640.0	0.6
2305.0	1500.0	850.0	0.632
2305.0	1500.0	960.0	0.586
2305.0	1500.0	1100.0	0.5
2305.0	1500.0	1400.0	0.256
2305.0	1550.0	50.0	0.0
2305.0	1550.0	70.0	0.0
2305.0	1550.0	100.0	0.0
2305.0	1550.0	140.0	0.0
2305.0	1550.0	170.0	0.0
2305.0	1550.0	200.0	0.0
2305.0	1550.0	240.0	0.0
2305.0	1550.0	280.0	0.0
2305.0	1550.0	300.0	0.0
2305.0	1550.0	320.0	0.0
2305.0	1550.0	340.0	0.0
2305.0	1550.0	360.0	0.0
2305.0	1600.0	50.0	0.0
2305.0	1600.0	70.0	0.0
2305.0	1600.0	100.0	0.0
2305.0	1600.0	140.0	0.0
2305.0	1600.0	170.0	0.0
2305.0	1600.0	200.0	0.0
2305.0	1600.0	240.0	0.0
2305.0	1600.0	280.0	0.0
2305.0	1600.0	300.0	0.0
2305.0	1600.0	320.0	0.0
2305.0	1600.0	340.0	0.0
2305.0	1600.0	360.0	0.0
2305.0	1600.0	380.0	0.0
2305.0	1650.0	50.0	0.0
2305.0	1650.0	70.0	0.0
2305.0	1650.0	100.0	0.0
2305.0	1650.0	140.0	0.0
2305.0	1650.0	170.0	0.0
2305.0	1650.0	200.0	0.0
2305.0	1650.0	240.0	0.0
2305.0	1650.0	280.0	0.0
2305.0	1650.0	300.0	0.0
2305.0	1650.0	320.0	0.0
2305.0	1650.0	340.0	0.0
2305.0	1650.0	360.0	0.0
2305.0	1650.0	380.0	0.0
2305.0	1700.0	50.0	0.0
2305.0	1700.0	70.0	0.0
2305.0	1700.0	100.0	0.0
2305.0	1700.0	140.0	0.0
2305.0	1700.0	170.0	0.0
2305.0	1700.0	200.0	0.0
2305.0	1700.0	240.0	0.0
2305.0	1700.0	280.0	0.0
2305.0	1700.0	300.0	0.0
2305.0	1700.0	320.0	0.0
2305.0	1700.0	340.0	0.0
2305.0	1700.0	360.0	0.0
2305.0	1700.0	380.0	0.0
2305.0	1700.0	400.0	0.0
2305.0	1750.0	50.0	0.0
2305.0	1750.0	70.0	0.0
2305.0	1750.0	100.0	0.0
2305.0	1750.0	140.0	0.0
2305.0	1750.0	170.0	0.0
2305.0	1750.0	200.0	0.0
2305.0	1750.0	240.0	0.0
2305.0	1750.0	280.0	0.0
2305.0	1750.0	300.0	0.0
2305.0	1750.0	320.0	0.0
2305.0	1750.0	340.0	0.0
2305.0	1750.0	360.0	0.0
2305.0	1750.0	380.0	0.0
2305.0	1750.0	400.0	0.0
2305.0	1800.0	50.0	0.0
2305.0	1800.0	70.0	0.0
2305.0	1800.0	100.0	0.0
2305.0	1800.0	140.0	0.0
2305.0	1800.0	170.0	0.0
2305.0	1800.0	200.0	0.0
2305.0	1800.0	240.0	0.0
2305.0	1800.0	280.0	0.0
2305.0	1800.0	300.0	0.0
2305.0	1800.0	320.0	0.0
2305.0	1800.0	340.0	0.0
2305.0	1800.0	360.0	0.0
2305.0	1800.0	380.0	0.0
2305.0	1800.0	400.0	0.0
2305.0	1800.0	430.0	0.0
2305.0	1800.0	480.0	0.221
2305.0	1800.0	640.0	0.506
2305.0	1800.0	850.0	0.637
2305.0	1800.0	960.0	0.603
2305.0	1800.0	1100.0	0.512
2305.0	1800.0	1400.0	0.219
2305.0	1800.0	1500.0	0.157
2305.0	1800.0	1700.0	0.129
2305.0	1850.0	50.0	0.0
2305.0	1850.0	70.0	0.0
2305.0	1850.0	100.0	0.0
2305.0	1850.0	140.0	0.0
2305.0	1850.0	170.0	0.0
2305.0	1850.0	200.0	0.0
2305.0	1850.0	240.0	0.0
2305.0	1850.0	280.0	0.0
2305.0	1850.0	300.0	0.0
2305.0	1850.0	320.0	0.0
2305.0	1850.0	340.0	0.0
2305.0	1850.0	360.0	0.0
2305.0	1850.0	380.0	0.0
2305.0	1850.0	400.0	0.0
2305.0	1850.0	430.0	0.0
2305.0	1900.0	50.0	0.0
2305.0	1900.0	70.0	0.0
2305.0	1900.0	100.0	0.0
2305.0	1900.0	140.0	0.0
2305.0	1900.0	170.0	0.0
2305.0	1900.0	200.0	0.0
2305.0	1900.0	240.0	0.0
2305.0	1900.0	280.0	0.0
2305.0	1900.0	300.0	0.0
2305.0	1900.0	320.0	0.0
2305.0	1900.0	340.0	0.0
2305.0	1900.0	360.0	0.0
2305.0	1900.0	380.0	0.0
2305.0	1900.0	400.0	0.0
2305.0	1900.0	430.0	0.0
2305.0	1900.0	480.0	0.16
2305.0	1900.0	640.0	0.452
2305.0	1900.0	850.0	0.619
2305.0	1900.0	960.0	0.603
2305.0	1900.0	1100.0	0.523
2305.0	1900.0	1400.0	0.225
2305.0	1900.0	1500.0	0.156
2305.0	1900.0	1700.0	0.12
2305.0	1950.0	50.0	0.0
2305.0	1950.0	70.0	0.0
2305.0	1950.0	100.0	0.0
2305.0	1950.0	140.0	0.0
2305.0	1950.0	170.0	0.0
2305.0	1950.0	200.0	0.0
2305.0	1950.0	240.0	0.0
2305.0	1950.0	280.0	0.0
2305.0	1950.0	300.0	0.0
2305.0	1950.0	320.0	0.0
2305.0	1950.0	340.0	0.0
2305.0	1950.0	360.0	0.0
2305.0	1950.0	380.0	0.0
2305.0	1950.0	400.0	0.0
2305.0	1950.0	430.0	0.0
2305.0	2000.0	50.0	0.0
2305.0	2000.0	70.0	0.0
2305.0	2000.0	100.0	0.0
2305.0	2000.0	140.0	0.0
2305.0	2000.0	170.0	0.0
2305.0	2000.0	200.0	0.0
2305.0	2000.0	240.0	0.0
2305.0	2000.0	280.0	0.0
2305.0	2000.0	300.0	0.0
2305.0	2000.0	320.0	0.0
2305.0	2000.0	340.0	0.0
2305.0	2000.0	360.0	0.0
2305.0	2000.0	380.0	0.0
2305.0	2000.0	400.0	0.0
2305.0	2000.0	430.0	0.0
2305.0	2000.0	480.0	0.115
2305.0	2000.0	640.0	0.39
2305.0	2000.0	850.0	0.601
2305.0	2000.0	960.0	0.598
2305.0	2000.0	1100.0	0.53
2305.0	2000.0	1400.0	0.234
2305.0	2000.0	1500.0	0.162
2305.0	2000.0	1700.0	0.119
2305.0	2000.0	1900.0	0.0438
2305.0	2050.0	50.0	0.0
2305.0	2050.0	70.0	0.0
2305.0	2050.0	100.0	0.0
2305.0	2050.0	140.0	0.0
2305.0	2050.0	170.0	0.0
2305.0	2050.0	200.0	0.0
2305.0	2050.0	240.0	0.0
2305.0	2050.0	280.0	0.0
2305.0	2050.0	300.0	0.0
2305.0	2050.0	320.0	0.0
2305.0	2050.0	340.0	0.0
2305.0	2050.0	360.0	0.0
2305.0	2050.0	380.0	0.0
2305.0	2050.0	400.0	0.0
2305.0	2050.0	430.0	0.0
2305.0	2050.0	480.0	0.0966
2305.0	2100.0	50.0	0.0
2305.0	2100.0	70.0	0.0
2305.0	2100.0	100.0	0.0
2305.0	2100.0	140.0	0.0
2305.0	2100.0	170.0	0.0
2305.0	2100.0	200.0	0.0
2305.0	2100.0	240.0	0.0
2305.0	2100.0	280.0	0.0
2305.0	2100.0	300.0	0.0
2305.0	2100.0	320.0	0.0
2305.0	2100.0	340.0	0.0
2305.0	2100.0	360.0	0.0
2305.0	2100.0	380.0	0.0
2305.0	2100.0	400.0	0.0
2305.0	2100.0	430.0	0.0
2305.0	2100.0	480.0	0.0816
2305.0	2150.0	50.0	0.0
2305.0	2150.0	70.0	0.0
2305.0	2150.0	100.0	0.0
2305.0	2150.0	140.0	0.0
2305.0	2150.0	170.0	0.0
2305.0	2150.0	200.0	0.0
2305.0	2150.0	240.0	0.0
2305.0	2150.0	280.0	0.0
2305.0	2150.0	300.0	0.0
2305.0	2150.0	320.0	0.0
2305.0	2150.0	340.0	0.0
2305.0	2150.0	360.0	0.0
2305.0	2150.0	380.0	0.0
2305.0	2150.0	400.0	0.0
2305.0	2150.0	430.0	0.0
2305.0	2150.0	480.0	0.0655
2305.0	2200.0	50.0	0.0
2305.0	2200.0	70.0	0.0
2305.0	2200.0	100.0	0.0
2305.0	2200.0	140.0	0.0
2305.0	2200.0	170.0	0.0
2305.0	2200.0	200.0	0.0
2305.0	2200.0	240.0	0.0
2305.0	2200.0	280.0	0.0
2305.0	2200.0	300.0	0.0
2305.0	2200.0	320.0	0.0
2305.0	2200.0	340.0	0.0
2305.0	2200.0	360.0	0.0
2305.0	2200.0	380.0	0.0
2305.0	2200.0	400.0	0.0
2305.0	2200.0	430.0	0.0
2305.0	2200.0	480.0	0.0533
2305.0	2250.0	50.0	0.0
2305.0	2250.0	70.0	0.0
2305.0	2250.0	100.0	0.0
2305.0	2250.0	140.0	0.0
2305.0	2250.0	170.0	0.0
2305.0	2250.0	200.0	0.0
2305.0	2250.0	240.0	0.0
2305.0	2250.0	280.0	0.0
2305.0	2250.0	300.0	0.0
2305.0	2250.0	320.0	0.0
2305.0	2250.0	340.0	0.0
2305.0	2250.0	360.0	0.0
2305.0	2250.0	380.0	0.0
2305.0	2250.0	400.0	0.0
2305.0	2250.0	430.0	0.0
2305.0	2250.0	480.0	0.0445
2305.0	2300.0	50.0	0.0
2305.0	2300.0	70.0	0.0
2305.0	2300.0	100.0	0.0
2305.0	2300.0	140.0	0.0
2305.0	2300.0	170.0	0.0
2305.0	2300.0	200.0	0.0
2305.0	2300.0	240.0	0.0
2305.0	2300.0	280.0	0.0
2305.0	2300.0	300.0	0.0
2305.0	2300.0	320.0	0.0
2305.0	2300.0	340.0	0.0
2305.0	2300.0	360.0	0.0
2305.0	2300.0	380.0	0.0
2305.0	2300.0	400.0	0.0
2305.0	2300.0	430.0	0.0
2305.0	2300.0	480.0	0.0384
2305.0	2300.0	2290.0	0.00936
2605.0	100.0	50.0	0.0
2605.0	100.0	70.0	0.0
2605.0	150.0	50.0	0.0
2605.0	150.0	70.0	0.0
2605.0	150.0	100.0	0.0
2605.0	150.0	140.0	0.0
2605.0	200.0	50.0	0.0
2605.0	200.0	70.0	0.0
2605.0	200.0	100.0	0.0
2605.0	200.0	140.0	0.0
2605.0	200.0	170.0	0.0
2605.0	250.0	50.0	0.0
2605.0	250.0	70.0	0.0
2605.0	250.0	100.0	0.0
2605.0	250.0	140.0	0.0
2605.0	250.0	170.0	0.0
2605.0	250.0	200.0	0.0
2605.0	250.0	240.0	0.0
2605.0	300.0	50.0	0.0
2605.0	300.0	70.0	0.0
2605.0	300.0	100.0	0.0
2605.0	300.0	140.0	0.0
2605.0	300.0	170.0	0.0
2605.0	300.0	200.0	0.0
2605.0	300.0	240.0	0.0
2605.0	300.0	280.0	0.0
2605.0	350.0	50.0	0.0
2605.0	350.0	70.0	0.0
2605.0	350.0	100.0	0.0
2605.0	350.0	140.0	0.0
2605.0	350.0	170.0	0.0
2605.0	350.0	200.0	0.0
2605.0	350.0	240.0	0.0
2605.0	350.0	280.0	0.0
2605.0	350.0	300.0	0.0
2605.0	350.0	320.0	0.0
2605.0	350.0	340.0	0.0
2605.0	400.0	50.0	0.0
2605.0	400.0	70.0	0.0
2605.0	400.0	100.0	0.0
2605.0	400.0	140.0	0.0
2605.0	400.0	170.0	0.0
2605.0	400.0	200.0	0.0
2605.0	400.0	240.0	0.0
2605.0	400.0	280.0	0.0
2605.0	400.0	300.0	0.0
2605.0	400.0	320.0	0.0
2605.0	400.0	340.0	0.0
2605.0	400.0	360.0	0.0
2605.0	400.0	380.0	0.0
2605.0	450.0	50.0	0.0
2605.0	450.0	70.0	0.0
2605.0	450.0	100.0	0.0
2605.0	450.0	140.0	0.0
2605.0	450.0	170.0	0.0
2605.0	450.0	200.0	0.0
2605.0	450.0	240.0	0.0
2605.0	450.0	280.0	0.0
2605.0	450.0	300.0	0.0
2605.0	450.0	320.0	0.0
2605.0	450.0	340.0	0.0
2605.0	450.0	360.0	0.0
2605.0	450.0	380.0	0.0
2605.0	450.0	400.0	0.0
2605.0	450.0	430.0	0.0
2605.0	500.0	50.0	0.0
2605.0	500.0	70.0	0.0
2605.0	500.0	100.0	0.0
2605.0	500.0	140.0	0.0
2605.0	500.0	170.0	0.0
2605.0	500.0	200.0	0.0
2605.0	500.0	240.0	0.0
2605.0	500.0	280.0	0.0
2605.0	500.0	300.0	0.0
2605.0	500.0	320.0	0.0
2605.0	500.0	340.0	0.0
2605.0	500.0	360.0	0.0
2605.0	500.0	380.0	0.0
2605.0	500.0	400.0	0.0
2605.0	500.0	430.0	0.0
2605.0	500.0	480.0	0.015
2605.0	550.0	50.0	0.0
2605.0	550.0	70.0	0.0
2605.0	550.0	100.0	0.0
2605.0	550.0	140.0	0.0
2605.0	550.0	170.0	0.0
2605.0	550.0	200.0	0.0
2605.0	550.0	240.0	0.0
2605.0	550.0	280.0	0.0
2605.0	550.0	300.0	0.0
2605.0	550.0	320.0	0.0
2605.0	550.0	340.0	0.0
2605.0	550.0	360.0	0.0
2605.0	550.0	380.0	0.0
2605.0	550.0	400.0	0.0
2605.0	550.0	430.0	0.0
2605.0	550.0	480.0	0.0416
2605.0	600.0	50.0	0.0
2605.0	600.0	70.0	0.0
2605.0	600.0	100.0	0.0
2605.0	600.0	140.0	0.0
2605.0	600.0	200.0	0.0
2605.0	600.0	240.0	0.0
2605.0	600.0	280.0	0.0
2605.0	600.0	300.0	0.0
2605.0	600.0	320.0	0.0
2605.0	600.0	340.0	0.0
2605.0	600.0	360.0	0.0
2605.0	600.0	380.0	0.0
2605.0	600.0	400.0	0.0
2605.0	600.0	430.0	0.0
2605.0	600.0	480.0	0.0911
2605.0	650.0	50.0	0.0
2605.0	650.0	70.0	0.0
2605.0	650.0	100.0	0.0
2605.0	650.0	140.0	0.0
2605.0	650.0	340.0	0.0
2605.0	650.0	360.0	0.0
2605.0	650.0	380.0	0.0
2605.0	650.0	400.0	0.0
2605.0	650.0	430.0	0.0
2605.0	650.0	480.0	0.157
2605.0	650.0	640.0	0.117
2605.0	700.0	50.0	0.0
2605.0	700.0	70.0	0.0
2605.0	700.0	100.0	0.0
2605.0	700.0	140.0	0.0
2605.0	700.0	480.0	0.235
2605.0	700.0	640.0	0.193
2605.0	750.0	50.0	0.0
2605.0	750.0	70.0	0.0
2605.0	750.0	100.0	0.0
2605.0	750.0	140.0	0.0
2605.0	750.0	170.0	0.0
2605.0	750.0	640.0	0.269
2605.0	800.0	50.0	0.0
2605.0	800.0	70.0	0.0
2605.0	800.0	100.0	0.0
2605.0	800.0	140.0	0.0
2605.0	800.0	170.0	0.0
2605.0	800.0	200.0	0.0
2605.0	800.0	280.0	0.0
2605.0	800.0	300.0	0.0
2605.0	800.0	320.0	0.0
2605.0	800.0	340.0	0.0
2605.0	800.0	360.0	0.0
2605.0	800.0	380.0	0.0
2605.0	800.0	400.0	0.0
2605.0	800.0	430.0	0.0
2605.0	800.0	480.0	0.359
2605.0	800.0	640.0	0.349
2605.0	850.0	50.0	0.0
2605.0	850.0	70.0	0.0
2605.0	850.0	100.0	0.0
2605.0	850.0	140.0	0.0
2605.0	850.0	170.0	0.0
2605.0	850.0	200.0	0.0
2605.0	900.0	50.0	0.0
2605.0	900.0	70.0	0.0
2605.0	900.0	100.0	0.0
2605.0	900.0	140.0	0.0
2605.0	900.0	170.0	0.0
2605.0	900.0	200.0	0.0
2605.0	950.0	50.0	0.0
2605.0	950.0	70.0	0.0
2605.0	950.0	100.0	0.0
2605.0	950.0	140.0	0.0
2605.0	950.0	170.0	0.0
2605.0	950.0	200.0	0.0
2605.0	1000.0	50.0	0.0
2605.0	1000.0	70.0	0.0
2605.0	1000.0	100.0	0.0
2605.0	1000.0	140.0	0.0
2605.0	1000.0	170.0	0.0
2605.0	1000.0	200.0	0.0
2605.0	1050.0	50.0	0.0
2605.0	1050.0	70.0	0.0
2605.0	1050.0	100.0	0.0
2605.0	1050.0	140.0	0.0
2605.0	1050.0	170.0	0.0
2605.0	1050.0	200.0	0.0
2605.0	1050.0	240.0	0.0
2605.0	1100.0	50.0	0.0
2605.0	1100.0	70.0	0.0
2605.0	1100.0	100.0	0.0
2605.0	1100.0	140.0	0.0
2605.0	1100.0	170.0	0.0
2605.0	1100.0	200.0	0.0
2605.0	1100.0	240.0	0.0
2605.0	1100.0	280.0	0.0
2605.0	1100.0	300.0	0.0
2605.0	1100.0	320.0	0.0
2605.0	1100.0	340.0	0.0
2605.0	1100.0	360.0	0.0
2605.0	1100.0	380.0	0.0
2605.0	1100.0	400.0	0.0
2605.0	1100.0	430.0	0.0
2605.0	1100.0	480.0	0.427
2605.0	1100.0	640.0	0.55
2605.0	1100.0	850.0	0.594
2605.0	1100.0	960.0	0.562
2605.0	1150.0	50.0	0.0
2605.0	1150.0	70.0	0.0
2605.0	1150.0	100.0	0.0
2605.0	1150.0	140.0	0.0
2605.0	1150.0	170.0	0.0
2605.0	1150.0	200.0	0.0
2605.0	1150.0	240.0	0.0
2605.0	1200.0	50.0	0.0
2605.0	1200.0	70.0	0.0
2605.0	1200.0	100.0	0.0
2605.0	1200.0	140.0	0.0
2605.0	1200.0	170.0	0.0
2605.0	1200.0	200.0	0.0
2605.0	1200.0	240.0	0.0
2605.0	1200.0	280.0	0.0
2605.0	1250.0	50.0	0.0
2605.0	1250.0	70.0	0.0
2605.0	1250.0	100.0	0.0
2605.0	1250.0	140.0	0.0
2605.0	1250.0	170.0	0.0
2605.0	1250.0	200.0	0.0
2605.0	1250.0	240.0	0.0
2605.0	1250.0	280.0	0.0
2605.0	1300.0	50.0	0.0
2605.0	1300.0	70.0	0.0
2605.0	1300.0	100.0	0.0
2605.0	1300.0	140.0	0.0
2605.0	1300.0	170.0	0.0
2605.0	1300.0	200.0	0.0
2605.0	1300.0	240.0	0.0
2605.0	1300.0	280.0	0.0
2605.0	1300.0	300.0	0.0
2605.0	1350.0	50.0	0.0
2605.0	1350.0	70.0	0.0
2605.0	1350.0	100.0	0.0
2605.0	1350.0	140.0	0.0
2605.0	1350.0	170.0	0.0
2605.0	1350.0	200.0	0.0
2605.0	1350.0	240.0	0.0
2605.0	1350.0	280.0	0.0
2605.0	1350.0	300.0	0.0
2605.0	1350.0	320.0	0.0
2605.0	1400.0	50.0	0.0
2605.0	1400.0	70.0	0.0
2605.0	1400.0	100.0	0.0
2605.0	1400.0	140.0	0.0
2605.0	1400.0	170.0	0.0
2605.0	1400.0	200.0	0.0
2605.0	1400.0	240.0	0.0
2605.0	1400.0	280.0	0.0
2605.0	1400.0	300.0	0.0
2605.0	1400.0	320.0	0.0
2605.0	1450.0	50.0	0.0
2605.0	1450.0	70.0	0.0
2605.0	1450.0	100.0	0.0
2605.0	1450.0	140.0	0.0
2605.0	1450.0	170.0	0.0
2605.0	1450.0	200.0	0.0
2605.0	1450.0	240.0	0.0
2605.0	1450.0	280.0	0.0
2605.0	1450.0	300.0	0.0
2605.0	1450.0	320.0	0.0
2605.0	1450.0	340.0	0.0
2605.0	1500.0	50.0	0.0
2605.0	1500.0	70.0	0.0
2605.0	1500.0	100.0	0.0
2605.0	1500.0	140.0	0.0
2605.0	1500.0	170.0	0.0
2605.0	1500.0	200.0	0.0
2605.0	1500.0	240.0	0.0
2605.0	1500.0	280.0	0.0
2605.0	1500.0	300.0	0.0
2605.0	1500.0	320.0	0.0
2605.0	1500.0	340.0	0.0
2605.0	1500.0	360.0	0.0
2605.0	1500.0	380.0	0.0
2605.0	1500.0	400.0	0.0
2605.0	1500.0	430.0	0.0
2605.0	1500.0	480.0	0.379
2605.0	1500.0	640.0	0.552
2605.0	1500.0	850.0	0.603
2605.0	1500.0	960.0	0.578
2605.0	1500.0	1100.0	0.519
2605.0	1500.0	1400.0	0.289
2605.0	1550.0	50.0	0.0
2605.0	1550.0	70.0	0.0
2605.0	1550.0	100.0	0.0
2605.0	1550.0	140.0	0.0
2605.0	1550.0	170.0	0.0
2605.0	1550.0	200.0	0.0
2605.0	1550.0	240.0	0.0
2605.0	1550.0	280.0	0.0
2605.0	1550.0	300.0	0.0
2605.0	1550.0	320.0	0.0
2605.0	1550.0	340.0	0.0
2605.0	1550.0	360.0	0.0
2605.0	1600.0	50.0	0.0
2605.0	1600.0	70.0	0.0
2605.0	1600.0	100.0	0.0
2605.0	1600.0	140.0	0.0
2605.0	1600.0	170.0	0.0
2605.0	1600.0	200.0	0.0
2605.0	1600.0	240.0	0.0
2605.0	1600.0	280.0	0.0
2605.0	1600.0	300.0	0.0
2605.0	1600.0	320.0	0.0
2605.0	1600.0	340.0	0.0
2605.0	1600.0	360.0	0.0
2605.0	1600.0	380.0	0.0
2605.0	1650.0	50.0	0.0
2605.0	1650.0	70.0	0.0
2605.0	1650.0	100.0	0.0
2605.0	1650.0	140.0	0.0
2605.0	1650.0	170.0	0.0
2605.0	1650.0	200.0	0.0
2605.0	1650.0	240.0	0.0
2605.0	1650.0	280.0	0.0
2605.0	1650.0	300.0	0.0
2605.0	1650.0	320.0	0.0
2605.0	1650.0	340.0	0.0
2605.0	1650.0	360.0	0.0
2605.0	1650.0	380.0	0.0
2605.0	1700.0	50.0	0.0
2605.0	1700.0	70.0	0.0
2605.0	1700.0	100.0	0.0
2605.0	1700.0	140.0	0.0
2605.0	1700.0	170.0	0.0
2605.0	1700.0	200.0	0.0
2605.0	1700.0	240.0	0.0
2605.0	1700.0	280.0	0.0
2605.0	1700.0	300.0	0.0
2605.0	1700.0	320.0	0.0
2605.0	1700.0	340.0	0.0
2605.0	1700.0	360.0	0.0
2605.0	1700.0	380.0	0.0
2605.0	1700.0	400.0	0.0
2605.0	1750.0	50.0	0.0
2605.0	1750.0	70.0	0.0
2605.0	1750.0	100.0	0.0
2605.0	1750.0	140.0	0.0
2605.0	1750.0	170.0	0.0
2605.0	1750.0	200.0	0.0
2605.0	1750.0	240.0	0.0
2605.0	1750.0	280.0	0.0
2605.0	1750.0	300.0	0.0
2605.0	1750.0	320.0	0.0
2605.0	1750.0	340.0	0.0
2605.0	1750.0	360.0	0.0
2605.0	1750.0	380.0	0.0
2605.0	1750.0	400.0	0.0
2605.0	1800.0	50.0	0.0
2605.0	1800.0	70.0	0.0
2605.0	1800.0	100.0	0.0
2605.0	1800.0	140.0	0.0
2605.0	1800.0	170.0	0.0
2605.0	1800.0	200.0	0.0
2605.0	1800.0	240.0	0.0
2605.0	1800.0	280.0	0.0
2605.0	1800.0	300.0	0.0
2605.0	1800.0	320.0	0.0
2605.0	1800.0	340.0	0.0
2605.0	1800.0	360.0	0.0
2605.0	1800.0	380.0	0.0
2605.0	1800.0	400.0	0.0
2605.0	1800.0	430.0	0.0
2605.0	1800.0	480.0	0.219
2605.0	1800.0	640.0	0.49
2605.0	1800.0	850.0	0.611
2605.0	1800.0	960.0	0.587
2605.0	1800.0	1100.0	0.509
2605.0	1800.0	1400.0	0.237
2605.0	1800.0	1500.0	0.174
2605.0	1800.0	1700.0	0.148
2605.0	1850.0	50.0	0.0
2605.0	1850.0	70.0	0.0
2605.0	1850.0	100.0	0.0
2605.0	1850.0	140.0	0.0
2605.0	1850.0	170.0	0.0
2605.0	1850.0	200.0	0.0
2605.0	1850.0	240.0	0.0
2605.0	1850.0	280.0	0.0
2605.0	1850.0	300.0	0.0
2605.0	1850.0	320.0	0.0
2605.0	1850.0	340.0	0.0
2605.0	1850.0	360.0	0.0
2605.0	1850.0	380.0	0.0
2605.0	1850.0	400.0	0.0
2605.0	1850.0	430.0	0.0
2605.0	1900.0	50.0	0.0
2605.0	1900.0	70.0	0.0
2605.0	1900.0	100.0	0.0
2605.0	1900.0	140.0	0.0
2605.0	1900.0	170.0	0.0
2605.0	1900.0	200.0	0.0
2605.0	1900.0	240.0	0.0
2605.0	1900.0	280.0	0.0
2605.0	1900.0	300.0	0.0
2605.0	1900.0	320.0	0.0
2605.0	1900.0	340.0	0.0
2605.0	1900.0	360.0	0.0
2605.0	1900.0	380.0	0.0
2605.0	1900.0	400.0	0.0
2605.0	1900.0	430.0	0.0
2605.0	1900.0	480.0	0.166
2605.0	1900.0	640.0	0.443
2605.0	1900.0	850.0	0.609
2605.0	1900.0	960.0	0.592
2605.0	1900.0	1100.0	0.521
2605.0	1900.0	1400.0	0.235
2605.0	1900.0	1500.0	0.166
2605.0	1900.0	1700.0	0.131
2605.0	1950.0	50.0	0.0
2605.0	1950.0	70.0	0.0
2605.0	1950.0	100.0	0.0
2605.0	1950.0	140.0	0.0
2605.0	1950.0	170.0	0.0
2605.0	1950.0	200.0	0.0
2605.0	1950.0	240.0	0.0
2605.0	1950.0	280.0	0.0
2605.0	1950.0	300.0	0.0
2605.0	1950.0	320.0	0.0
2605.0	1950.0	340.0	0.0
2605.0	1950.0	360.0	0.0
2605.0	1950.0	380.0	0.0
2605.0	1950.0	400.0	0.0
2605.0	1950.0	430.0	0.0
2605.0	2000.0	50.0	0.0
2605.0	2000.0	70.0	0.0
2605.0	2000.0	100.0	0.0
2605.0	2000.0	140.0	0.0
2605.0	2000.0	170.0	0.0
2605.0	2000.0	200.0	0.0
2605.0	2000.0	240.0	0.0
2605.0	2000.0	280.0	0.0
2605.0	2000.0	300.0	0.0
2605.0	2000.0	320.0	0.0
2605.0	2000.0	340.0	0.0
2605.0	2000.0	360.0	0.0
2605.0	2000.0	380.0	0.0
2605.0	2000.0	400.0	0.0
2605.0	2000.0	430.0	0.0
2605.0	2000.0	480.0	0.119
2605.0	2000.0	640.0	0.388
2605.0	2000.0	850.0	0.594
2605.0	2000.0	960.0	0.593
2605.0	2000.0	1100.0	0.53
2605.0	2000.0	1400.0	0.238
2605.0	2000.0	1500.0	0.163
2605.0	2000.0	1700.0	0.123
2605.0	2000.0	1900.0	0.0434
2605.0	2050.0	50.0	0.0
2605.0	2050.0	70.0	0.0
2605.0	2050.0	100.0	0.0
2605.0	2050.0	140.0	0.0
2605.0	2050.0	170.0	0.0
2605.0	2050.0	200.0	0.0
2605.0	2050.0	240.0	0.0
2605.0	2050.0	280.0	0.0
2605.0	2050.0	300.0	0.0
2605.0	2050.0	320.0	0.0
2605.0	2050.0	340.0	0.0
2605.0	2050.0	360.0	0.0
2605.0	2050.0	380.0	0.0
2605.0	2050.0	400.0	0.0
2605.0	2050.0	430.0	0.0
2605.0	2050.0	480.0	0.0968
2605.0	2100.0	50.0	0.0
2605.0	2100.0	70.0	0.0
2605.0	2100.0	100.0	0.0
2605.0	2100.0	140.0	0.0
2605.0	2100.0	170.0	0.0
2605.0	2100.0	200.0	0.0
2605.0	2100.0	240.0	0.0
2605.0	2100.0	280.0	0.0
2605.0	2100.0	300.0	0.0
2605.0	2100.0	320.0	0.0
2605.0	2100.0	340.0	0.0
2605.0	2100.0	360.0	0.0
2605.0	2100.0	380.0	0.0
2605.0	2100.0	400.0	0.0
2605.0	2100.0	430.0	0.0
2605.0	2100.0	480.0	0.0758
2605.0	2150.0	50.0	0.0
2605.0	2150.0	70.0	0.0
2605.0	2150.0	100.0	0.0
2605.0	2150.0	140.0	0.0
2605.0	2150.0	170.0	0.0
2605.0	2150.0	200.0	0.0
2605.0	2150.0	240.0	0.0
2605.0	2150.0	280.0	0.0
2605.0	2150.0	300.0	0.0
2605.0	2150.0	320.0	0.0
2605.0	2150.0	340.0	0.0
2605.0	2150.0	360.0	0.0
2605.0	2150.0	380.0	0.0
2605.0	2150.0	400.0	0.0
2605.0	2150.0	430.0	0.0
2605.0	2150.0	480.0	0.0619
2605.0	2200.0	50.0	0.0
2605.0	2200.0	70.0	0.0
2605.0	2200.0	100.0	0.0
2605.0	2200.0	140.0	0.0
2605.0	2200.0	170.0	0.0
2605.0	2200.0	200.0	0.0
2605.0	2200.0	240.0	0.0
2605.0	2200.0	280.0	0.0
2605.0	2200.0	300.0	0.0
2605.0	2200.0	320.0	0.0
2605.0	2200.0	340.0	0.0
2605.0	2200.0	360.0	0.0
2605.0	2200.0	380.0	0.0
2605.0	2200.0	400.0	0.0
2605.0	2200.0	430.0	0.0
2605.0	2200.0	480.0	0.0479
2605.0	2250.0	50.0	0.0
2605.0	2250.0	70.0	0.0
2605.0	2250.0	100.0	0.0
2605.0	2250.0	140.0	0.0
2605.0	2250.0	170.0	0.0
2605.0	2250.0	200.0	0.0
2605.0	2250.0	240.0	0.0
2605.0	2250.0	280.0	0.0
2605.0	2250.0	300.0	0.0
2605.0	2250.0	320.0	0.0
2605.0	2250.0	340.0	0.0
2605.0	2250.0	360.0	0.0
2605.0	2250.0	380.0	0.0
2605.0	2250.0	400.0	0.0
2605.0	2250.0	430.0	0.0
2605.0	2250.0	480.0	0.0376
2605.0	2300.0	50.0	0.0
2605.0	2300.0	70.0	0.0
2605.0	2300.0	100.0	0.0
2605.0	2300.0	140.0	0.0
2605.0	2300.0	170.0	0.0
2605.0	2300.0	200.0	0.0
2605.0	2300.0	240.0	0.0
2605.0	2300.0	280.0	0.0
2605.0	2300.0	300.0	0.0
2605.0	2300.0	320.0	0.0
2605.0	2300.0	340.0	0.0
2605.0	2300.0	360.0	0.0
2605.0	2300.0	380.0	0.0
2605.0	2300.0	400.0	0.0
2605.0	2300.0	430.0	0.0
2605.0	2300.0	480.0	0.0288
2605.0	2350.0	50.0	0.0
2605.0	2350.0	70.0	0.0
2605.0	2350.0	100.0	0.0
2605.0	2350.0	140.0	0.0
2605.0	2350.0	170.0	0.0
2605.0	2350.0	200.0	0.0
2605.0	2350.0	240.0	0.0
2605.0	2350.0	280.0	0.0
2605.0	2350.0	300.0	0.0
2605.0	2350.0	320.0	0.0
2605.0	2350.0	340.0	0.0
2605.0	2350.0	360.0	0.0
2605.0	2350.0	380.0	0.0
2605.0	2350.0	400.0	0.0
2605.0	2350.0	430.0	0.0
2605.0	2350.0	480.0	0.0233
2605.0	2400.0	50.0	0.0
2605.0	2400.0	70.0	0.0
2605.0	2400.0	100.0	0.0
2605.0	2400.0	140.0	0.0
2605.0	2400.0	170.0	0.0
2605.0	2400.0	200.0	0.0
2605.0	2400.0	240.0	0.0
2605.0	2400.0	280.0	0.0
2605.0	2400.0	300.0	0.0
2605.0	2400.0	320.0	0.0
2605.0	2400.0	340.0	0.0
2605.0	2400.0	360.0	0.0
2605.0	2400.0	380.0	0.0
2605.0	2400.0	400.0	0.0
2605.0	2400.0	430.0	0.0
2605.0	2400.0	480.0	0.0171
2605.0	2450.0	50.0	0.0
2605.0	2450.0	70.0	0.0
2605.0	2450.0	100.0	0.0
2605.0	2450.0	140.0	0.0
2605.0	2450.0	170.0	0.0
2605.0	2450.0	200.0	0.0
2605.0	2450.0	240.0	0.0
2605.0	2450.0	280.0	0.0
2605.0	2450.0	300.0	0.0
2605.0	2450.0	320.0	0.0
2605.0	2450.0	340.0	0.0
2605.0	2450.0	360.0	0.0
2605.0	2450.0	380.0	0.0
2605.0	2450.0	400.0	0.0
2605.0	2450.0	430.0	0.0
2605.0	2450.0	480.0	0.0128
2605.0	2500.0	50.0	0.0
2605.0	2500.0	70.0	0.0
2605.0	2500.0	100.0	0.0
2605.0	2500.0	140.0	0.0
2605.0	2500.0	170.0	0.0
2605.0	2500.0	200.0	0.0
2605.0	2500.0	240.0	0.0
2605.0	2500.0	280.0	0.0
2605.0	2500.0	300.0	0.0
2605.0	2500.0	320.0	0.0
2605.0	2500.0	340.0	0.0
2605.0	2500.0	360.0	0.0
2605.0	2500.0	380.0	0.0
2605.0	2500.0	400.0	0.0
2605.0	2500.0	430.0	0.0
2605.0	2500.0	480.0	0.0104
2605.0	2550.0	50.0	0.0
2605.0	2550.0	70.0	0.0
2605.0	2550.0	100.0	0.0
2605.0	2550.0	140.0	0.0
2605.0	2550.0	170.0	0.0
2605.0	2550.0	200.0	0.0
2605.0	2550.0	240.0	0.0
2605.0	2550.0	280.0	0.0
2605.0	2550.0	300.0	0.0
2605.0	2550.0	320.0	0.0
2605.0	2550.0	340.0	0.0
2605.0	2550.0	360.0	0.0
2605.0	2550.0	380.0	0.0
2605.0	2550.0	400.0	0.0
2605.0	2550.0	430.0	0.0
2605.0	2550.0	480.0	0.00778
2605.0	2600.0	50.0	0.0
2605.0	2600.0	70.0	0.0
2605.0	2600.0	100.0	0.0
2605.0	2600.0	140.0	0.0
2605.0	2600.0	170.0	0.0
2605.0	2600.0	200.0	0.0
2605.0	2600.0	240.0	0.0
2605.0	2600.0	280.0	0.0
2605.0	2600.0	300.0	0.0
2605.0	2600.0	320.0	0.0
2605.0	2600.0	340.0	0.0
2605.0	2600.0	360.0	0.0
2605.0	2600.0	380.0	0.0
2605.0	2600.0	400.0	0.0
2605.0	2600.0	430.0	0.0
2605.0	2600.0	480.0	0.00611
2605.0	2600.0	2590.0	0.00682
2955.0	150.0	50.0	0.0
2955.0	150.0	70.0	0.0
2955.0	150.0	100.0	0.0
2955.0	150.0	140.0	0.0
2955.0	200.0	50.0	0.0
2955.0	200.0	70.0	0.0
2955.0	200.0	100.0	0.0
2955.0	200.0	140.0	0.0
2955.0	200.0	170.0	0.0
2955.0	250.0	50.0	0.0
2955.0	250.0	70.0	0.0
2955.0	250.0	100.0	0.0
2955.0	250.0	140.0	0.0
2955.0	250.0	170.0	0.0
2955.0	250.0	200.0	0.0
2955.0	250.0	240.0	0.0
2955.0	300.0	50.0	0.0
2955.0	300.0	70.0	0.0
2955.0	300.0	100.0	0.0
2955.0	300.0	140.0	0.0
2955.0	300.0	170.0	0.0
2955.0	300.0	200.0	0.0
2955.0	300.0	240.0	0.0
2955.0	300.0	280.0	0.0
2955.0	350.0	50.0	0.0
2955.0	350.0	70.0	0.0
2955.0	350.0	100.0	0.0
2955.0	350.0	140.0	0.0
2955.0	350.0	170.0	0.0
2955.0	350.0	200.0	0.0
2955.0	350.0	240.0	0.0
2955.0	350.0	280.0	0.0
2955.0	350.0	300.0	0.0
2955.0	350.0	320.0	0.0
2955.0	350.0	340.0	0.0
2955.0	400.0	50.0	0.0
2955.0	400.0	70.0	0.0
2955.0	400.0	100.0	0.0
2955.0	400.0	140.0	0.0
2955.0	400.0	170.0	0.0
2955.0	400.0	200.0	0.0
2955.0	400.0	240.0	0.0
2955.0	400.0	280.0	0.0
2955.0	400.0	300.0	0.0
2955.0	400.0	320.0	0.0
2955.0	400.0	340.0	0.0
2955.0	400.0	360.0	0.0
2955.0	400.0	380.0	0.0
2955.0	450.0	50.0	0.0
2955.0	450.0	70.0	0.0
2955.0	450.0	100.0	0.0
2955.0	450.0	140.0	0.0
2955.0	450.0	170.0	0.0
2955.0	450.0	200.0	0.0
2955.0	450.0	240.0	0.0
2955.0	450.0	280.0	0.0
2955.0	450.0	300.0	0.0
2955.0	450.0	320.0	0.0
2955.0	450.0	340.0	0.0
2955.0	450.0	360.0	0.0
2955.0	450.0	380.0	0.0
2955.0	450.0	400.0	0.0
2955.0	450.0	430.0	0.0
2955.0	500.0	50.0	0.0
2955.0	500.0	70.0	0.0
2955.0	500.0	100.0	0.0
2955.0	500.0	140.0	0.0
2955.0	500.0	170.0	0.0
2955.0	500.0	200.0	0.0
2955.0	500.0	240.0	0.0
2955.0	500.0	280.0	0.0
2955.0	500.0	300.0	0.0
2955.0	500.0	320.0	0.0
2955.0	500.0	340.0	0.0
2955.0	500.0	360.0	0.0
2955.0	500.0	380.0	0.0
2955.0	500.0	400.0	0.0
2955.0	500.0	430.0	0.0
2955.0	500.0	480.0	0.00285
2955.0	550.0	50.0	0.0
2955.0	550.0	70.0	0.0
2955.0	550.0	100.0	0.0
2955.0	550.0	140.0	0.0
2955.0	550.0	170.0	0.0
2955.0	550.0	200.0	0.0
2955.0	550.0	240.0	0.0
2955.0	550.0	280.0	0.0
2955.0	550.0	300.0	0.0
2955.0	550.0	320.0	0.0
2955.0	550.0	340.0	0.0
2955.0	550.0	360.0	0.0
2955.0	550.0	380.0	0.0
2955.0	550.0	400.0	0.0
2955.0	550.0	430.0	0.0
2955.0	550.0	480.0	0.0084
2955.0	600.0	50.0	0.0
2955.0	600.0	70.0	0.0
2955.0	600.0	100.0	0.0
2955.0	600.0	140.0	0.0
2955.0	600.0	200.0	0.0
2955.0	600.0	240.0	0.0
2955.0	600.0	280.0	0.0
2955.0	600.0	300.0	0.0
2955.0	600.0	320.0	0.0
2955.0	600.0	340.0	0.0
2955.0	600.0	360.0	0.0
2955.0	600.0	380.0	0.0
2955.0	600.0	400.0	0.0
2955.0	600.0	430.0	0.0
2955.0	600.0	480.0	0.027
2955.0	650.0	50.0	0.0
2955.0	650.0	70.0	0.0
2955.0	650.0	100.0	0.0
2955.0	650.0	140.0	0.0
2955.0	650.0	340.0	0.0
2955.0	650.0	360.0	0.0
2955.0	650.0	380.0	0.0
2955.0	650.0	400.0	0.0
2955.0	650.0	430.0	0.0
2955.0	650.0	480.0	0.065
2955.0	650.0	640.0	0.0318
2955.0	700.0	50.0	0.0
2955.0	700.0	70.0	0.0
2955.0	700.0	100.0	0.0
2955.0	700.0	140.0	0.0
2955.0	700.0	480.0	0.123
2955.0	700.0	640.0	0.0692
2955.0	750.0	50.0	0.0
2955.0	750.0	70.0	0.0
2955.0	750.0	100.0	0.0
2955.0	750.0	140.0	0.0
2955.0	750.0	170.0	0.0
2955.0	750.0	640.0	0.122
2955.0	800.0	50.0	0.0
2955.0	800.0	70.0	0.0
2955.0	800.0	100.0	0.0
2955.0	800.0	140.0	0.0
2955.0	800.0	170.0	0.0
2955.0	800.0	200.0	0.0
2955.0	800.0	280.0	0.0
2955.0	800.0	300.0	0.0
2955.0	800.0	320.0	0.0
2955.0	800.0	340.0	0.0
2955.0	800.0	360.0	0.0
2955.0	800.0	380.0	0.0
2955.0	800.0	400.0	0.0
2955.0	800.0	430.0	0.0
2955.0	800.0	480.0	0.253
2955.0	800.0	640.0	0.187
2955.0	850.0	50.0	0.0
2955.0	850.0	70.0	0.0
2955.0	850.0	100.0	0.0
2955.0	850.0	140.0	0.0
2955.0	850.0	170.0	0.0
2955.0	850.0	200.0	0.0
2955.0	900.0	50.0	0.0
2955.0	900.0	70.0	0.0
2955.0	900.0	100.0	0.0
2955.0	900.0	140.0	0.0
2955.0	900.0	170.0	0.0
2955.0	900.0	200.0	0.0
2955.0	950.0	50.0	0.0
2955.0	950.0	70.0	0.0
2955.0	950.0	100.0	0.0
2955.0	950.0	140.0	0.0
2955.0	950.0	170.0	0.0
2955.0	950.0	200.0	0.0
2955.0	1000.0	50.0	0.0
2955.0	1000.0	70.0	0.0
2955.0	1000.0	100.0	0.0
2955.0	1000.0	140.0	0.0
2955.0	1000.0	170.0	0.0
2955.0	1000.0	200.0	0.0
2955.0	1050.0	50.0	0.0
2955.0	1050.0	70.0	0.0
2955.0	1050.0	100.0	0.0
2955.0	1050.0	140.0	0.0
2955.0	1050.0	170.0	0.0
2955.0	1050.0	200.0	0.0
2955.0	1050.0	240.0	0.0
2955.0	1100.0	50.0	0.0
2955.0	1100.0	70.0	0.0
2955.0	1100.0	100.0	0.0
2955.0	1100.0	140.0	0.0
2955.0	1100.0	170.0	0.0
2955.0	1100.0	200.0	0.0
2955.0	1100.0	240.0	0.0
2955.0	1100.0	280.0	0.0
2955.0	1100.0	300.0	0.0
2955.0	1100.0	320.0	0.0
2955.0	1100.0	340.0	0.0
2955.0	1100.0	360.0	0.0
2955.0	1100.0	380.0	0.0
2955.0	1100.0	400.0	0.0
2955.0	1100.0	430.0	0.0
2955.0	1100.0	480.0	0.366
2955.0	1100.0	640.0	0.472
2955.0	1100.0	850.0	0.493
2955.0	1100.0	960.0	0.461
2955.0	1150.0	50.0	0.0
2955.0	1150.0	70.0	0.0
2955.0	1150.0	100.0	0.0
2955.0	1150.0	140.0	0.0
2955.0	1150.0	170.0	0.0
2955.0	1150.0	200.0	0.0
2955.0	1150.0	240.0	0.0
2955.0	1200.0	50.0	0.0
2955.0	1200.0	70.0	0.0
2955.0	1200.0	100.0	0.0
2955.0	1200.0	140.0	0.0
2955.0	1200.0	170.0	0.0
2955.0	1200.0	200.0	0.0
2955.0	1200.0	240.0	0.0
2955.0	1200.0	280.0	0.0
2955.0	1250.0	50.0	0.0
2955.0	1250.0	70.0	0.0
2955.0	1250.0	100.0	0.0
2955.0	1250.0	140.0	0.0
2955.0	1250.0	170.0	0.0
2955.0	1250.0	200.0	0.0
2955.0	1250.0	240.0	0.0
2955.0	1250.0	280.0	0.0
2955.0	1300.0	50.0	0.0
2955.0	1300.0	70.0	0.0
2955.0	1300.0	100.0	0.0
2955.0	1300.0	140.0	0.0
2955.0	1300.0	170.0	0.0
2955.0	1300.0	200.0	0.0
2955.0	1300.0	240.0	0.0
2955.0	1300.0	280.0	0.0
2955.0	1300.0	300.0	0.0
2955.0	1350.0	50.0	0.0
2955.0	1350.0	70.0	0.0
2955.0	1350.0	100.0	0.0
2955.0	1350.0	140.0	0.0
2955.0	1350.0	170.0	0.0
2955.0	1350.0	200.0	0.0
2955.0	1350.0	240.0	0.0
2955.0	1350.0	280.0	0.0
2955.0	1350.0	300.0	0.0
2955.0	1350.0	320.0	0.0
2955.0	1400.0	50.0	0.0
2955.0	1400.0	70.0	0.0
2955.0	1400.0	100.0	0.0
2955.0	1400.0	140.0	0.0
2955.0	1400.0	170.0	0.0
2955.0	1400.0	200.0	0.0
2955.0	1400.0	240.0	0.0
2955.0	1400.0	280.0	0.0
2955.0	1400.0	300.0	0.0
2955.0	1400.0	320.0	0.0
2955.0	1450.0	50.0	0.0
2955.0	1450.0	70.0	0.0
2955.0	1450.0	100.0	0.0
2955.0	1450.0	140.0	0.0
2955.0	1450.0	170.0	0.0
2955.0	1450.0	200.0	0.0
2955.0	1450.0	240.0	0.0
2955.0	1450.0	280.0	0.0
2955.0	1450.0	300.0	0.0
2955.0	1450.0	320.0	0.0
2955.0	1450.0	340.0	0.0
2955.0	1500.0	50.0	0.0
2955.0	1500.0	70.0	0.0
2955.0	1500.0	100.0	0.0
2955.0	1500.0	140.0	0.0
2955.0	1500.0	170.0	0.0
2955.0	1500.0	200.0	0.0
2955.0	1500.0	240.0	0.0
2955.0	1500.0	280.0	0.0
2955.0	1500.0	300.0	0.0
2955.0	1500.0	320.0	0.0
2955.0	1500.0	340.0	0.0
2955.0	1500.0	360.0	0.0
2955.0	1500.0	380.0	0.0
2955.0	1500.0	400.0	0.0
2955.0	1500.0	430.0	0.0
2955.0	1500.0	480.0	0.35
2955.0	1500.0	640.0	0.482
2955.0	1500.0	850.0	0.556
2955.0	1500.0	960.0	0.554
2955.0	1500.0	1100.0	0.522
2955.0	1500.0	1400.0	0.323
2955.0	1550.0	50.0	0.0
2955.0	1550.0	70.0	0.0
2955.0	1550.0	100.0	0.0
2955.0	1550.0	140.0	0.0
2955.0	1550.0	170.0	0.0
2955.0	1550.0	200.0	0.0
2955.0	1550.0	240.0	0.0
2955.0	1550.0	280.0	0.0
2955.0	1550.0	300.0	0.0
2955.0	1550.0	320.0	0.0
2955.0	1550.0	340.0	0.0
2955.0	1550.0	360.0	0.0
2955.0	1600.0	50.0	0.0
2955.0	1600.0	70.0	0.0
2955.0	1600.0	100.0	0.0
2955.0	1600.0	140.0	0.0
2955.0	1600.0	170.0	0.0
2955.0	1600.0	200.0	0.0
2955.0	1600.0	240.0	0.0
2955.0	1600.0	280.0	0.0
2955.0	1600.0	300.0	0.0
2955.0	1600.0	320.0	0.0
2955.0	1600.0	340.0	0.0
2955.0	1600.0	360.0	0.0
2955.0	1600.0	380.0	0.0
2955.0	1650.0	50.0	0.0
2955.0	1650.0	70.0	0.0
2955.0	1650.0	100.0	0.0
2955.0	1650.0	140.0	0.0
2955.0	1650.0	170.0	0.0
2955.0	1650.0	200.0	0.0
2955.0	1650.0	240.0	0.0
2955.0	1650.0	280.0	0.0
2955.0	1650.0	300.0	0.0
2955.0	1650.0	320.0	0.0
2955.0	1650.0	340.0	0.0
2955.0	1650.0	360.0	0.0
2955.0	1650.0	380.0	0.0
2955.0	1700.0	50.0	0.0
2955.0	1700.0	70.0	0.0
2955.0	1700.0	100.0	0.0
2955.0	1700.0	140.0	0.0
2955.0	1700.0	170.0	0.0
2955.0	1700.0	200.0	0.0
2955.0	1700.0	240.0	0.0
2955.0	1700.0	280.0	0.0
2955.0	1700.0	300.0	0.0
2955.0	1700.0	320.0	0.0
2955.0	1700.0	340.0	0.0
2955.0	1700.0	360.0	0.0
2955.0	1700.0	380.0	0.0
2955.0	1700.0	400.0	0.0
2955.0	1750.0	50.0	0.0
2955.0	1750.0	70.0	0.0
2955.0	1750.0	100.0	0.0
2955.0	1750.0	140.0	0.0
2955.0	1750.0	170.0	0.0
2955.0	1750.0	200.0	0.0
2955.0	1750.0	240.0	0.0
2955.0	1750.0	280.0	0.0
2955.0	1750.0	300.0	0.0
2955.0	1750.0	320.0	0.0
2955.0	1750.0	340.0	0.0
2955.0	1750.0	360.0	0.0
2955.0	1750.0	380.0	0.0
2955.0	1750.0	400.0	0.0
2955.0	1800.0	50.0	0.0
2955.0	1800.0	70.0	0.0
2955.0	1800.0	100.0	0.0
2955.0	1800.0	140.0	0.0
2955.0	1800.0	170.0	0.0
2955.0	1800.0	200.0	0.0
2955.0	1800.0	240.0	0.0
2955.0	1800.0	280.0	0.0
2955.0	1800.0	300.0	0.0
2955.0	1800.0	320.0	0.0
2955.0	1800.0	340.0	0.0
2955.0	1800.0	360.0	0.0
2955.0	1800.0	380.0	0.0
2955.0	1800.0	400.0	0.0
2955.0	1800.0	430.0	0.0
2955.0	1800.0	480.0	0.24
2955.0	1800.0	640.0	0.456
2955.0	1800.0	850.0	0.559
2955.0	1800.0	960.0	0.55
2955.0	1800.0	1100.0	0.499
2955.0	1800.0	1400.0	0.27
2955.0	1800.0	1500.0	0.211
2955.0	1800.0	1700.0	0.183
2955.0	1850.0	50.0	0.0
2955.0	1850.0	70.0	0.0
2955.0	1850.0	100.0	0.0
2955.0	1850.0	140.0	0.0
2955.0	1850.0	170.0	0.0
2955.0	1850.0	200.0	0.0
2955.0	1850.0	240.0	0.0
2955.0	1850.0	280.0	0.0
2955.0	1850.0	300.0	0.0
2955.0	1850.0	320.0	0.0
2955.0	1850.0	340.0	0.0
2955.0	1850.0	360.0	0.0
2955.0	1850.0	380.0	0.0
2955.0	1850.0	400.0	0.0
2955.0	1850.0	430.0	0.0
2955.0	1900.0	50.0	0.0
2955.0	1900.0	70.0	0.0
2955.0	1900.0	100.0	0.0
2955.0	1900.0	140.0	0.0
2955.0	1900.0	170.0	0.0
2955.0	1900.0	200.0	0.0
2955.0	1900.0	240.0	0.0
2955.0	1900.0	280.0	0.0
2955.0	1900.0	300.0	0.0
2955.0	1900.0	320.0	0.0
2955.0	1900.0	340.0	0.0
2955.0	1900.0	360.0	0.0
2955.0	1900.0	380.0	0.0
2955.0	1900.0	400.0	0.0
2955.0	1900.0	430.0	0.0
2955.0	1900.0	480.0	0.183
2955.0	1900.0	640.0	0.422
2955.0	1900.0	850.0	0.562
2955.0	1900.0	960.0	0.554
2955.0	1900.0	1100.0	0.501
2955.0	1900.0	1400.0	0.256
2955.0	1900.0	1500.0	0.195
2955.0	1900.0	1700.0	0.163
2955.0	1950.0	50.0	0.0
2955.0	1950.0	70.0	0.0
2955.0	1950.0	100.0	0.0
2955.0	1950.0	140.0	0.0
2955.0	1950.0	170.0	0.0
2955.0	1950.0	200.0	0.0
2955.0	1950.0	240.0	0.0
2955.0	1950.0	280.0	0.0
2955.0	1950.0	300.0	0.0
2955.0	1950.0	320.0	0.0
2955.0	1950.0	340.0	0.0
2955.0	1950.0	360.0	0.0
2955.0	1950.0	380.0	0.0
2955.0	1950.0	400.0	0.0
2955.0	1950.0	430.0	0.0
2955.0	2000.0	50.0	0.0
2955.0	2000.0	70.0	0.0
2955.0	2000.0	100.0	0.0
2955.0	2000.0	140.0	0.0
2955.0	2000.0	170.0	0.0
2955.0	2000.0	200.0	0.0
2955.0	2000.0	240.0	0.0
2955.0	2000.0	280.0	0.0
2955.0	2000.0	300.0	0.0
2955.0	2000.0	320.0	0.0
2955.0	2000.0	340.0	0.0
2955.0	2000.0	360.0	0.0
2955.0	2000.0	380.0	0.0
2955.0	2000.0	400.0	0.0
2955.0	2000.0	430.0	0.0
2955.0	2000.0	480.0	0.133
2955.0	2000.0	640.0	0.38
2955.0	2000.0	850.0	0.557
2955.0	2000.0	960.0	0.56
2955.0	2000.0	1100.0	0.511
2955.0	2000.0	1400.0	0.252
2955.0	2000.0	1500.0	0.188
2955.0	2000.0	1700.0	0.147
2955.0	2000.0	1900.0	0.0529
2955.0	2050.0	50.0	0.0
2955.0	2050.0	70.0	0.0
2955.0	2050.0	100.0	0.0
2955.0	2050.0	140.0	0.0
2955.0	2050.0	170.0	0.0
2955.0	2050.0	200.0	0.0
2955.0	2050.0	240.0	0.0
2955.0	2050.0	280.0	0.0
2955.0	2050.0	300.0	0.0
2955.0	2050.0	320.0	0.0
2955.0	2050.0	340.0	0.0
2955.0	2050.0	360.0	0.0
2955.0	2050.0	380.0	0.0
2955.0	2050.0	400.0	0.0
2955.0	2050.0	430.0	0.0
2955.0	2050.0	480.0	0.111
2955.0	2100.0	50.0	0.0
2955.0	2100.0	70.0	0.0
2955.0	2100.0	100.0	0.0
2955.0	2100.0	140.0	0.0
2955.0	2100.0	170.0	0.0
2955.0	2100.0	200.0	0.0
2955.0	2100.0	240.0	0.0
2955.0	2100.0	280.0	0.0
2955.0	2100.0	300.0	0.0
2955.0	2100.0	320.0	0.0
2955.0	2100.0	340.0	0.0
2955.0	2100.0	360.0	0.0
2955.0	2100.0	380.0	0.0
2955.0	2100.0	400.0	0.0
2955.0	2100.0	430.0	0.0
2955.0	2100.0	480.0	0.0901
2955.0	2150.0	50.0	0.0
2955.0	2150.0	70.0	0.0
2955.0	2150.0	100.0	0.0
2955.0	2150.0	140.0	0.0
2955.0	2150.0	170.0	0.0
2955.0	2150.0	200.0	0.0
2955.0	2150.0	240.0	0.0
2955.0	2150.0	280.0	0.0
2955.0	2150.0	300.0	0.0
2955.0	2150.0	320.0	0.0
2955.0	2150.0	340.0	0.0
2955.0	2150.0	360.0	0.0
2955.0	2150.0	380.0	0.0
2955.0	2150.0	400.0	0.0
2955.0	2150.0	430.0	0.0
2955.0	2150.0	480.0	0.0727
2955.0	2200.0	50.0	0.0
2955.0	2200.0	70.0	0.0
2955.0	2200.0	100.0	0.0
2955.0	2200.0	140.0	0.0
2955.0	2200.0	170.0	0.0
2955.0	2200.0	200.0	0.0
2955.0	2200.0	240.0	0.0
2955.0	2200.0	280.0	0.0
2955.0	2200.0	300.0	0.0
2955.0	2200.0	320.0	0.0
2955.0	2200.0	340.0	0.0
2955.0	2200.0	360.0	0.0
2955.0	2200.0	380.0	0.0
2955.0	2200.0	400.0	0.0
2955.0	2200.0	430.0	0.0
2955.0	2200.0	480.0	0.0589
2955.0	2250.0	50.0	0.0
2955.0	2250.0	70.0	0.0
2955.0	2250.0	100.0	0.0
2955.0	2250.0	140.0	0.0
2955.0	2250.0	170.0	0.0
2955.0	2250.0	200.0	0.0
2955.0	2250.0	240.0	0.0
2955.0	2250.0	280.0	0.0
2955.0	2250.0	300.0	0.0
2955.0	2250.0	320.0	0.0
2955.0	2250.0	340.0	0.0
2955.0	2250.0	360.0	0.0
2955.0	2250.0	380.0	0.0
2955.0	2250.0	400.0	0.0
2955.0	2250.0	430.0	0.0
2955.0	2250.0	480.0	0.0418
2955.0	2300.0	50.0	0.0
2955.0	2300.0	70.0	0.0
2955.0	2300.0	100.0	0.0
2955.0	2300.0	140.0	0.0
2955.0	2300.0	170.0	0.0
2955.0	2300.0	200.0	0.0
2955.0	2300.0	240.0	0.0
2955.0	2300.0	280.0	0.0
2955.0	2300.0	300.0	0.0
2955.0	2300.0	320.0	0.0
2955.0	2300.0	340.0	0.0
2955.0	2300.0	360.0	0.0
2955.0	2300.0	380.0	0.0
2955.0	2300.0	400.0	0.0
2955.0	2300.0	430.0	0.0
2955.0	2300.0	480.0	0.0321
2955.0	2350.0	50.0	0.0
2955.0	2350.0	70.0	0.0
2955.0	2350.0	100.0	0.0
2955.0	2350.0	140.0	0.0
2955.0	2350.0	170.0	0.0
2955.0	2350.0	200.0	0.0
2955.0	2350.0	240.0	0.0
2955.0	2350.0	280.0	0.0
2955.0	2350.0	300.0	0.0
2955.0	2350.0	320.0	0.0
2955.0	2350.0	340.0	0.0
2955.0	2350.0	360.0	0.0
2955.0	2350.0	380.0	0.0
2955.0	2350.0	400.0	0.0
2955.0	2350.0	430.0	0.0
2955.0	2350.0	480.0	0.0252
2955.0	2400.0	50.0	0.0
2955.0	2400.0	70.0	0.0
2955.0	2400.0	100.0	0.0
2955.0	2400.0	140.0	0.0
2955.0	2400.0	170.0	0.0
2955.0	2400.0	200.0	0.0
2955.0	2400.0	240.0	0.0
2955.0	2400.0	280.0	0.0
2955.0	2400.0	300.0	0.0
2955.0	2400.0	320.0	0.0
2955.0	2400.0	340.0	0.0
2955.0	2400.0	360.0	0.0
2955.0	2400.0	380.0	0.0
2955.0	2400.0	400.0	0.0
2955.0	2400.0	430.0	0.0
2955.0	2400.0	480.0	0.0169
2955.0	2450.0	50.0	0.0
2955.0	2450.0	70.0	0.0
2955.0	2450.0	100.0	0.0
2955.0	2450.0	140.0	0.0
2955.0	2450.0	170.0	0.0
2955.0	2450.0	200.0	0.0
2955.0	2450.0	240.0	0.0
2955.0	2450.0	280.0	0.0
2955.0	2450.0	300.0	0.0
2955.0	2450.0	320.0	0.0
2955.0	2450.0	340.0	0.0
2955.0	2450.0	360.0	0.0
2955.0	2450.0	380.0	0.0
2955.0	2450.0	400.0	0.0
2955.0	2450.0	430.0	0.0
2955.0	2450.0	480.0	0.0126
2955.0	2500.0	50.0	0.0
2955.0	2500.0	70.0	0.0
2955.0	2500.0	100.0	0.0
2955.0	2500.0	140.0	0.0
2955.0	2500.0	170.0	0.0
2955.0	2500.0	200.0	0.0
2955.0	2500.0	240.0	0.0
2955.0	2500.0	280.0	0.0
2955.0	2500.0	300.0	0.0
2955.0	2500.0	320.0	0.0
2955.0	2500.0	340.0	0.0
2955.0	2500.0	360.0	0.0
2955.0	2500.0	380.0	0.0
2955.0	2500.0	400.0	0.0
2955.0	2500.0	430.0	0.0
2955.0	2500.0	480.0	0.00898
2955.0	2550.0	50.0	0.0
2955.0	2550.0	70.0	0.0
2955.0	2550.0	100.0	0.0
2955.0	2550.0	140.0	0.0
2955.0	2550.0	170.0	0.0
2955.0	2550.0	200.0	0.0
2955.0	2550.0	240.0	0.0
2955.0	2550.0	280.0	0.0
2955.0	2550.0	300.0	0.0
2955.0	2550.0	320.0	0.0
2955.0	2550.0	340.0	0.0
2955.0	2550.0	360.0	0.0
2955.0	2550.0	380.0	0.0
2955.0	2550.0	400.0	0.0
2955.0	2550.0	430.0	0.0
2955.0	2550.0	480.0	0.0065
2955.0	2600.0	50.0	0.0
2955.0	2600.0	70.0	0.0
2955.0	2600.0	100.0	0.0
2955.0	2600.0	140.0	0.0
2955.0	2600.0	170.0	0.0
2955.0	2600.0	200.0	0.0
2955.0	2600.0	240.0	0.0
2955.0	2600.0	280.0	0.0
2955.0	2600.0	300.0	0.0
2955.0	2600.0	320.0	0.0
2955.0	2600.0	340.0	0.0
2955.0	2600.0	360.0	0.0
2955.0	2600.0	380.0	0.0
2955.0	2600.0	400.0	0.0
2955.0	2600.0	430.0	0.0
2955.0	2600.0	480.0	0.00457
2955.0	2650.0	50.0	0.0
2955.0	2650.0	70.0	0.0
2955.0	2650.0	100.0	0.0
2955.0	2650.0	140.0	0.0
2955.0	2650.0	170.0	0.0
2955.0	2650.0	200.0	0.0
2955.0	2650.0	240.0	0.0
2955.0	2650.0	280.0	0.0
2955.0	2650.0	300.0	0.0
2955.0	2650.0	320.0	0.0
2955.0	2650.0	340.0	0.0
2955.0	2650.0	360.0	0.0
2955.0	2650.0	380.0	0.0
2955.0	2650.0	400.0	0.0
2955.0	2650.0	430.0	0.0
2955.0	2650.0	480.0	0.00315
2955.0	2700.0	50.0	0.0
2955.0	2700.0	70.0	0.0
2955.0	2700.0	100.0	0.0
2955.0	2700.0	140.0	0.0
2955.0	2700.0	170.0	0.0
2955.0	2700.0	200.0	0.0
2955.0	2700.0	240.0	0.0
2955.0	2700.0	280.0	0.0
2955.0	2700.0	300.0	0.0
2955.0	2700.0	320.0	0.0
2955.0	2700.0	340.0	0.0
2955.0	2700.0	360.0	0.0
2955.0	2700.0	380.0	0.0
2955.0	2700.0	400.0	0.0
2955.0	2700.0	430.0	0.0
2955.0	2700.0	480.0	0.00199
2955.0	2700.0	640.0	0.0566
2955.0	2750.0	50.0	0.0
2955.0	2750.0	70.0	0.0
2955.0	2750.0	100.0	0.0
2955.0	2750.0	140.0	0.0
2955.0	2750.0	170.0	0.0
2955.0	2750.0	200.0	0.0
2955.0	2750.0	240.0	0.0
2955.0	2750.0	280.0	0.0
2955.0	2750.0	300.0	0.0
2955.0	2750.0	320.0	0.0
2955.0	2750.0	340.0	0.0
2955.0	2750.0	360.0	0.0
2955.0	2750.0	380.0	0.0
2955.0	2750.0	400.0	0.0
2955.0	2750.0	430.0	0.0
2955.0	2750.0	480.0	0.00171
2955.0	2750.0	640.0	0.0466
2955.0	2800.0	50.0	0.0
2955.0	2800.0	70.0	0.0
2955.0	2800.0	100.0	0.0
2955.0	2800.0	140.0	0.0
2955.0	2800.0	170.0	0.0
2955.0	2800.0	200.0	0.0
2955.0	2800.0	240.0	0.0
2955.0	2800.0	280.0	0.0
2955.0	2800.0	300.0	0.0
2955.0	2800.0	320.0	0.0
2955.0	2800.0	340.0	0.0
2955.0	2800.0	360.0	0.0
2955.0	2800.0	380.0	0.0
2955.0	2800.0	400.0	0.0
2955.0	2800.0	430.0	0.0
2955.0	2800.0	480.0	0.00127
2955.0	2800.0	640.0	0.0379
2955.0	2850.0	50.0	0.0
2955.0	2850.0	70.0	0.0
2955.0	2850.0	100.0	0.0
2955.0	2850.0	140.0	0.0
2955.0	2850.0	170.0	0.0
2955.0	2850.0	200.0	0.0
2955.0	2850.0	240.0	0.0
2955.0	2850.0	280.0	0.0
2955.0	2850.0	300.0	0.0
2955.0	2850.0	320.0	0.0
2955.0	2850.0	340.0	0.0
2955.0	2850.0	360.0	0.0
2955.0	2850.0	380.0	0.0
2955.0	2850.0	400.0	0.0
2955.0	2850.0	430.0	0.0
2955.0	2850.0	480.0	0.00081
2955.0	2850.0	640.0	0.0306
2955.0	2900.0	50.0	0.0
2955.0	2900.0	70.0	0.0
2955.0	2900.0	100.0	0.0
2955.0	2900.0	140.0	0.0
2955.0	2900.0	170.0	0.0
2955.0	2900.0	200.0	0.0
2955.0	2900.0	240.0	0.0
2955.0	2900.0	280.0	0.0
2955.0	2900.0	300.0	0.0
2955.0	2900.0	320.0	0.0
2955.0	2900.0	340.0	0.0
2955.0	2900.0	360.0	0.0
2955.0	2900.0	380.0	0.0
2955.0	2900.0	400.0	0.0
2955.0	2900.0	430.0	0.0
2955.0	2900.0	480.0	0.000715
2955.0	2900.0	640.0	0.0245
2955.0	2950.0	50.0	0.0
2955.0	2950.0	70.0	0.0
2955.0	2950.0	100.0	0.0
2955.0	2950.0	140.0	0.0
2955.0	2950.0	170.0	0.0
2955.0	2950.0	200.0	0.0
2955.0	2950.0	240.0	0.0
2955.0	2950.0	280.0	0.0
2955.0	2950.0	300.0	0.0
2955.0	2950.0	320.0	0.0
2955.0	2950.0	340.0	0.0
2955.0	2950.0	360.0	0.0
2955.0	2950.0	380.0	0.0
2955.0	2950.0	400.0	0.0
2955.0	2950.0	430.0	0.0
2955.0	2950.0	480.0	0.000471
2955.0	2950.0	640.0	0.0199
2955.0	2950.0	2940.0	0.00179
