#  Mass(GeV)    Width(GeV)   c000   c100   c200   c300
1600.0  1e-22  0.103918  0.103918  0.103918  0.103908
1600.0  1e-20  0.103868  0.103868  0.103868  0.103859
1600.0  1e-19  0.103421  0.103421  0.103421  0.103411
1600.0  2e-19  0.102926  0.102926  0.102926  0.102917
1600.0  5e-19  0.101456  0.101456  0.101456  0.101447
1600.0  7e-19  0.100489  0.100489  0.100489  0.10048
1600.0  1e-18  0.0990558  0.0990558  0.0990558  0.0990469
1600.0  2e-18  0.0944343  0.0944343  0.0944343  0.0944259
1600.0  5e-18  0.0818924  0.0818924  0.0818924  0.0818853
1600.0  7e-18  0.0745222  0.0745222  0.0745222  0.0745157
1600.0  1e-17  0.0647571  0.0647571  0.0647571  0.0647516
1600.0  2e-17  0.0408892  0.0408892  0.0408892  0.040886
1600.0  5e-17  0.011022  0.011022  0.011022  0.0110213
1600.0  7e-17  0.00482196  0.00482196  0.00482196  0.00482169
1600.0  1e-16  0.00147444  0.00147444  0.00147444  0.00147437
1600.0  1e-15  6.3798e-15  6.3798e-15  6.3798e-15  6.3798e-15
1600.0  1e-14  5.07469e-107  5.07469e-107  5.07469e-107  5.07469e-107
1600.0  1e-12  0  0  0  0
1600.0  1e-10  0  0  0  0
1000.0  1e-22  0.358303  0.358303  0.358284  0.358075
1000.0  1e-20  0.358145  0.358145  0.358126  0.357917
1000.0  1e-19  0.356709  0.356709  0.35669  0.356482
1000.0  2e-19  0.35512  0.35512  0.355102  0.354895
1000.0  5e-19  0.350401  0.350401  0.350383  0.350179
1000.0  7e-19  0.347292  0.347292  0.347274  0.347072
1000.0  1e-18  0.342684  0.342684  0.342666  0.342467
1000.0  2e-18  0.32779  0.32779  0.327773  0.327583
1000.0  5e-18  0.287115  0.287115  0.287102  0.286937
1000.0  7e-18  0.26302  0.26302  0.263009  0.262859
1000.0  1e-17  0.230845  0.230845  0.230835  0.230705
1000.0  2e-17  0.150669  0.150669  0.150664  0.150582
1000.0  5e-17  0.0448637  0.0448637  0.0448628  0.0448418
1000.0  7e-17  0.0209986  0.0209986  0.0209983  0.0209895
1000.0  1e-16  0.00712631  0.00712631  0.00712626  0.00712369
1000.0  1e-15  1.07844e-12  1.07844e-12  1.07844e-12  1.07844e-12
1000.0  1e-14  1.9387e-75  1.9387e-75  1.9387e-75  1.9387e-75
1000.0  1e-12  0  0  0  0
1000.0  1e-10  0  0  0  0
2600.0  1e-22  0.00681014  0.00681014  0.00681014  0.00681014
2600.0  1e-20  0.0068062  0.0068062  0.0068062  0.0068062
2600.0  1e-19  0.00677046  0.00677046  0.00677046  0.00677046
2600.0  2e-19  0.00673097  0.00673097  0.00673097  0.00673097
2600.0  5e-19  0.00661392  0.00661392  0.00661392  0.00661392
2600.0  7e-19  0.00653705  0.00653705  0.00653705  0.00653705
2600.0  1e-18  0.00642346  0.00642346  0.00642346  0.00642346
2600.0  2e-18  0.00605928  0.00605928  0.00605928  0.00605928
2600.0  5e-18  0.00508884  0.00508884  0.00508884  0.00508884
2600.0  7e-18  0.00453195  0.00453195  0.00453195  0.00453195
2600.0  1e-17  0.00381137  0.00381137  0.00381137  0.00381137
2600.0  2e-17  0.00215234  0.00215234  0.00215234  0.00215234
2600.0  5e-17  0.000407179  0.000407179  0.000407179  0.000407179
2600.0  7e-17  0.000139192  0.000139192  0.000139192  0.000139192
2600.0  1e-16  2.91671e-05  2.91671e-05  2.91671e-05  2.91671e-05
2600.0  1e-15  9.22408e-22  9.22408e-22  9.22408e-22  9.22408e-22
2600.0  1e-14  1.67711e-173  1.67711e-173  1.67711e-173  1.67711e-173
2600.0  1e-12  0  0  0  0
2600.0  1e-10  0  0  0  0
700.0  1e-22  0.450555  0.450555  0.450415  0.449755
700.0  1e-20  0.450371  0.450371  0.45023  0.44957
700.0  1e-19  0.448696  0.448696  0.448556  0.447898
700.0  2e-19  0.446842  0.446842  0.446703  0.446049
700.0  5e-19  0.441331  0.441331  0.441194  0.440548
700.0  7e-19  0.437697  0.437697  0.437561  0.436921
700.0  1e-18  0.432307  0.432306  0.432173  0.431541
700.0  2e-18  0.414845  0.414845  0.414718  0.414113
700.0  5e-18  0.366842  0.366842  0.366734  0.366203
700.0  7e-18  0.338166  0.338166  0.338068  0.33758
700.0  1e-17  0.299556  0.299556  0.299472  0.299043
700.0  2e-17  0.201404  0.201404  0.201353  0.201072
700.0  5e-17  0.06489  0.06489  0.0648786  0.0647944
700.0  7e-17  0.0317801  0.0317801  0.0317756  0.0317366
700.0  1e-16  0.011452  0.011452  0.0114508  0.0114379
700.0  1e-15  1.08043e-11  1.08043e-11  1.08043e-11  1.08036e-11
700.0  1e-14  3.10404e-58  3.10404e-58  3.10404e-58  3.10404e-58
700.0  1e-12  0  0  0  0
700.0  1e-10  0  0  0  0
2000.0  1e-22  0.0174117  0.0174117  0.0174117  0.0174117
2000.0  1e-20  0.0174031  0.0174031  0.0174031  0.0174031
2000.0  1e-19  0.0173254  0.0173254  0.0173254  0.0173254
2000.0  2e-19  0.0172395  0.0172395  0.0172395  0.0172395
2000.0  5e-19  0.0169845  0.0169845  0.0169845  0.0169845
2000.0  7e-19  0.0168166  0.0168166  0.0168166  0.0168166
2000.0  1e-18  0.0165681  0.0165681  0.0165681  0.0165681
2000.0  2e-18  0.015767  0.015767  0.015767  0.015767
2000.0  5e-18  0.013597  0.013597  0.013597  0.013597
2000.0  7e-18  0.0123252  0.0123252  0.0123252  0.0123252
2000.0  1e-17  0.0106449  0.0106449  0.0106449  0.0106449
2000.0  2e-17  0.00657182  0.00657182  0.00657182  0.00657182
2000.0  5e-17  0.0016286  0.0016286  0.0016286  0.0016286
2000.0  7e-17  0.000667047  0.000667047  0.000667047  0.000667047
2000.0  1e-16  0.000183262  0.000183262  0.000183262  0.000183262
2000.0  1e-15  2.00101e-17  2.00101e-17  2.00101e-17  2.00101e-17
2000.0  1e-14  6.32457e-135  6.32457e-135  6.32457e-135  6.32457e-135
2000.0  1e-12  0  0  0  0
2000.0  1e-10  0  0  0  0
1700.0  1e-22  0.0963751  0.0963751  0.0963751  0.0963665
1700.0  1e-20  0.0963284  0.0963284  0.0963284  0.0963198
1700.0  1e-19  0.0959045  0.0959045  0.0959045  0.095896
1700.0  2e-19  0.0954359  0.0954359  0.0954359  0.0954274
1700.0  5e-19  0.0940446  0.0940446  0.0940446  0.0940363
1700.0  7e-19  0.093129  0.093129  0.093129  0.0931208
1700.0  1e-18  0.0917733  0.0917733  0.0917733  0.0917652
1700.0  2e-18  0.0874036  0.0874036  0.0874036  0.087396
1700.0  5e-18  0.0755696  0.0755696  0.0755696  0.0755632
1700.0  7e-18  0.0686335  0.0686335  0.0686335  0.0686278
1700.0  1e-17  0.059467  0.059467  0.059467  0.0594622
1700.0  2e-17  0.0372008  0.0372008  0.0372008  0.0371981
1700.0  5e-17  0.00978828  0.00978828  0.00978828  0.00978779
1700.0  7e-17  0.00422782  0.00422782  0.00422782  0.00422766
1700.0  1e-16  0.00127424  0.00127424  0.00127424  0.0012742
1700.0  1e-15  5.10885e-15  5.10885e-15  5.10885e-15  5.10885e-15
1700.0  1e-14  8.59684e-107  8.59684e-107  8.59684e-107  8.59684e-107
1700.0  1e-12  0  0  0  0
1700.0  1e-10  0  0  0  0
2400.0  1e-22  0.0079536  0.0079536  0.0079536  0.0079536
2400.0  1e-20  0.00794934  0.00794934  0.00794934  0.00794934
2400.0  1e-19  0.00791064  0.00791064  0.00791064  0.00791064
2400.0  2e-19  0.00786787  0.00786787  0.00786787  0.00786787
2400.0  5e-19  0.00774099  0.00774099  0.00774099  0.00774099
2400.0  7e-19  0.00765757  0.00765757  0.00765757  0.00765757
2400.0  1e-18  0.00753418  0.00753418  0.00753418  0.00753418
2400.0  2e-18  0.00713747  0.00713747  0.00713747  0.00713747
2400.0  5e-18  0.00607153  0.00607153  0.00607153  0.00607153
2400.0  7e-18  0.00545326  0.00545326  0.00545326  0.00545326
2400.0  1e-17  0.00464487  0.00464487  0.00464487  0.00464487
2400.0  2e-17  0.00273561  0.00273561  0.00273561  0.00273561
2400.0  5e-17  0.00058523  0.00058523  0.00058523  0.00058523
2400.0  7e-17  0.000216576  0.000216576  0.000216576  0.000216576
2400.0  1e-16  5.09021e-05  5.09021e-05  5.09021e-05  5.09021e-05
2400.0  1e-15  1.0135e-20  1.0135e-20  1.0135e-20  1.0135e-20
2400.0  1e-14  8.00375e-162  8.00375e-162  8.00375e-162  8.00375e-162
2400.0  1e-12  0  0  0  0
2400.0  1e-10  0  0  0  0
250.0  1e-22  0.291182  0.290888  0  0
250.0  1e-20  0.291078  0.290783  0  0
250.0  1e-19  0.290128  0.289834  0  0
250.0  2e-19  0.289076  0.288783  0  0
250.0  5e-19  0.285945  0.285656  0  0
250.0  7e-19  0.283878  0.283591  0  0
250.0  1e-18  0.280807  0.280524  0  0
250.0  2e-18  0.270825  0.270554  0  0
250.0  5e-18  0.243093  0.242853  0  0
250.0  7e-18  0.226303  0.226082  0  0
250.0  1e-17  0.203399  0.203204  0  0
250.0  2e-17  0.143291  0.14316  0  0
250.0  5e-17  0.0522811  0.0522401  0  0
250.0  7e-17  0.027477  0.0274575  0  0
250.0  1e-16  0.0108266  0.0108199  0  0
250.0  1e-15  6.4971e-11  6.49709e-11  0  0
250.0  1e-14  3.36226e-57  3.36226e-57  0  0
250.0  1e-12  0  0  0  0
250.0  1e-10  0  0  0  0
1400.0  1e-22  0.152042  0.152042  0.152042  0.152009
1400.0  1e-20  0.151971  0.151971  0.151971  0.151938
1400.0  1e-19  0.151325  0.151325  0.151325  0.151292
1400.0  2e-19  0.150611  0.150611  0.150611  0.150578
1400.0  5e-19  0.148491  0.148491  0.148491  0.148459
1400.0  7e-19  0.147096  0.147096  0.147096  0.147064
1400.0  1e-18  0.145028  0.145028  0.145028  0.144997
1400.0  2e-18  0.13836  0.13836  0.13836  0.138331
1400.0  5e-18  0.120254  0.120254  0.120254  0.12023
1400.0  7e-18  0.109605  0.109605  0.109605  0.109584
1400.0  1e-17  0.0954818  0.0954818  0.0954818  0.0954651
1400.0  2e-17  0.0608606  0.0608606  0.0608606  0.0608521
1400.0  5e-17  0.0170108  0.0170108  0.0170108  0.0170096
1400.0  7e-17  0.00766393  0.00766393  0.00766393  0.0076636
1400.0  1e-16  0.00246472  0.00246472  0.00246472  0.00246467
1400.0  1e-15  9.3728e-14  9.3728e-14  9.3728e-14  9.3728e-14
1400.0  1e-14  1.31922e-90  1.31922e-90  1.31922e-90  1.31922e-90
1400.0  1e-12  0  0  0  0
1400.0  1e-10  0  0  0  0
3000.0  1e-22  0.000883398  0.000883398  0.000883398  0.000883398
3000.0  1e-20  0.000882762  0.000882762  0.000882762  0.000882762
3000.0  1e-19  0.000876996  0.000876996  0.000876996  0.000876996
3000.0  2e-19  0.000870634  0.000870634  0.000870634  0.000870634
3000.0  5e-19  0.000851826  0.000851826  0.000851826  0.000851826
3000.0  7e-19  0.000839517  0.000839517  0.000839517  0.000839517
3000.0  1e-18  0.00082139  0.00082139  0.00082139  0.00082139
3000.0  2e-18  0.000763777  0.000763777  0.000763777  0.000763777
3000.0  5e-18  0.000614308  0.000614308  0.000614308  0.000614308
3000.0  7e-18  0.000531467  0.000531467  0.000531467  0.000531467
3000.0  1e-17  0.000427887  0.000427887  0.000427887  0.000427887
3000.0  2e-17  0.00020868  0.00020868  0.00020868  0.00020868
3000.0  5e-17  2.5356e-05  2.5356e-05  2.5356e-05  2.5356e-05
3000.0  7e-17  6.49288e-06  6.49288e-06  6.49288e-06  6.49288e-06
3000.0  1e-16  9.00983e-07  9.00983e-07  9.00983e-07  9.00983e-07
3000.0  1e-15  1.82073e-28  1.82073e-28  1.82073e-28  1.82073e-28
3000.0  1e-14  8.02612e-237  8.02612e-237  8.02612e-237  8.02612e-237
3000.0  1e-12  0  0  0  0
3000.0  1e-10  0  0  0  0
1800.0  1e-22  0.0671808  0.0671808  0.0671808  0.0671794
1800.0  1e-20  0.0671465  0.0671465  0.0671465  0.0671451
1800.0  1e-19  0.0668353  0.0668353  0.0668353  0.066834
1800.0  2e-19  0.0664914  0.0664914  0.0664914  0.06649
1800.0  5e-19  0.0654707  0.0654707  0.0654707  0.0654694
1800.0  7e-19  0.0647995  0.0647995  0.0647995  0.0647982
1800.0  1e-18  0.0638062  0.0638062  0.0638062  0.0638049
1800.0  2e-18  0.06061  0.06061  0.06061  0.0606088
1800.0  5e-18  0.0519973  0.0519973  0.0519973  0.0519963
1800.0  7e-18  0.0469817  0.0469817  0.0469817  0.0469808
1800.0  1e-17  0.0403952  0.0403952  0.0403952  0.0403944
1800.0  2e-17  0.0246431  0.0246431  0.0246431  0.0246428
1800.0  5e-17  0.00604995  0.00604995  0.00604995  0.0060499
1800.0  7e-17  0.00250929  0.00250929  0.00250929  0.00250927
1800.0  1e-16  0.000717269  0.000717269  0.000717269  0.000717267
1800.0  1e-15  6.58959e-16  6.58959e-16  6.58959e-16  6.58959e-16
1800.0  1e-14  1.38121e-120  1.38121e-120  1.38121e-120  1.38121e-120
1800.0  1e-12  0  0  0  0
1800.0  1e-10  0  0  0  0
1050.0  1e-22  0.340711  0.340711  0.340694  0.340505
1050.0  1e-20  0.34056  0.34056  0.340543  0.340354
1050.0  1e-19  0.33919  0.33919  0.339173  0.338985
1050.0  2e-19  0.337674  0.337674  0.337657  0.33747
1050.0  5e-19  0.33317  0.33317  0.333154  0.332969
1050.0  7e-19  0.330203  0.330203  0.330187  0.330004
1050.0  1e-18  0.325806  0.325806  0.32579  0.32561
1050.0  2e-18  0.311594  0.311594  0.311579  0.311407
1050.0  5e-18  0.272791  0.272791  0.272778  0.272631
1050.0  7e-18  0.249811  0.249811  0.249801  0.249667
1050.0  1e-17  0.219135  0.219135  0.219126  0.219011
1050.0  2e-17  0.142754  0.142754  0.142749  0.142678
1050.0  5e-17  0.0422101  0.0422101  0.0422094  0.0421918
1050.0  7e-17  0.0196411  0.0196411  0.0196409  0.0196336
1050.0  1e-16  0.00659417  0.00659417  0.00659414  0.00659213
1050.0  1e-15  8.09702e-13  8.09702e-13  8.09702e-13  8.09702e-13
1050.0  1e-14  3.7926e-81  3.7926e-81  3.7926e-81  3.7926e-81
1050.0  1e-12  0  0  0  0
1050.0  1e-10  0  0  0  0
1450.0  1e-22  0.121401  0.121401  0.121401  0.121376
1450.0  1e-20  0.121344  0.121344  0.121344  0.121318
1450.0  1e-19  0.120826  0.120826  0.120826  0.120801
1450.0  2e-19  0.120254  0.120254  0.120254  0.120229
1450.0  5e-19  0.118554  0.118554  0.118554  0.11853
1450.0  7e-19  0.117436  0.117436  0.117436  0.117411
1450.0  1e-18  0.115778  0.115778  0.115778  0.115755
1450.0  2e-18  0.110434  0.110434  0.110434  0.110411
1450.0  5e-18  0.095925  0.095925  0.095925  0.0959069
1450.0  7e-18  0.0873955  0.0873955  0.0873955  0.0873797
1450.0  1e-17  0.0760882  0.0760882  0.0760882  0.0760752
1450.0  2e-17  0.048397  0.048397  0.048397  0.0483904
1450.0  5e-17  0.0134316  0.0134316  0.0134316  0.0134306
1450.0  7e-17  0.00601823  0.00601823  0.00601823  0.00601795
1450.0  1e-16  0.00191722  0.00191722  0.00191722  0.00191716
1450.0  1e-15  3.14578e-14  3.14578e-14  3.14578e-14  3.14578e-14
1450.0  1e-14  8.12069e-103  8.12069e-103  8.12069e-103  8.12069e-103
1450.0  1e-12  0  0  0  0
1450.0  1e-10  0  0  0  0
950.0  1e-22  0.384351  0.384351  0.384321  0.38405
950.0  1e-20  0.384182  0.384182  0.384152  0.383881
950.0  1e-19  0.382648  0.382648  0.382618  0.382349
950.0  2e-19  0.380952  0.380952  0.380922  0.380654
950.0  5e-19  0.37591  0.37591  0.375881  0.375617
950.0  7e-19  0.372589  0.372589  0.37256  0.372299
950.0  1e-18  0.367666  0.367666  0.367638  0.36738
950.0  2e-18  0.351752  0.351752  0.351725  0.35148
950.0  5e-18  0.308279  0.308279  0.308256  0.308044
950.0  7e-18  0.282514  0.282514  0.282494  0.282301
950.0  1e-17  0.248094  0.248094  0.248077  0.24791
950.0  2e-17  0.162232  0.162232  0.162222  0.162118
950.0  5e-17  0.0485743  0.0485743  0.0485725  0.0485457
950.0  7e-17  0.0228149  0.0228149  0.0228143  0.0228029
950.0  1e-16  0.0077779  0.0077779  0.00777778  0.00777443
950.0  1e-15  1.93293e-12  1.93293e-12  1.93293e-12  1.93293e-12
950.0  1e-14  2.20967e-80  2.20967e-80  2.20967e-80  2.20967e-80
950.0  1e-12  0  0  0  0
950.0  1e-10  0  0  0  0
650.0  1e-22  0.448304  0.448304  0.448102  0.447294
650.0  1e-20  0.448125  0.448125  0.447922  0.447115
650.0  1e-19  0.446496  0.446496  0.446294  0.44549
650.0  2e-19  0.444694  0.444694  0.444493  0.443692
650.0  5e-19  0.439334  0.439334  0.439136  0.438345
650.0  7e-19  0.435799  0.435799  0.435604  0.434819
650.0  1e-18  0.430554  0.430554  0.430361  0.429586
650.0  2e-18  0.413553  0.413553  0.41337  0.412626
650.0  5e-18  0.366726  0.366726  0.366569  0.36591
650.0  7e-18  0.338684  0.338684  0.338541  0.337933
650.0  1e-17  0.300838  0.300838  0.300715  0.300176
650.0  2e-17  0.204072  0.204072  0.203997  0.203633
650.0  5e-17  0.0673836  0.0673836  0.0673654  0.0672484
650.0  7e-17  0.0334848  0.0334848  0.0334775  0.0334206
650.0  1e-16  0.0122962  0.0122962  0.0122942  0.0122741
650.0  1e-15  1.3902e-11  1.3902e-11  1.3902e-11  1.39012e-11
650.0  1e-14  1.72155e-59  1.72155e-59  1.72155e-59  1.72155e-59
650.0  1e-12  0  0  0  0
650.0  1e-10  0  0  0  0
800.0  1e-22  0.453903  0.453903  0.453812  0.453368
800.0  1e-20  0.453711  0.45371  0.45362  0.453176
800.0  1e-19  0.451968  0.451968  0.451877  0.451436
800.0  2e-19  0.45004  0.450039  0.44995  0.44951
800.0  5e-19  0.444308  0.444308  0.444219  0.443785
800.0  7e-19  0.44053  0.44053  0.440442  0.440012
800.0  1e-18  0.434927  0.434927  0.434841  0.434417
800.0  2e-18  0.416795  0.416794  0.416713  0.416307
800.0  5e-18  0.367077  0.367077  0.367009  0.366653
800.0  7e-18  0.337476  0.337476  0.337415  0.337089
800.0  1e-17  0.297752  0.297752  0.2977  0.297415
800.0  2e-17  0.197588  0.197588  0.197558  0.197373
800.0  5e-17  0.0613409  0.0613409  0.0613348  0.0612815
800.0  7e-17  0.02935  0.02935  0.0293478  0.0293237
800.0  1e-16  0.0102267  0.0102267  0.0102262  0.0102185
800.0  1e-15  2.86464e-12  2.86464e-12  2.86464e-12  2.86455e-12
800.0  1e-14  1.75347e-67  1.75347e-67  1.75347e-67  1.75347e-67
800.0  1e-12  0  0  0  0
800.0  1e-10  0  0  0  0
200.0  1e-22  0.231772  0.231226  0  0
200.0  1e-20  0.23169  0.231144  0  0
200.0  1e-19  0.230943  0.230399  0  0
200.0  2e-19  0.230116  0.229574  0  0
200.0  5e-19  0.227655  0.227119  0  0
200.0  7e-19  0.226029  0.225498  0  0
200.0  1e-18  0.223615  0.223089  0  0
200.0  2e-18  0.215764  0.215258  0  0
200.0  5e-18  0.193934  0.193483  0  0
200.0  7e-18  0.180703  0.180285  0  0
200.0  1e-17  0.162638  0.162265  0  0
200.0  2e-17  0.115108  0.114851  0  0
200.0  5e-17  0.0426203  0.0425321  0  0
200.0  7e-17  0.0226303  0.0225858  0  0
200.0  1e-16  0.00905375  0.00903715  0  0
200.0  1e-15  1.1959e-10  1.19589e-10  0  0
200.0  1e-14  1.2643e-50  1.2643e-50  0  0
200.0  1e-12  0  0  0  0
200.0  1e-10  0  0  0  0
850.0  1e-22  0.42198  0.42198  0.421922  0.421547
850.0  1e-20  0.421797  0.421797  0.421738  0.421364
850.0  1e-19  0.420135  0.420135  0.420076  0.419703
850.0  2e-19  0.418295  0.418295  0.418237  0.417866
850.0  5e-19  0.41283  0.41283  0.412772  0.412407
850.0  7e-19  0.409228  0.409228  0.409172  0.408809
850.0  1e-18  0.403889  0.403889  0.403833  0.403476
850.0  2e-18  0.386623  0.386623  0.38657  0.386229
850.0  5e-18  0.339396  0.339396  0.339352  0.339055
850.0  7e-18  0.311363  0.311363  0.311324  0.311053
850.0  1e-17  0.273856  0.273856  0.273822  0.273587
850.0  2e-17  0.17995  0.17995  0.179931  0.179781
850.0  5e-17  0.05451  0.05451  0.0545064  0.0544655
850.0  7e-17  0.0257506  0.0257506  0.0257493  0.0257314
850.0  1e-16  0.00883884  0.00883884  0.00883857  0.00883303
850.0  1e-15  2.64066e-12  2.64066e-12  2.64066e-12  2.64062e-12
850.0  1e-14  1.88404e-70  1.88404e-70  1.88404e-70  1.88404e-70
850.0  1e-12  0  0  0  0
850.0  1e-10  0  0  0  0
300.0  1e-22  0.316308  0.316188  0  0
300.0  1e-20  0.316195  0.316076  0  0
300.0  1e-19  0.315172  0.315053  0  0
300.0  2e-19  0.31404  0.313921  0  0
300.0  5e-19  0.310668  0.310551  0  0
300.0  7e-19  0.308441  0.308325  0  0
300.0  1e-18  0.305133  0.305019  0  0
300.0  2e-18  0.294376  0.294267  0  0
300.0  5e-18  0.264451  0.264356  0  0
300.0  7e-18  0.246307  0.24622  0  0
300.0  1e-17  0.221524  0.221449  0  0
300.0  2e-17  0.1563  0.156253  0  0
300.0  5e-17  0.0570839  0.0570714  0  0
300.0  7e-17  0.0299876  0.0299823  0  0
300.0  1e-16  0.0118143  0.0118127  0  0
300.0  1e-15  5.68668e-11  5.68668e-11  0  0
300.0  1e-14  1.02393e-57  1.02393e-57  0  0
300.0  1e-12  0  0  0  0
300.0  1e-10  0  0  0  0
1250.0  1e-22  0.25348  0.25348  0.25348  0.253375
1250.0  1e-20  0.253361  0.253361  0.25336  0.253256
1250.0  1e-19  0.252281  0.252281  0.25228  0.252177
1250.0  2e-19  0.251086  0.251086  0.251086  0.250983
1250.0  5e-19  0.247539  0.247539  0.247539  0.247438
1250.0  7e-19  0.245204  0.245204  0.245204  0.245104
1250.0  1e-18  0.241746  0.241746  0.241746  0.241648
1250.0  2e-18  0.23059  0.23059  0.23059  0.230497
1250.0  5e-18  0.200297  0.200297  0.200297  0.20022
1250.0  7e-18  0.182483  0.182483  0.182482  0.182414
1250.0  1e-17  0.158861  0.158861  0.158861  0.158804
1250.0  2e-17  0.100996  0.100996  0.100996  0.100964
1250.0  5e-17  0.0279773  0.0279773  0.0279773  0.0279716
1250.0  7e-17  0.0125332  0.0125332  0.0125332  0.0125313
1250.0  1e-16  0.00400099  0.00400099  0.00400099  0.00400059
1250.0  1e-15  2.32191e-13  2.32191e-13  2.32191e-13  2.32191e-13
1250.0  1e-14  6.66378e-83  6.66378e-83  6.66378e-83  6.66378e-83
1250.0  1e-12  0  0  0  0
1250.0  1e-10  0  0  0  0
1350.0  1e-22  0.189334  0.189334  0.189334  0.189233
1350.0  1e-20  0.189242  0.189242  0.189242  0.189141
1350.0  1e-19  0.188407  0.188407  0.188407  0.188307
1350.0  2e-19  0.187485  0.187485  0.187485  0.187385
1350.0  5e-19  0.184746  0.184746  0.184746  0.184649
1350.0  7e-19  0.182944  0.182944  0.182944  0.182848
1350.0  1e-18  0.180277  0.180277  0.180277  0.180183
1350.0  2e-18  0.171684  0.171684  0.171684  0.171596
1350.0  5e-18  0.14845  0.14845  0.14845  0.148377
1350.0  7e-18  0.134856  0.134856  0.134856  0.134793
1350.0  1e-17  0.116919  0.116919  0.116919  0.116867
1350.0  2e-17  0.0734628  0.0734628  0.0734628  0.073436
1350.0  5e-17  0.0199265  0.0199265  0.0199265  0.0199227
1350.0  7e-17  0.00887053  0.00887053  0.00887053  0.00886944
1350.0  1e-16  0.00281914  0.00281914  0.00281914  0.00281897
1350.0  1e-15  5.45412e-14  5.45412e-14  5.45412e-14  5.45412e-14
1350.0  1e-14  2.73653e-101  2.73653e-101  2.73653e-101  2.73653e-101
1350.0  1e-12  0  0  0  0
1350.0  1e-10  0  0  0  0
3500.0  1e-22  0  0  0  0
3500.0  1e-20  0  0  0  0
3500.0  1e-19  0  0  0  0
3500.0  2e-19  0  0  0  0
3500.0  5e-19  0  0  0  0
3500.0  7e-19  0  0  0  0
3500.0  1e-18  0  0  0  0
3500.0  2e-18  0  0  0  0
3500.0  5e-18  0  0  0  0
3500.0  7e-18  0  0  0  0
3500.0  1e-17  0  0  0  0
3500.0  2e-17  0  0  0  0
3500.0  5e-17  0  0  0  0
3500.0  7e-17  0  0  0  0
3500.0  1e-16  0  0  0  0
3500.0  1e-15  0  0  0  0
3500.0  1e-14  0  0  0  0
3500.0  1e-12  0  0  0  0
3500.0  1e-10  0  0  0  0
400.0  1e-22  0.378704  0.378675  0.377684  0
400.0  1e-20  0.378563  0.378534  0.377544  0
400.0  1e-19  0.377288  0.377259  0.376272  0
400.0  2e-19  0.375877  0.375849  0.374866  0
400.0  5e-19  0.371678  0.37165  0.370679  0
400.0  7e-19  0.368907  0.368879  0.367915  0
400.0  1e-18  0.364791  0.364764  0.363812  0
400.0  2e-18  0.351427  0.351401  0.350486  0
400.0  5e-18  0.314396  0.314374  0.313563  0
400.0  7e-18  0.292053  0.292033  0.291284  0
400.0  1e-17  0.261676  0.261659  0.260992  0
400.0  2e-17  0.18257  0.18256  0.182108  0
400.0  5e-17  0.0650966  0.0650944  0.0649462  0
400.0  7e-17  0.0338307  0.0338299  0.0337571  0
400.0  1e-16  0.0131719  0.0131717  0.0131455  0
400.0  1e-15  4.47005e-11  4.47005e-11  4.46985e-11  0
400.0  1e-14  1.09186e-57  1.09186e-57  1.09186e-57  0
400.0  1e-12  0  0  0  0
400.0  1e-10  0  0  0  0
1900.0  1e-22  0.0407244  0.0407244  0.0407244  0.0407242
1900.0  1e-20  0.040704  0.040704  0.040704  0.0407039
1900.0  1e-19  0.0405197  0.0405197  0.0405197  0.0405196
1900.0  2e-19  0.040316  0.040316  0.040316  0.0403158
1900.0  5e-19  0.0397112  0.0397112  0.0397112  0.039711
1900.0  7e-19  0.0393133  0.0393133  0.0393133  0.0393132
1900.0  1e-18  0.0387244  0.0387244  0.0387244  0.0387243
1900.0  2e-18  0.0368279  0.0368279  0.0368279  0.0368277
1900.0  5e-18  0.0317046  0.0317046  0.0317046  0.0317045
1900.0  7e-18  0.0287115  0.0287115  0.0287115  0.0287114
1900.0  1e-17  0.0247685  0.0247685  0.0247685  0.0247684
1900.0  2e-17  0.0152648  0.0152648  0.0152648  0.0152647
1900.0  5e-17  0.00382067  0.00382067  0.00382067  0.00382066
1900.0  7e-17  0.0015882  0.0015882  0.0015882  0.00158819
1900.0  1e-16  0.000449033  0.000449033  0.000449033  0.000449032
1900.0  1e-15  2.07896e-16  2.07896e-16  2.07896e-16  2.07896e-16
1900.0  1e-14  6.64422e-126  6.64422e-126  6.64422e-126  6.64422e-126
1900.0  1e-12  0  0  0  0
1900.0  1e-10  0  0  0  0
1500.0  1e-22  0.113676  0.113676  0.113676  0.113663
1500.0  1e-20  0.113624  0.113624  0.113624  0.113611
1500.0  1e-19  0.113149  0.113149  0.113149  0.113136
1500.0  2e-19  0.112623  0.112623  0.112623  0.11261
1500.0  5e-19  0.111063  0.111063  0.111063  0.11105
1500.0  7e-19  0.110036  0.110036  0.110036  0.110023
1500.0  1e-18  0.108513  0.108513  0.108513  0.108501
1500.0  2e-18  0.103599  0.103599  0.103599  0.103587
1500.0  5e-18  0.0902244  0.0902244  0.0902244  0.0902147
1500.0  7e-18  0.0823366  0.0823366  0.0823366  0.082328
1500.0  1e-17  0.0718491  0.0718491  0.0718491  0.0718418
1500.0  2e-17  0.0459963  0.0459963  0.0459963  0.0459922
1500.0  5e-17  0.0129029  0.0129029  0.0129029  0.0129021
1500.0  7e-17  0.00579561  0.00579561  0.00579561  0.00579531
1500.0  1e-16  0.00184583  0.00184583  0.00184583  0.00184576
1500.0  1e-15  3.05932e-14  3.05932e-14  3.05932e-14  3.05932e-14
1500.0  1e-14  9.72981e-96  9.72981e-96  9.72981e-96  9.72981e-96
1500.0  1e-12  0  0  0  0
1500.0  1e-10  0  0  0  0
2200.0  1e-22  0.00847384  0.00847384  0.00847384  0.00847384
2200.0  1e-20  0.00846977  0.00846977  0.00846977  0.00846977
2200.0  1e-19  0.00843284  0.00843284  0.00843284  0.00843284
2200.0  2e-19  0.008392  0.008392  0.008392  0.008392
2200.0  5e-19  0.0082707  0.0082707  0.0082707  0.0082707
2200.0  7e-19  0.00819084  0.00819084  0.00819084  0.00819084
2200.0  1e-18  0.00807254  0.00807254  0.00807254  0.00807254
2200.0  2e-18  0.00769083  0.00769083  0.00769083  0.00769083
2200.0  5e-18  0.00665375  0.00665375  0.00665375  0.00665375
2200.0  7e-18  0.00604362  0.00604362  0.00604362  0.00604362
2200.0  1e-17  0.00523469  0.00523469  0.00523469  0.00523469
2200.0  2e-17  0.00325787  0.00325787  0.00325787  0.00325787
2200.0  5e-17  0.000817059  0.000817059  0.000817059  0.000817059
2200.0  7e-17  0.000334478  0.000334478  0.000334478  0.000334478
2200.0  1e-16  9.09369e-05  9.09369e-05  9.09369e-05  9.09369e-05
2200.0  1e-15  1.2705e-18  1.2705e-18  1.2705e-18  1.2705e-18
2200.0  1e-14  1.95336e-144  1.95336e-144  1.95336e-144  1.95336e-144
2200.0  1e-12  0  0  0  0
2200.0  1e-10  0  0  0  0
750.0  1e-22  0.423538  0.423538  0.423436  0.42299
750.0  1e-20  0.423364  0.423364  0.423263  0.422817
750.0  1e-19  0.421789  0.421789  0.421688  0.421244
750.0  2e-19  0.420046  0.420046  0.419946  0.419504
750.0  5e-19  0.414864  0.414863  0.414765  0.414328
750.0  7e-19  0.411447  0.411447  0.411349  0.410917
750.0  1e-18  0.406378  0.406378  0.406282  0.405855
750.0  2e-18  0.389961  0.389961  0.38987  0.389461
750.0  5e-18  0.34484  0.344839  0.344762  0.344404
750.0  7e-18  0.317892  0.317892  0.317822  0.317494
750.0  1e-17  0.281619  0.281619  0.28156  0.281271
750.0  2e-17  0.189451  0.189451  0.189417  0.189228
750.0  5e-17  0.0612742  0.0612742  0.0612668  0.0612103
750.0  7e-17  0.0301123  0.0301123  0.0301096  0.0300832
750.0  1e-16  0.0109026  0.0109026  0.010902  0.0108931
750.0  1e-15  4.88208e-12  4.88208e-12  4.88208e-12  4.88189e-12
750.0  1e-14  3.49194e-68  3.49194e-68  3.49194e-68  3.49194e-68
750.0  1e-12  0  0  0  0
750.0  1e-10  0  0  0  0
600.0  1e-22  0.467951  0.46795  0.467651  0.466476
600.0  1e-20  0.467766  0.467764  0.467466  0.466291
600.0  1e-19  0.466085  0.466084  0.465786  0.464616
600.0  2e-19  0.464225  0.464224  0.463928  0.462762
600.0  5e-19  0.458692  0.458691  0.458399  0.457248
600.0  7e-19  0.455043  0.455042  0.454753  0.453611
600.0  1e-18  0.449628  0.449626  0.449341  0.448213
600.0  2e-18  0.432068  0.432067  0.431795  0.430711
600.0  5e-18  0.383652  0.383651  0.383415  0.382453
600.0  7e-18  0.354618  0.354618  0.354402  0.353514
600.0  1e-17  0.315385  0.315384  0.315197  0.314408
600.0  2e-17  0.21476  0.214759  0.214641  0.214107
600.0  5e-17  0.0715307  0.0715306  0.0714991  0.0713251
600.0  7e-17  0.0356835  0.0356835  0.0356699  0.0355847
600.0  1e-16  0.013154  0.013154  0.0131499  0.0131195
600.0  1e-15  1.38645e-11  1.38645e-11  1.38645e-11  1.3862e-11
600.0  1e-14  4.80421e-61  4.80421e-61  4.80421e-61  4.80421e-61
600.0  1e-12  0  0  0  0
600.0  1e-10  0  0  0  0
1100.0  1e-22  0.321561  0.321561  0.32155  0.321389
1100.0  1e-20  0.321414  0.321414  0.321404  0.321242
1100.0  1e-19  0.320083  0.320083  0.320072  0.319912
1100.0  2e-19  0.318611  0.318611  0.3186  0.31844
1100.0  5e-19  0.314237  0.314237  0.314227  0.31407
1100.0  7e-19  0.311357  0.311357  0.311347  0.311191
1100.0  1e-18  0.30709  0.30709  0.30708  0.306927
1100.0  2e-18  0.293312  0.293312  0.293303  0.293157
1100.0  5e-18  0.255802  0.255802  0.255794  0.255668
1100.0  7e-18  0.233668  0.233668  0.233662  0.233547
1100.0  1e-17  0.204224  0.204224  0.204218  0.204119
1100.0  2e-17  0.131525  0.131525  0.131523  0.131461
1100.0  5e-17  0.0378557  0.0378557  0.0378553  0.0378401
1100.0  7e-17  0.0174018  0.0174018  0.0174017  0.0173955
1100.0  1e-16  0.00577771  0.00577771  0.0057777  0.005776
1100.0  1e-15  5.92784e-13  5.92784e-13  5.92784e-13  5.92784e-13
1100.0  1e-14  1.68762e-80  1.68762e-80  1.68762e-80  1.68762e-80
1100.0  1e-12  0  0  0  0
1100.0  1e-10  0  0  0  0
550.0  1e-22  0.435526  0.435523  0.435151  0.433885
550.0  1e-20  0.435358  0.435355  0.434983  0.433718
550.0  1e-19  0.433832  0.433829  0.433458  0.432198
550.0  2e-19  0.432143  0.43214  0.431771  0.430516
550.0  5e-19  0.427118  0.427115  0.426751  0.425511
550.0  7e-19  0.423803  0.4238  0.423439  0.422209
550.0  1e-18  0.418881  0.418879  0.418522  0.417307
550.0  2e-18  0.402913  0.40291  0.40257  0.401402
550.0  5e-18  0.358788  0.358786  0.358489  0.357452
550.0  7e-18  0.332258  0.332256  0.331984  0.331026
550.0  1e-17  0.296313  0.296312  0.296073  0.295222
550.0  2e-17  0.203549  0.203548  0.203394  0.202816
550.0  5e-17  0.0693902  0.0693901  0.0693466  0.0691558
550.0  7e-17  0.0350918  0.0350917  0.0350723  0.034978
550.0  1e-16  0.0131791  0.0131791  0.0131731  0.0131388
550.0  1e-15  1.54588e-11  1.54588e-11  1.54588e-11  1.54409e-11
550.0  1e-14  1.09988e-58  1.09988e-58  1.09988e-58  1.09988e-58
550.0  1e-12  0  0  0  0
550.0  1e-10  0  0  0  0
350.0  1e-22  0.372022  0.371935  0.37052  0
350.0  1e-20  0.371886  0.371799  0.370385  0
350.0  1e-19  0.370656  0.37057  0.369161  0
350.0  2e-19  0.369295  0.369209  0.367805  0
350.0  5e-19  0.365243  0.365158  0.36377  0
350.0  7e-19  0.362568  0.362484  0.361107  0
350.0  1e-18  0.358594  0.358511  0.35715  0
350.0  2e-18  0.34568  0.345602  0.344291  0
350.0  5e-18  0.309826  0.309759  0.308589  0
350.0  7e-18  0.288137  0.288077  0.286993  0
350.0  1e-17  0.25858  0.258529  0.25756  0
350.0  2e-17  0.181207  0.181176  0.180507  0
350.0  5e-17  0.0650532  0.0650464  0.0648172  0
350.0  7e-17  0.0338508  0.0338483  0.0337329  0
350.0  1e-16  0.013175  0.0131744  0.0131318  0
350.0  1e-15  6.37663e-11  6.37663e-11  6.37643e-11  0
350.0  1e-14  1.07062e-57  1.07062e-57  1.07062e-57  0
350.0  1e-12  0  0  0  0
350.0  1e-10  0  0  0  0
1150.0  1e-22  0.292011  0.292011  0.292006  0.291899
1150.0  1e-20  0.291879  0.291879  0.291873  0.291767
1150.0  1e-19  0.290677  0.290677  0.290672  0.290566
1150.0  2e-19  0.289348  0.289348  0.289343  0.289237
1150.0  5e-19  0.2854  0.2854  0.285395  0.285291
1150.0  7e-19  0.2828  0.2828  0.282795  0.282691
1150.0  1e-18  0.278946  0.278946  0.278942  0.27884
1150.0  2e-18  0.266502  0.266502  0.266497  0.2664
1150.0  5e-18  0.232589  0.232589  0.232585  0.232502
1150.0  7e-18  0.212555  0.212555  0.212551  0.212476
1150.0  1e-17  0.185873  0.185873  0.185871  0.185805
1150.0  2e-17  0.11983  0.11983  0.119828  0.119788
1150.0  5e-17  0.0343149  0.0343149  0.0343147  0.0343048
1150.0  7e-17  0.0156198  0.0156198  0.0156197  0.0156156
1150.0  1e-16  0.00507171  0.00507171  0.0050717  0.00507058
1150.0  1e-15  3.10796e-13  3.10796e-13  3.10796e-13  3.10796e-13
1150.0  1e-14  4.03953e-85  4.03953e-85  4.03953e-85  4.03953e-85
1150.0  1e-12  0  0  0  0
1150.0  1e-10  0  0  0  0
100.0  1e-22  0.118901  0  0  0
100.0  1e-20  0.118863  0  0  0
100.0  1e-19  0.118524  0  0  0
100.0  2e-19  0.118148  0  0  0
100.0  5e-19  0.117026  0  0  0
100.0  7e-19  0.116285  0  0  0
100.0  1e-18  0.115183  0  0  0
100.0  2e-18  0.111586  0  0  0
100.0  5e-18  0.101486  0  0  0
100.0  7e-18  0.09529  0  0  0
100.0  1e-17  0.0867294  0  0  0
100.0  2e-17  0.0635709  0  0  0
100.0  5e-17  0.0257372  0  0  0
100.0  7e-17  0.014392  0  0  0
100.0  1e-16  0.00619722  0  0  0
100.0  1e-15  8.88996e-11  0  0  0
100.0  1e-14  1.46152e-57  0  0  0
100.0  1e-12  0  0  0  0
100.0  1e-10  0  0  0  0
900.0  1e-22  0.403222  0.403222  0.403177  0.40285
900.0  1e-20  0.403046  0.403046  0.403001  0.402674
900.0  1e-19  0.401451  0.401451  0.401406  0.401081
900.0  2e-19  0.399687  0.399687  0.399642  0.399318
900.0  5e-19  0.394444  0.394444  0.3944  0.39408
900.0  7e-19  0.390989  0.390989  0.390946  0.39063
900.0  1e-18  0.385869  0.385868  0.385826  0.385514
900.0  2e-18  0.369313  0.369313  0.369273  0.368975
900.0  5e-18  0.324062  0.324062  0.324028  0.32377
900.0  7e-18  0.297226  0.297225  0.297195  0.29696
900.0  1e-17  0.261346  0.261346  0.26132  0.261116
900.0  2e-17  0.171656  0.171656  0.171641  0.171512
900.0  5e-17  0.0521119  0.0521118  0.0521091  0.0520747
900.0  7e-17  0.02469  0.02469  0.024689  0.0246741
900.0  1e-16  0.00851314  0.00851314  0.00851293  0.00850843
900.0  1e-15  2.17799e-12  2.17799e-12  2.17799e-12  2.17797e-12
900.0  1e-14  1.87865e-69  1.87865e-69  1.87865e-69  1.87865e-69
900.0  1e-12  0  0  0  0
900.0  1e-10  0  0  0  0
450.0  1e-22  0.40341  0.403395  0.402758  0
450.0  1e-20  0.403258  0.403244  0.402606  0
450.0  1e-19  0.401882  0.401868  0.401233  0
450.0  2e-19  0.400359  0.400345  0.399712  0
450.0  5e-19  0.395828  0.395813  0.395189  0
450.0  7e-19  0.392837  0.392823  0.392203  0
450.0  1e-18  0.388397  0.388383  0.387771  0
450.0  2e-18  0.37398  0.373967  0.37338  0
450.0  5e-18  0.334072  0.334061  0.333542  0
450.0  7e-18  0.310021  0.310011  0.309532  0
450.0  1e-17  0.277358  0.27735  0.276925  0
450.0  2e-17  0.192553  0.192548  0.192263  0
450.0  5e-17  0.0676978  0.067697  0.0676058  0
450.0  7e-17  0.0348923  0.0348921  0.0348479  0
450.0  1e-16  0.0134422  0.0134421  0.0134266  0
450.0  1e-15  2.10574e-11  2.10574e-11  2.10568e-11  0
450.0  1e-14  1.86143e-60  1.86143e-60  1.86143e-60  0
450.0  1e-12  0  0  0  0
450.0  1e-10  0  0  0  0
50.0  1e-22  6.41439e-07  0  0  0
50.0  1e-20  6.41421e-07  0  0  0
50.0  1e-19  6.41252e-07  0  0  0
50.0  2e-19  6.41065e-07  0  0  0
50.0  5e-19  6.40505e-07  0  0  0
50.0  7e-19  6.40132e-07  0  0  0
50.0  1e-18  6.39572e-07  0  0  0
50.0  2e-18  6.3771e-07  0  0  0
50.0  5e-18  6.32156e-07  0  0  0
50.0  7e-18  6.2848e-07  0  0  0
50.0  1e-17  6.23007e-07  0  0  0
50.0  2e-17  6.05104e-07  0  0  0
50.0  5e-17  5.54423e-07  0  0  0
50.0  7e-17  5.23016e-07  0  0  0
50.0  1e-16  4.7921e-07  0  0  0
50.0  1e-15  3.47426e-08  0  0  0
50.0  1e-14  1.39386e-19  0  0  0
50.0  1e-12  0  0  0  0
50.0  1e-10  0  0  0  0
150.0  1e-22  0.200862  0  0  0
150.0  1e-20  0.200791  0  0  0
150.0  1e-19  0.200152  0  0  0
150.0  2e-19  0.199445  0  0  0
150.0  5e-19  0.197338  0  0  0
150.0  7e-19  0.195947  0  0  0
150.0  1e-18  0.19388  0  0  0
150.0  2e-18  0.187156  0  0  0
150.0  5e-18  0.168438  0  0  0
150.0  7e-18  0.157077  0  0  0
150.0  1e-17  0.141541  0  0  0
150.0  2e-17  0.100527  0  0  0
150.0  5e-17  0.0374778  0  0  0
150.0  7e-17  0.0199498  0  0  0
150.0  1e-16  0.00800133  0  0  0
150.0  1e-15  5.97736e-10  0  0  0
150.0  1e-14  6.26597e-40  0  0  0
150.0  1e-12  0  0  0  0
150.0  1e-10  0  0  0  0
1300.0  1e-22  0.225899  0.225899  0.225899  0.225792
1300.0  1e-20  0.22579  0.22579  0.22579  0.225683
1300.0  1e-19  0.224799  0.224799  0.224799  0.224692
1300.0  2e-19  0.223703  0.223703  0.223703  0.223597
1300.0  5e-19  0.22045  0.22045  0.22045  0.220347
1300.0  7e-19  0.21831  0.21831  0.21831  0.218208
1300.0  1e-18  0.215141  0.215141  0.215141  0.215041
1300.0  2e-18  0.204932  0.204932  0.204932  0.204838
1300.0  5e-18  0.177308  0.177308  0.177308  0.177231
1300.0  7e-18  0.161134  0.161134  0.161134  0.161066
1300.0  1e-17  0.139778  0.139778  0.139778  0.139721
1300.0  2e-17  0.0879591  0.0879591  0.0879591  0.0879293
1300.0  5e-17  0.0239331  0.0239331  0.0239331  0.0239286
1300.0  7e-17  0.0106713  0.0106713  0.0106713  0.0106699
1300.0  1e-16  0.00339789  0.00339789  0.00339789  0.00339766
1300.0  1e-15  8.75992e-14  8.75992e-14  8.75992e-14  8.75992e-14
1300.0  1e-14  8.49083e-91  8.49083e-91  8.49083e-91  8.49083e-91
1300.0  1e-12  0  0  0  0
1300.0  1e-10  0  0  0  0
1200.0  1e-22  0.273223  0.273223  0.273217  0.273129
1200.0  1e-20  0.273096  0.273096  0.273091  0.273003
1200.0  1e-19  0.271952  0.271952  0.271947  0.271859
1200.0  2e-19  0.270687  0.270687  0.270682  0.270594
1200.0  5e-19  0.266928  0.266928  0.266923  0.266837
1200.0  7e-19  0.264453  0.264453  0.264448  0.264363
1200.0  1e-18  0.260787  0.260787  0.260782  0.260699
1200.0  2e-18  0.248954  0.248954  0.248949  0.24887
1200.0  5e-18  0.216771  0.216771  0.216767  0.2167
1200.0  7e-18  0.197805  0.197805  0.197802  0.197741
1200.0  1e-17  0.172607  0.172607  0.172605  0.172553
1200.0  2e-17  0.110584  0.110584  0.110583  0.110552
1200.0  5e-17  0.0313219  0.0313219  0.0313217  0.031315
1200.0  7e-17  0.0142379  0.0142379  0.0142378  0.0142353
1200.0  1e-16  0.0046457  0.0046457  0.00464569  0.00464506
1200.0  1e-15  2.78522e-13  2.78522e-13  2.78522e-13  2.78522e-13
1200.0  1e-14  1.03562e-84  1.03562e-84  1.03562e-84  1.03562e-84
1200.0  1e-12  0  0  0  0
1200.0  1e-10  0  0  0  0
500.0  1e-22  0.430729  0.43072  0.430218  0.428364
500.0  1e-20  0.430565  0.430557  0.430055  0.428202
500.0  1e-19  0.429083  0.429074  0.428574  0.426728
500.0  2e-19  0.427442  0.427434  0.426936  0.425097
500.0  5e-19  0.422561  0.422552  0.422061  0.420244
500.0  7e-19  0.41934  0.419331  0.418844  0.417041
500.0  1e-18  0.414557  0.414549  0.414068  0.412286
500.0  2e-18  0.399032  0.399025  0.398564  0.396851
500.0  5e-18  0.356077  0.356071  0.355666  0.354143
500.0  7e-18  0.330205  0.3302  0.329828  0.32842
500.0  1e-17  0.295094  0.295089  0.294762  0.293508
500.0  2e-17  0.20409  0.204088  0.203873  0.203017
500.0  5e-17  0.0708772  0.0708768  0.0708121  0.0705272
500.0  7e-17  0.0362212  0.0362211  0.0361909  0.0360495
500.0  1e-16  0.0137781  0.013778  0.0137679  0.0137164
500.0  1e-15  1.76392e-11  1.76392e-11  1.76391e-11  1.76262e-11
500.0  1e-14  1.68434e-61  1.68434e-61  1.68434e-61  1.68434e-61
500.0  1e-12  0  0  0  0
500.0  1e-10  0  0  0  0
2800.0  1e-22  0.00354138  0.00354138  0.00354138  0.00354138
2800.0  1e-20  0.00353909  0.00353909  0.00353909  0.00353909
2800.0  1e-19  0.00351835  0.00351835  0.00351835  0.00351835
2800.0  2e-19  0.00349545  0.00349545  0.00349545  0.00349545
2800.0  5e-19  0.00342765  0.00342765  0.00342765  0.00342765
2800.0  7e-19  0.00338321  0.00338321  0.00338321  0.00338321
2800.0  1e-18  0.00331764  0.00331764  0.00331764  0.00331764
2800.0  2e-18  0.00310831  0.00310831  0.00310831  0.00310831
2800.0  5e-18  0.00255772  0.00255772  0.00255772  0.00255772
2800.0  7e-18  0.00224703  0.00224703  0.00224703  0.00224703
2800.0  1e-17  0.00185159  0.00185159  0.00185159  0.00185159
2800.0  2e-17  0.00097702  0.00097702  0.00097702  0.00097702
2800.0  5e-17  0.000151215  0.000151215  0.000151215  0.000151215
2800.0  7e-17  4.53532e-05  4.53532e-05  4.53532e-05  4.53532e-05
2800.0  1e-16  7.83897e-06  7.83897e-06  7.83897e-06  7.83897e-06
2800.0  1e-15  4.73635e-25  4.73635e-25  4.73635e-25  4.73635e-25
2800.0  1e-14  3.38912e-202  3.38912e-202  3.38912e-202  3.38912e-202
2800.0  1e-12  0  0  0  0
2800.0  1e-10  0  0  0  0
