#  Mass(GeV)   Width(GeV)   c000(Andre)   c100(Andre)   c200(Andre)   c300(Andre)   c000(Suchi)   c100(Suchi)   c200(Suchi)   c300(Suchi)
2.000000e+02  1.000000e-22  3.724988e-01  3.716988e-01  0.000000e+00  0.000000e+00  3.760601e-01  0.000000e+00  0.000000e+00  0.000000e+00
2.000000e+02  1.000000e-20  3.723842e-01  3.715844e-01  0.000000e+00  0.000000e+00  3.759385e-01  0.000000e+00  0.000000e+00  0.000000e+00
2.000000e+02  1.000000e-19  3.713429e-01  3.705454e-01  0.000000e+00  0.000000e+00  3.748348e-01  0.000000e+00  0.000000e+00  0.000000e+00
2.000000e+02  2.000000e-19  3.701884e-01  3.693933e-01  0.000000e+00  0.000000e+00  3.736119e-01  0.000000e+00  0.000000e+00  0.000000e+00
2.000000e+02  5.000000e-19  3.667406e-01  3.659529e-01  0.000000e+00  0.000000e+00  3.699649e-01  0.000000e+00  0.000000e+00  0.000000e+00
2.000000e+02  7.000000e-19  3.644552e-01  3.636724e-01  0.000000e+00  0.000000e+00  3.675516e-01  0.000000e+00  0.000000e+00  0.000000e+00
2.000000e+02  1.000000e-18  3.610468e-01  3.602714e-01  0.000000e+00  0.000000e+00  3.639584e-01  0.000000e+00  0.000000e+00  0.000000e+00
2.000000e+02  2.000000e-18  3.498584e-01  3.491070e-01  0.000000e+00  0.000000e+00  3.522116e-01  0.000000e+00  0.000000e+00  0.000000e+00
2.000000e+02  5.000000e-18  3.179161e-01  3.172333e-01  0.000000e+00  0.000000e+00  3.190278e-01  0.000000e+00  0.000000e+00  0.000000e+00
2.000000e+02  7.000000e-18  2.979853e-01  2.973453e-01  0.000000e+00  0.000000e+00  2.985415e-01  0.000000e+00  0.000000e+00  0.000000e+00
2.000000e+02  1.000000e-17  2.701136e-01  2.695335e-01  0.000000e+00  0.000000e+00  2.701138e-01  0.000000e+00  0.000000e+00  0.000000e+00
2.000000e+02  2.000000e-17  1.935508e-01  1.931351e-01  0.000000e+00  0.000000e+00  1.929200e-01  0.000000e+00  0.000000e+00  0.000000e+00
2.000000e+02  5.000000e-17  7.065930e-02  7.050755e-02  0.000000e+00  0.000000e+00  7.023764e-02  0.000000e+00  0.000000e+00  0.000000e+00
2.000000e+02  7.000000e-17  3.665022e-02  3.657150e-02  0.000000e+00  0.000000e+00  3.637580e-02  0.000000e+00  0.000000e+00  0.000000e+00
2.000000e+02  1.000000e-16  1.413729e-02  1.410692e-02  0.000000e+00  0.000000e+00  1.399411e-02  0.000000e+00  0.000000e+00  0.000000e+00
2.000000e+02  1.000000e-15  7.823264e-11  7.806462e-11  0.000000e+00  0.000000e+00  3.744255e-11  0.000000e+00  0.000000e+00  0.000000e+00
2.000000e+02  1.000000e-14  0.000000e+00  0.000000e+00  0.000000e+00  0.000000e+00  0.000000e+00  0.000000e+00  0.000000e+00  0.000000e+00
2.000000e+02  1.000000e-12  0.000000e+00  0.000000e+00  0.000000e+00  0.000000e+00  0.000000e+00  0.000000e+00  0.000000e+00  0.000000e+00
2.000000e+02  1.000000e-10  0.000000e+00  0.000000e+00  0.000000e+00  0.000000e+00  0.000000e+00  0.000000e+00  0.000000e+00  0.000000e+00
3.000000e+02  1.000000e-22  4.855985e-01  4.853985e-01  0.000000e+00  0.000000e+00  5.079536e-01  0.000000e+00  0.000000e+00  0.000000e+00
3.000000e+02  1.000000e-20  4.854534e-01  4.852535e-01  0.000000e+00  0.000000e+00  5.077903e-01  0.000000e+00  0.000000e+00  0.000000e+00
3.000000e+02  1.000000e-19  4.841349e-01  4.839355e-01  0.000000e+00  0.000000e+00  5.063074e-01  0.000000e+00  0.000000e+00  0.000000e+00
3.000000e+02  2.000000e-19  4.826725e-01  4.824737e-01  0.000000e+00  0.000000e+00  5.046642e-01  0.000000e+00  0.000000e+00  0.000000e+00
3.000000e+02  5.000000e-19  4.783011e-01  4.781041e-01  0.000000e+00  0.000000e+00  4.997628e-01  0.000000e+00  0.000000e+00  0.000000e+00
3.000000e+02  7.000000e-19  4.754004e-01  4.752046e-01  0.000000e+00  0.000000e+00  4.965184e-01  0.000000e+00  0.000000e+00  0.000000e+00
3.000000e+02  1.000000e-18  4.710697e-01  4.708757e-01  0.000000e+00  0.000000e+00  4.916866e-01  0.000000e+00  0.000000e+00  0.000000e+00
3.000000e+02  2.000000e-18  4.568169e-01  4.566287e-01  0.000000e+00  0.000000e+00  4.758785e-01  0.000000e+00  0.000000e+00  0.000000e+00
3.000000e+02  5.000000e-18  4.158417e-01  4.156704e-01  0.000000e+00  0.000000e+00  4.311309e-01  0.000000e+00  0.000000e+00  0.000000e+00
3.000000e+02  7.000000e-18  3.900881e-01  3.899274e-01  0.000000e+00  0.000000e+00  4.034429e-01  0.000000e+00  0.000000e+00  0.000000e+00
3.000000e+02  1.000000e-17  3.538722e-01  3.537264e-01  0.000000e+00  0.000000e+00  3.649526e-01  0.000000e+00  0.000000e+00  0.000000e+00
3.000000e+02  2.000000e-17  2.534907e-01  2.533863e-01  0.000000e+00  0.000000e+00  2.601472e-01  0.000000e+00  0.000000e+00  0.000000e+00
3.000000e+02  5.000000e-17  9.136369e-02  9.132607e-02  0.000000e+00  0.000000e+00  9.368196e-02  0.000000e+00  0.000000e+00  0.000000e+00
3.000000e+02  7.000000e-17  4.686316e-02  4.684386e-02  0.000000e+00  0.000000e+00  4.814222e-02  0.000000e+00  0.000000e+00  0.000000e+00
3.000000e+02  1.000000e-16  1.779455e-02  1.778722e-02  0.000000e+00  0.000000e+00  1.834030e-02  0.000000e+00  0.000000e+00  0.000000e+00
3.000000e+02  1.000000e-15  6.120726e-11  6.118205e-11  0.000000e+00  0.000000e+00  5.157486e-11  0.000000e+00  0.000000e+00  0.000000e+00
3.000000e+02  1.000000e-14  0.000000e+00  0.000000e+00  0.000000e+00  0.000000e+00  0.000000e+00  0.000000e+00  0.000000e+00  0.000000e+00
3.000000e+02  1.000000e-12  0.000000e+00  0.000000e+00  0.000000e+00  0.000000e+00  0.000000e+00  0.000000e+00  0.000000e+00  0.000000e+00
3.000000e+02  1.000000e-10  0.000000e+00  0.000000e+00  0.000000e+00  0.000000e+00  0.000000e+00  0.000000e+00  0.000000e+00  0.000000e+00
4.000000e+02  1.000000e-22  5.477984e-01  5.477984e-01  5.467984e-01  0.000000e+00  5.313987e-01  5.313447e-01  0.000000e+00  0.000000e+00
4.000000e+02  1.000000e-20  5.476338e-01  5.476338e-01  5.466341e-01  0.000000e+00  5.312164e-01  5.311625e-01  0.000000e+00  0.000000e+00
4.000000e+02  1.000000e-19  5.461393e-01  5.461393e-01  5.451424e-01  0.000000e+00  5.295627e-01  5.295088e-01  0.000000e+00  0.000000e+00
4.000000e+02  2.000000e-19  5.444815e-01  5.444815e-01  5.434875e-01  0.000000e+00  5.277313e-01  5.276776e-01  0.000000e+00  0.000000e+00
4.000000e+02  5.000000e-19  5.395253e-01  5.395253e-01  5.385404e-01  0.000000e+00  5.222762e-01  5.222229e-01  0.000000e+00  0.000000e+00
4.000000e+02  7.000000e-19  5.362360e-01  5.362360e-01  5.352572e-01  0.000000e+00  5.186716e-01  5.186186e-01  0.000000e+00  0.000000e+00
4.000000e+02  1.000000e-18  5.313245e-01  5.313245e-01  5.303546e-01  0.000000e+00  5.133121e-01  5.132596e-01  0.000000e+00  0.000000e+00
4.000000e+02  2.000000e-18  5.151547e-01  5.151547e-01  5.142143e-01  0.000000e+00  4.958486e-01  4.957976e-01  0.000000e+00  0.000000e+00
4.000000e+02  5.000000e-18  4.686325e-01  4.686325e-01  4.677770e-01  0.000000e+00  4.469254e-01  4.468792e-01  0.000000e+00  0.000000e+00
4.000000e+02  7.000000e-18  4.393758e-01  4.393758e-01  4.385738e-01  0.000000e+00  4.169683e-01  4.169252e-01  0.000000e+00  0.000000e+00
4.000000e+02  1.000000e-17  3.982281e-01  3.982281e-01  3.975011e-01  0.000000e+00  3.756457e-01  3.756072e-01  0.000000e+00  0.000000e+00
4.000000e+02  2.000000e-17  2.842728e-01  2.842728e-01  2.837538e-01  0.000000e+00  2.646144e-01  2.645893e-01  0.000000e+00  0.000000e+00
4.000000e+02  5.000000e-17  1.013128e-01  1.013128e-01  1.011278e-01  0.000000e+00  9.236023e-02  9.235427e-02  0.000000e+00  0.000000e+00
4.000000e+02  7.000000e-17  5.160891e-02  5.160891e-02  5.151470e-02  0.000000e+00  4.655760e-02  4.655538e-02  0.000000e+00  0.000000e+00
4.000000e+02  1.000000e-16  1.941233e-02  1.941233e-02  1.937689e-02  0.000000e+00  1.727091e-02  1.727040e-02  0.000000e+00  0.000000e+00
4.000000e+02  1.000000e-15  3.532545e-11  3.532545e-11  3.526096e-11  0.000000e+00  3.605782e-11  3.605782e-11  0.000000e+00  0.000000e+00
4.000000e+02  1.000000e-14  0.000000e+00  0.000000e+00  0.000000e+00  0.000000e+00  0.000000e+00  0.000000e+00  0.000000e+00  0.000000e+00
4.000000e+02  1.000000e-12  0.000000e+00  0.000000e+00  0.000000e+00  0.000000e+00  0.000000e+00  0.000000e+00  0.000000e+00  0.000000e+00
4.000000e+02  1.000000e-10  0.000000e+00  0.000000e+00  0.000000e+00  0.000000e+00  0.000000e+00  0.000000e+00  0.000000e+00  0.000000e+00
5.000000e+02  1.000000e-22  0.000000e+00  0.000000e+00  0.000000e+00  0.000000e+00  5.657054e-01  5.656914e-01  5.651925e-01  5.630684e-01
5.000000e+02  1.000000e-20  0.000000e+00  0.000000e+00  0.000000e+00  0.000000e+00  5.655060e-01  5.654921e-01  5.649931e-01  5.628693e-01
5.000000e+02  1.000000e-19  0.000000e+00  0.000000e+00  0.000000e+00  0.000000e+00  5.636970e-01  5.636831e-01  5.631843e-01  5.610628e-01
5.000000e+02  2.000000e-19  0.000000e+00  0.000000e+00  0.000000e+00  0.000000e+00  5.616940e-01  5.616801e-01  5.611816e-01  5.590626e-01
5.000000e+02  5.000000e-19  0.000000e+00  0.000000e+00  0.000000e+00  0.000000e+00  5.557294e-01  5.557156e-01  5.552179e-01  5.531068e-01
5.000000e+02  7.000000e-19  0.000000e+00  0.000000e+00  0.000000e+00  0.000000e+00  5.517895e-01  5.517757e-01  5.512787e-01  5.491731e-01
5.000000e+02  1.000000e-18  0.000000e+00  0.000000e+00  0.000000e+00  0.000000e+00  5.459335e-01  5.459198e-01  5.454238e-01  5.433268e-01
5.000000e+02  2.000000e-18  0.000000e+00  0.000000e+00  0.000000e+00  0.000000e+00  5.268689e-01  5.268555e-01  5.263640e-01  5.242976e-01
5.000000e+02  5.000000e-18  0.000000e+00  0.000000e+00  0.000000e+00  0.000000e+00  4.735971e-01  4.735849e-01  4.731139e-01  4.711565e-01
5.000000e+02  7.000000e-18  0.000000e+00  0.000000e+00  0.000000e+00  0.000000e+00  4.410771e-01  4.410657e-01  4.406127e-01  4.387378e-01
5.000000e+02  1.000000e-17  0.000000e+00  0.000000e+00  0.000000e+00  0.000000e+00  3.963457e-01  3.963357e-01  3.959135e-01  3.941702e-01
5.000000e+02  2.000000e-17  0.000000e+00  0.000000e+00  0.000000e+00  0.000000e+00  2.769343e-01  2.769281e-01  2.766157e-01  2.753135e-01
5.000000e+02  5.000000e-17  0.000000e+00  0.000000e+00  0.000000e+00  0.000000e+00  9.471346e-02  9.471237e-02  9.461094e-02  9.415429e-02
5.000000e+02  7.000000e-17  0.000000e+00  0.000000e+00  0.000000e+00  0.000000e+00  4.727673e-02  4.727641e-02  4.722993e-02  4.700780e-02
5.000000e+02  1.000000e-16  0.000000e+00  0.000000e+00  0.000000e+00  0.000000e+00  1.735385e-02  1.735379e-02  1.733894e-02  1.726125e-02
5.000000e+02  1.000000e-15  0.000000e+00  0.000000e+00  0.000000e+00  0.000000e+00  1.199514e-11  1.199514e-11  1.199506e-11  1.198282e-11
5.000000e+02  1.000000e-14  0.000000e+00  0.000000e+00  0.000000e+00  0.000000e+00  0.000000e+00  0.000000e+00  0.000000e+00  0.000000e+00
5.000000e+02  1.000000e-12  0.000000e+00  0.000000e+00  0.000000e+00  0.000000e+00  0.000000e+00  0.000000e+00  0.000000e+00  0.000000e+00
5.000000e+02  1.000000e-10  0.000000e+00  0.000000e+00  0.000000e+00  0.000000e+00  0.000000e+00  0.000000e+00  0.000000e+00  0.000000e+00
5.500000e+02  1.000000e-22  5.718982e-01  5.718982e-01  5.714982e-01  5.702982e-01  5.638118e-01  5.638048e-01  5.634622e-01  5.623007e-01
5.500000e+02  1.000000e-20  5.717246e-01  5.717246e-01  5.713247e-01  5.701250e-01  5.636175e-01  5.636104e-01  5.632679e-01  5.621064e-01
5.500000e+02  1.000000e-19  5.701472e-01  5.701472e-01  5.697485e-01  5.685521e-01  5.618538e-01  5.618468e-01  5.615041e-01  5.603430e-01
5.500000e+02  2.000000e-19  5.683972e-01  5.683972e-01  5.679996e-01  5.668069e-01  5.599006e-01  5.598936e-01  5.595509e-01  5.583901e-01
5.500000e+02  5.000000e-19  5.631627e-01  5.631627e-01  5.627688e-01  5.615871e-01  5.540812e-01  5.540743e-01  5.537314e-01  5.525720e-01
5.500000e+02  7.000000e-19  5.596867e-01  5.596867e-01  5.592952e-01  5.581208e-01  5.502349e-01  5.502280e-01  5.498852e-01  5.487267e-01
5.500000e+02  1.000000e-18  5.544937e-01  5.544937e-01  5.541058e-01  5.529423e-01  5.445147e-01  5.445079e-01  5.441653e-01  5.430086e-01
5.500000e+02  2.000000e-18  5.373747e-01  5.373747e-01  5.369989e-01  5.358713e-01  5.258659e-01  5.258594e-01  5.255181e-01  5.243692e-01
5.500000e+02  5.000000e-18  4.879729e-01  4.879729e-01  4.876316e-01  4.866077e-01  4.735643e-01  4.735585e-01  4.732274e-01  4.721172e-01
5.500000e+02  7.000000e-18  4.568287e-01  4.568287e-01  4.565091e-01  4.555506e-01  4.415161e-01  4.415108e-01  4.411905e-01  4.401152e-01
5.500000e+02  1.000000e-17  4.129778e-01  4.129778e-01  4.126889e-01  4.118224e-01  3.973065e-01  3.973020e-01  3.970014e-01  3.959870e-01
5.500000e+02  2.000000e-17  2.916842e-01  2.916842e-01  2.914802e-01  2.908681e-01  2.786703e-01  2.786677e-01  2.784425e-01  2.776561e-01
5.500000e+02  5.000000e-17  1.000963e-01  1.000963e-01  1.000263e-01  9.981625e-02  9.595158e-02  9.595115e-02  9.587794e-02  9.558146e-02
5.500000e+02  7.000000e-17  4.974196e-02  4.974196e-02  4.970717e-02  4.960279e-02  4.799620e-02  4.799608e-02  4.796293e-02  4.781411e-02
5.500000e+02  1.000000e-16  1.808317e-02  1.808317e-02  1.807052e-02  1.803258e-02  1.764796e-02  1.764794e-02  1.763766e-02  1.758400e-02
5.500000e+02  1.000000e-15  1.356832e-11  1.356832e-11  1.355883e-11  1.353036e-11  1.390988e-11  1.390988e-11  1.390986e-11  1.389634e-11
5.500000e+02  1.000000e-14  0.000000e+00  0.000000e+00  0.000000e+00  0.000000e+00  0.000000e+00  0.000000e+00  0.000000e+00  0.000000e+00
5.500000e+02  1.000000e-12  0.000000e+00  0.000000e+00  0.000000e+00  0.000000e+00  0.000000e+00  0.000000e+00  0.000000e+00  0.000000e+00
5.500000e+02  1.000000e-10  0.000000e+00  0.000000e+00  0.000000e+00  0.000000e+00  0.000000e+00  0.000000e+00  0.000000e+00  0.000000e+00
6.000000e+02  1.000000e-22  5.741982e-01  5.741982e-01  5.738982e-01  5.730982e-01  5.704492e-01  5.704414e-01  5.701584e-01  5.692891e-01
6.000000e+02  1.000000e-20  5.740216e-01  5.740216e-01  5.737216e-01  5.729219e-01  5.702454e-01  5.702376e-01  5.699546e-01  5.690853e-01
6.000000e+02  1.000000e-19  5.724172e-01  5.724172e-01  5.721182e-01  5.713206e-01  5.683963e-01  5.683885e-01  5.681058e-01  5.672364e-01
6.000000e+02  2.000000e-19  5.706371e-01  5.706371e-01  5.703390e-01  5.695440e-01  5.663495e-01  5.663418e-01  5.660594e-01  5.651899e-01
6.000000e+02  5.000000e-19  5.653140e-01  5.653140e-01  5.650187e-01  5.642310e-01  5.602582e-01  5.602505e-01  5.599692e-01  5.590996e-01
6.000000e+02  7.000000e-19  5.617796e-01  5.617796e-01  5.614861e-01  5.607034e-01  5.562375e-01  5.562299e-01  5.559493e-01  5.550798e-01
6.000000e+02  1.000000e-18  5.565003e-01  5.565003e-01  5.562096e-01  5.554342e-01  5.502655e-01  5.502580e-01  5.499785e-01  5.491094e-01
6.000000e+02  2.000000e-18  5.391042e-01  5.391042e-01  5.388225e-01  5.380714e-01  5.308532e-01  5.308461e-01  5.305707e-01  5.297047e-01
6.000000e+02  5.000000e-18  4.889645e-01  4.889645e-01  4.887090e-01  4.880278e-01  4.767947e-01  4.767886e-01  4.765289e-01  4.756855e-01
6.000000e+02  7.000000e-18  4.574023e-01  4.574023e-01  4.571633e-01  4.565260e-01  4.438848e-01  4.438793e-01  4.436318e-01  4.428121e-01
6.000000e+02  1.000000e-17  4.130253e-01  4.130253e-01  4.128095e-01  4.122341e-01  3.986858e-01  3.986811e-01  3.984533e-01  3.976774e-01
6.000000e+02  2.000000e-17  2.906701e-01  2.906701e-01  2.905182e-01  2.901132e-01  2.782452e-01  2.782426e-01  2.780798e-01  2.774766e-01
6.000000e+02  5.000000e-17  9.882279e-02  9.882279e-02  9.877117e-02  9.863348e-02  9.483463e-02  9.483422e-02  9.478602e-02  9.456152e-02
6.000000e+02  7.000000e-17  4.884538e-02  4.884538e-02  4.881986e-02  4.875180e-02  4.719867e-02  4.719855e-02  4.717781e-02  4.706613e-02
6.000000e+02  1.000000e-16  1.763074e-02  1.763074e-02  1.762153e-02  1.759697e-02  1.723886e-02  1.723884e-02  1.723283e-02  1.719294e-02
6.000000e+02  1.000000e-15  1.255841e-11  1.255841e-11  1.255185e-11  1.253436e-11  1.193822e-11  1.193822e-11  1.193822e-11  1.193139e-11
6.000000e+02  1.000000e-14  0.000000e+00  0.000000e+00  0.000000e+00  0.000000e+00  0.000000e+00  0.000000e+00  0.000000e+00  0.000000e+00
6.000000e+02  1.000000e-12  0.000000e+00  0.000000e+00  0.000000e+00  0.000000e+00  0.000000e+00  0.000000e+00  0.000000e+00  0.000000e+00
6.000000e+02  1.000000e-10  0.000000e+00  0.000000e+00  0.000000e+00  0.000000e+00  0.000000e+00  0.000000e+00  0.000000e+00  0.000000e+00
7.000000e+02  1.000000e-22  5.691981e-01  5.691981e-01  5.689982e-01  5.684981e-01  5.737997e-01  5.737622e-01  5.735918e-01  5.730528e-01
7.000000e+02  1.000000e-20  5.690203e-01  5.690203e-01  5.688204e-01  5.683206e-01  5.735847e-01  5.735471e-01  5.733768e-01  5.728378e-01
7.000000e+02  1.000000e-19  5.674050e-01  5.674050e-01  5.672057e-01  5.667072e-01  5.716339e-01  5.715964e-01  5.714265e-01  5.708876e-01
7.000000e+02  2.000000e-19  5.656127e-01  5.656127e-01  5.654140e-01  5.649171e-01  5.694750e-01  5.694376e-01  5.692679e-01  5.687293e-01
7.000000e+02  5.000000e-19  5.602523e-01  5.602523e-01  5.600554e-01  5.595633e-01  5.630515e-01  5.630143e-01  5.628458e-01  5.623077e-01
7.000000e+02  7.000000e-19  5.566926e-01  5.566926e-01  5.564970e-01  5.560080e-01  5.588130e-01  5.587760e-01  5.586082e-01  5.580707e-01
7.000000e+02  1.000000e-18  5.513749e-01  5.513749e-01  5.511811e-01  5.506968e-01  5.525199e-01  5.524831e-01  5.523165e-01  5.517797e-01
7.000000e+02  2.000000e-18  5.338468e-01  5.338468e-01  5.336592e-01  5.331903e-01  5.320846e-01  5.320486e-01  5.318861e-01  5.313531e-01
7.000000e+02  5.000000e-18  4.833022e-01  4.833022e-01  4.831325e-01  4.827079e-01  4.753744e-01  4.753414e-01  4.751918e-01  4.746773e-01
7.000000e+02  7.000000e-18  4.514833e-01  4.514833e-01  4.513247e-01  4.509281e-01  4.410132e-01  4.409825e-01  4.408419e-01  4.403443e-01
7.000000e+02  1.000000e-17  4.067688e-01  4.067688e-01  4.066259e-01  4.062686e-01  3.940448e-01  3.940174e-01  3.938904e-01  3.934225e-01
7.000000e+02  2.000000e-17  2.838523e-01  2.838523e-01  2.837526e-01  2.835032e-01  2.703243e-01  2.703073e-01  2.702211e-01  2.698645e-01
7.000000e+02  5.000000e-17  9.381065e-02  9.381065e-02  9.377769e-02  9.369528e-02  8.770104e-02  8.769799e-02  8.767571e-02  8.755033e-02
7.000000e+02  7.000000e-17  4.552147e-02  4.552147e-02  4.550548e-02  4.546549e-02  4.237697e-02  4.237608e-02  4.236735e-02  4.230725e-02
7.000000e+02  1.000000e-16  1.601541e-02  1.601541e-02  1.600979e-02  1.599572e-02  1.489160e-02  1.489147e-02  1.488929e-02  1.486894e-02
7.000000e+02  1.000000e-15  6.733032e-12  6.733032e-12  6.730667e-12  6.724752e-12  5.116130e-12  5.116130e-12  5.116130e-12  5.115291e-12
7.000000e+02  1.000000e-14  0.000000e+00  0.000000e+00  0.000000e+00  0.000000e+00  0.000000e+00  0.000000e+00  0.000000e+00  0.000000e+00
7.000000e+02  1.000000e-12  0.000000e+00  0.000000e+00  0.000000e+00  0.000000e+00  0.000000e+00  0.000000e+00  0.000000e+00  0.000000e+00
7.000000e+02  1.000000e-10  0.000000e+00  0.000000e+00  0.000000e+00  0.000000e+00  0.000000e+00  0.000000e+00  0.000000e+00  0.000000e+00
8.000000e+02  1.000000e-22  5.413982e-01  5.413982e-01  5.412982e-01  5.408981e-01  5.383936e-01  5.383907e-01  5.383036e-01  5.379405e-01
8.000000e+02  1.000000e-20  5.412162e-01  5.412162e-01  5.411162e-01  5.407164e-01  5.381733e-01  5.381703e-01  5.380833e-01  5.377203e-01
8.000000e+02  1.000000e-19  5.395637e-01  5.395637e-01  5.394639e-01  5.390653e-01  5.361751e-01  5.361720e-01  5.360852e-01  5.357227e-01
8.000000e+02  2.000000e-19  5.377310e-01  5.377310e-01  5.376316e-01  5.372344e-01  5.339655e-01  5.339621e-01  5.338756e-01  5.335136e-01
8.000000e+02  5.000000e-19  5.322557e-01  5.322557e-01  5.321574e-01  5.317641e-01  5.274016e-01  5.273978e-01  5.273120e-01  5.269517e-01
8.000000e+02  7.000000e-19  5.286245e-01  5.286245e-01  5.285269e-01  5.281363e-01  5.230792e-01  5.230750e-01  5.229898e-01  5.226306e-01
8.000000e+02  1.000000e-18  5.232069e-01  5.232069e-01  5.231103e-01  5.227237e-01  5.166742e-01  5.166695e-01  5.165851e-01  5.162276e-01
8.000000e+02  2.000000e-18  5.054075e-01  5.054075e-01  5.053141e-01  5.049406e-01  4.959784e-01  4.959722e-01  4.958905e-01  4.955392e-01
8.000000e+02  5.000000e-18  4.545440e-01  4.545440e-01  4.544600e-01  4.541242e-01  4.393390e-01  4.393300e-01  4.392564e-01  4.389259e-01
8.000000e+02  7.000000e-18  4.228524e-01  4.228524e-01  4.227743e-01  4.224618e-01  4.055575e-01  4.055474e-01  4.054791e-01  4.051639e-01
8.000000e+02  1.000000e-17  3.787151e-01  3.787151e-01  3.786452e-01  3.783653e-01  3.599861e-01  3.599756e-01  3.599150e-01  3.596237e-01
8.000000e+02  2.000000e-17  2.596465e-01  2.596465e-01  2.595986e-01  2.594067e-01  2.428806e-01  2.428721e-01  2.428330e-01  2.426205e-01
8.000000e+02  5.000000e-17  8.243990e-02  8.243990e-02  8.242467e-02  8.236376e-02  7.642575e-02  7.642395e-02  7.641508e-02  7.634699e-02
8.000000e+02  7.000000e-17  3.922060e-02  3.922060e-02  3.921336e-02  3.918438e-02  3.634764e-02  3.634711e-02  3.634391e-02  3.631296e-02
8.000000e+02  1.000000e-16  1.348444e-02  1.348444e-02  1.348195e-02  1.347198e-02  1.249503e-02  1.249495e-02  1.249423e-02  1.248449e-02
8.000000e+02  1.000000e-15  3.234487e-12  3.234487e-12  3.233889e-12  3.231499e-12  5.309570e-12  5.309570e-12  5.309570e-12  5.309471e-12
8.000000e+02  1.000000e-14  0.000000e+00  0.000000e+00  0.000000e+00  0.000000e+00  0.000000e+00  0.000000e+00  0.000000e+00  0.000000e+00
8.000000e+02  1.000000e-12  0.000000e+00  0.000000e+00  0.000000e+00  0.000000e+00  0.000000e+00  0.000000e+00  0.000000e+00  0.000000e+00
8.000000e+02  1.000000e-10  0.000000e+00  0.000000e+00  0.000000e+00  0.000000e+00  0.000000e+00  0.000000e+00  0.000000e+00  0.000000e+00
9.000000e+02  1.000000e-22  5.139982e-01  5.139982e-01  5.139982e-01  5.136982e-01  4.901847e-01  4.901738e-01  4.901217e-01  4.898541e-01
9.000000e+02  1.000000e-20  5.138130e-01  5.138130e-01  5.138130e-01  5.135131e-01  4.899790e-01  4.899682e-01  4.899161e-01  4.896485e-01
9.000000e+02  1.000000e-19  5.121320e-01  5.121320e-01  5.121320e-01  5.118331e-01  4.881140e-01  4.881031e-01  4.880511e-01  4.877839e-01
9.000000e+02  2.000000e-19  5.102689e-01  5.102689e-01  5.102689e-01  5.099711e-01  4.860511e-01  4.860401e-01  4.859882e-01  4.857214e-01
9.000000e+02  5.000000e-19  5.047084e-01  5.047084e-01  5.047084e-01  5.044138e-01  4.799209e-01  4.799098e-01  4.798582e-01  4.795926e-01
9.000000e+02  7.000000e-19  5.010256e-01  5.010256e-01  5.010256e-01  5.007332e-01  4.758821e-01  4.758710e-01  4.758196e-01  4.755549e-01
9.000000e+02  1.000000e-18  4.955382e-01  4.955382e-01  4.955382e-01  4.952490e-01  4.698949e-01  4.698836e-01  4.698326e-01  4.695692e-01
9.000000e+02  2.000000e-18  4.775684e-01  4.775684e-01  4.775684e-01  4.772896e-01  4.505316e-01  4.505200e-01  4.504702e-01  4.502114e-01
9.000000e+02  5.000000e-18  4.266834e-01  4.266834e-01  4.266834e-01  4.264343e-01  3.974658e-01  3.974539e-01  3.974083e-01  3.971655e-01
9.000000e+02  7.000000e-18  3.953006e-01  3.953006e-01  3.953006e-01  3.950698e-01  3.658205e-01  3.658089e-01  3.657663e-01  3.655354e-01
9.000000e+02  1.000000e-17  3.519743e-01  3.519743e-01  3.519743e-01  3.517689e-01  3.232143e-01  3.232034e-01  3.231655e-01  3.229532e-01
9.000000e+02  2.000000e-17  2.371674e-01  2.371674e-01  2.371674e-01  2.370290e-01  2.147165e-01  2.147091e-01  2.146850e-01  2.145330e-01
9.000000e+02  5.000000e-17  7.226927e-02  7.226927e-02  7.226927e-02  7.222709e-02  6.525521e-02  6.525387e-02  6.524888e-02  6.520289e-02
9.000000e+02  7.000000e-17  3.361438e-02  3.361438e-02  3.361438e-02  3.359476e-02  3.063291e-02  3.063254e-02  3.063085e-02  3.061063e-02
9.000000e+02  1.000000e-16  1.121933e-02  1.121933e-02  1.121933e-02  1.121279e-02  1.043024e-02  1.043020e-02  1.042986e-02  1.042375e-02
9.000000e+02  1.000000e-15  1.801100e-12  1.801100e-12  1.801100e-12  1.800049e-12  2.184762e-12  2.184762e-12  2.184762e-12  2.184748e-12
9.000000e+02  1.000000e-14  0.000000e+00  0.000000e+00  0.000000e+00  0.000000e+00  0.000000e+00  0.000000e+00  0.000000e+00  0.000000e+00
9.000000e+02  1.000000e-12  0.000000e+00  0.000000e+00  0.000000e+00  0.000000e+00  0.000000e+00  0.000000e+00  0.000000e+00  0.000000e+00
9.000000e+02  1.000000e-10  0.000000e+00  0.000000e+00  0.000000e+00  0.000000e+00  0.000000e+00  0.000000e+00  0.000000e+00  0.000000e+00
1.000000e+03  1.000000e-22  4.639981e-01  4.639981e-01  4.639981e-01  4.637982e-01  4.277576e-01  4.277576e-01  4.277181e-01  4.275458e-01
1.000000e+03  1.000000e-20  4.638151e-01  4.638151e-01  4.638151e-01  4.636152e-01  4.275442e-01  4.275442e-01  4.275047e-01  4.273325e-01
1.000000e+03  1.000000e-19  4.621536e-01  4.621536e-01  4.621536e-01  4.619544e-01  4.256102e-01  4.256102e-01  4.255710e-01  4.253994e-01
1.000000e+03  2.000000e-19  4.603137e-01  4.603137e-01  4.603137e-01  4.601153e-01  4.234738e-01  4.234738e-01  4.234349e-01  4.232639e-01
1.000000e+03  5.000000e-19  4.548319e-01  4.548319e-01  4.548319e-01  4.546359e-01  4.171425e-01  4.171425e-01  4.171044e-01  4.169354e-01
1.000000e+03  7.000000e-19  4.512091e-01  4.512091e-01  4.512091e-01  4.510147e-01  4.129855e-01  4.129855e-01  4.129479e-01  4.127802e-01
1.000000e+03  1.000000e-18  4.458223e-01  4.458223e-01  4.458223e-01  4.456302e-01  4.068436e-01  4.068436e-01  4.068068e-01  4.066410e-01
1.000000e+03  2.000000e-18  4.282738e-01  4.282738e-01  4.282738e-01  4.280892e-01  3.871496e-01  3.871496e-01  3.871154e-01  3.869561e-01
1.000000e+03  5.000000e-18  3.792917e-01  3.792917e-01  3.792917e-01  3.791282e-01  3.345045e-01  3.345045e-01  3.344769e-01  3.343360e-01
1.000000e+03  7.000000e-18  3.495591e-01  3.495591e-01  3.495591e-01  3.494084e-01  3.040269e-01  3.040269e-01  3.040030e-01  3.038734e-01
1.000000e+03  1.000000e-17  3.090501e-01  3.090501e-01  3.090501e-01  3.089169e-01  2.640500e-01  2.640500e-01  2.640307e-01  2.639168e-01
1.000000e+03  2.000000e-17  2.043865e-01  2.043865e-01  2.043865e-01  2.042984e-01  1.674730e-01  1.674730e-01  1.674636e-01  1.673912e-01
1.000000e+03  5.000000e-17  6.023045e-02  6.023045e-02  6.023045e-02  6.020449e-02  4.629512e-02  4.629512e-02  4.629396e-02  4.627654e-02
1.000000e+03  7.000000e-17  2.762712e-02  2.762712e-02  2.762712e-02  2.761521e-02  2.065068e-02  2.065068e-02  2.065037e-02  2.064358e-02
1.000000e+03  1.000000e-16  9.080368e-03  9.080368e-03  9.080368e-03  9.076455e-03  6.556849e-03  6.556849e-03  6.556802e-03  6.555074e-03
1.000000e+03  1.000000e-15  9.810486e-13  9.810486e-13  9.810486e-13  9.806257e-13  3.892630e-13  3.892630e-13  3.892630e-13  3.892629e-13
1.000000e+03  1.000000e-14  0.000000e+00  0.000000e+00  0.000000e+00  0.000000e+00  0.000000e+00  0.000000e+00  0.000000e+00  0.000000e+00
1.000000e+03  1.000000e-12  0.000000e+00  0.000000e+00  0.000000e+00  0.000000e+00  0.000000e+00  0.000000e+00  0.000000e+00  0.000000e+00
1.000000e+03  1.000000e-10  0.000000e+00  0.000000e+00  0.000000e+00  0.000000e+00  0.000000e+00  0.000000e+00  0.000000e+00  0.000000e+00
1.100000e+03  1.000000e-22  4.145982e-01  4.145982e-01  4.145982e-01  4.143982e-01  4.277576e-01  4.277576e-01  4.277181e-01  4.275458e-01
1.100000e+03  1.000000e-20  4.144211e-01  4.144211e-01  4.144211e-01  4.142212e-01  4.275442e-01  4.275442e-01  4.275047e-01  4.273325e-01
1.100000e+03  1.000000e-19  4.128148e-01  4.128148e-01  4.128148e-01  4.126157e-01  4.256102e-01  4.256102e-01  4.255710e-01  4.253994e-01
1.100000e+03  2.000000e-19  4.110370e-01  4.110370e-01  4.110370e-01  4.108388e-01  4.234738e-01  4.234738e-01  4.234349e-01  4.232639e-01
1.100000e+03  5.000000e-19  4.057474e-01  4.057474e-01  4.057474e-01  4.055516e-01  4.171425e-01  4.171425e-01  4.171044e-01  4.169354e-01
1.100000e+03  7.000000e-19  4.022572e-01  4.022572e-01  4.022572e-01  4.020632e-01  4.129855e-01  4.129855e-01  4.129479e-01  4.127802e-01
1.100000e+03  1.000000e-18  3.970760e-01  3.970760e-01  3.970760e-01  3.968844e-01  4.068436e-01  4.068436e-01  4.068068e-01  4.066410e-01
1.100000e+03  2.000000e-18  3.802651e-01  3.802651e-01  3.802651e-01  3.800817e-01  3.871496e-01  3.871496e-01  3.871154e-01  3.869561e-01
1.100000e+03  5.000000e-18  3.338726e-01  3.338726e-01  3.338726e-01  3.337115e-01  3.345045e-01  3.345045e-01  3.344769e-01  3.343360e-01
1.100000e+03  7.000000e-18  3.060770e-01  3.060770e-01  3.060770e-01  3.059294e-01  3.040269e-01  3.040269e-01  3.040030e-01  3.038734e-01
1.100000e+03  1.000000e-17  2.686317e-01  2.686317e-01  2.686317e-01  2.685021e-01  2.640500e-01  2.640500e-01  2.640307e-01  2.639168e-01
1.100000e+03  2.000000e-17  1.740651e-01  1.740651e-01  1.740651e-01  1.739812e-01  1.674730e-01  1.674730e-01  1.674636e-01  1.673912e-01
1.100000e+03  5.000000e-17  4.920319e-02  4.920319e-02  4.920319e-02  4.917946e-02  4.629512e-02  4.629512e-02  4.629396e-02  4.627654e-02
1.100000e+03  7.000000e-17  2.212111e-02  2.212111e-02  2.212111e-02  2.211044e-02  2.065068e-02  2.065068e-02  2.065037e-02  2.064358e-02
1.100000e+03  1.000000e-16  7.094018e-03  7.094018e-03  7.094018e-03  7.090596e-03  6.556849e-03  6.556849e-03  6.556802e-03  6.555074e-03
1.100000e+03  1.000000e-15  4.946398e-13  4.946398e-13  4.946398e-13  4.944012e-13  3.892630e-13  3.892630e-13  3.892630e-13  3.892629e-13
1.100000e+03  1.000000e-14  0.000000e+00  0.000000e+00  0.000000e+00  0.000000e+00  0.000000e+00  0.000000e+00  0.000000e+00  0.000000e+00
1.100000e+03  1.000000e-12  0.000000e+00  0.000000e+00  0.000000e+00  0.000000e+00  0.000000e+00  0.000000e+00  0.000000e+00  0.000000e+00
1.100000e+03  1.000000e-10  0.000000e+00  0.000000e+00  0.000000e+00  0.000000e+00  0.000000e+00  0.000000e+00  0.000000e+00  0.000000e+00
1.200000e+03  1.000000e-22  3.703983e-01  3.703983e-01  3.703983e-01  3.701983e-01  3.883642e-01  3.883642e-01  3.883549e-01  3.882346e-01
1.200000e+03  1.000000e-20  3.702300e-01  3.702300e-01  3.702300e-01  3.700300e-01  3.881615e-01  3.881615e-01  3.881522e-01  3.880320e-01
1.200000e+03  1.000000e-19  3.687032e-01  3.687032e-01  3.687032e-01  3.685041e-01  3.863246e-01  3.863246e-01  3.863154e-01  3.861957e-01
1.200000e+03  2.000000e-19  3.670142e-01  3.670142e-01  3.670142e-01  3.668160e-01  3.842962e-01  3.842962e-01  3.842871e-01  3.841678e-01
1.200000e+03  5.000000e-19  3.619947e-01  3.619947e-01  3.619947e-01  3.617992e-01  3.782888e-01  3.782888e-01  3.782799e-01  3.781622e-01
1.200000e+03  7.000000e-19  3.586873e-01  3.586873e-01  3.586873e-01  3.584936e-01  3.743477e-01  3.743477e-01  3.743388e-01  3.742221e-01
1.200000e+03  1.000000e-18  3.537838e-01  3.537838e-01  3.537838e-01  3.535928e-01  3.685293e-01  3.685293e-01  3.685206e-01  3.684055e-01
1.200000e+03  2.000000e-18  3.379280e-01  3.379280e-01  3.379280e-01  3.377455e-01  3.499104e-01  3.499104e-01  3.499022e-01  3.497920e-01
1.200000e+03  5.000000e-18  2.945834e-01  2.945834e-01  2.945834e-01  2.944243e-01  3.004229e-01  3.004229e-01  3.004161e-01  3.003199e-01
1.200000e+03  7.000000e-18  2.688933e-01  2.688933e-01  2.688933e-01  2.687481e-01  2.719688e-01  2.719688e-01  2.719628e-01  2.718750e-01
1.200000e+03  1.000000e-17  2.346027e-01  2.346027e-01  2.346027e-01  2.344761e-01  2.348785e-01  2.348785e-01  2.348735e-01  2.347973e-01
1.200000e+03  2.000000e-17  1.495720e-01  1.495720e-01  1.495720e-01  1.494913e-01  1.465336e-01  1.465336e-01  1.465311e-01  1.464844e-01
1.200000e+03  5.000000e-17  4.090590e-02  4.090590e-02  4.090590e-02  4.088382e-02  3.923561e-02  3.923561e-02  3.923531e-02  3.922530e-02
1.200000e+03  7.000000e-17  1.808102e-02  1.808102e-02  1.808102e-02  1.807126e-02  1.732496e-02  1.732496e-02  1.732488e-02  1.732126e-02
1.200000e+03  1.000000e-16  5.667676e-03  5.667676e-03  5.667676e-03  5.664615e-03  5.471499e-03  5.471499e-03  5.471489e-03  5.470660e-03
1.200000e+03  1.000000e-15  1.877225e-13  1.877225e-13  1.877225e-13  1.876211e-13  2.938312e-13  2.938312e-13  2.938312e-13  2.938311e-13
1.200000e+03  1.000000e-14  0.000000e+00  0.000000e+00  0.000000e+00  0.000000e+00  0.000000e+00  0.000000e+00  0.000000e+00  0.000000e+00
1.200000e+03  1.000000e-12  0.000000e+00  0.000000e+00  0.000000e+00  0.000000e+00  0.000000e+00  0.000000e+00  0.000000e+00  0.000000e+00
1.200000e+03  1.000000e-10  0.000000e+00  0.000000e+00  0.000000e+00  0.000000e+00  0.000000e+00  0.000000e+00  0.000000e+00  0.000000e+00
1.300000e+03  1.000000e-22  3.176984e-01  3.176984e-01  3.176984e-01  3.175985e-01  3.257000e-01  3.257000e-01  3.257000e-01  3.255610e-01
1.300000e+03  1.000000e-20  3.175440e-01  3.175440e-01  3.175440e-01  3.174440e-01  3.255123e-01  3.255123e-01  3.255123e-01  3.253734e-01
1.300000e+03  1.000000e-19  3.161432e-01  3.161432e-01  3.161432e-01  3.160437e-01  3.238121e-01  3.238121e-01  3.238121e-01  3.236739e-01
1.300000e+03  2.000000e-19  3.145946e-01  3.145946e-01  3.145946e-01  3.144956e-01  3.219360e-01  3.219360e-01  3.219360e-01  3.217986e-01
1.300000e+03  5.000000e-19  3.099976e-01  3.099976e-01  3.099976e-01  3.099000e-01  3.163889e-01  3.163889e-01  3.163889e-01  3.162538e-01
1.300000e+03  7.000000e-19  3.069730e-01  3.069730e-01  3.069730e-01  3.068764e-01  3.127572e-01  3.127572e-01  3.127572e-01  3.126236e-01
1.300000e+03  1.000000e-18  3.024955e-01  3.024955e-01  3.024955e-01  3.024004e-01  3.074066e-01  3.074066e-01  3.074066e-01  3.072752e-01
1.300000e+03  2.000000e-18  2.880700e-01  2.880700e-01  2.880700e-01  2.879793e-01  2.903735e-01  2.903735e-01  2.903735e-01  2.902493e-01
1.300000e+03  5.000000e-18  2.490442e-01  2.490442e-01  2.490442e-01  2.489658e-01  2.457916e-01  2.457916e-01  2.457916e-01  2.456869e-01
1.300000e+03  7.000000e-18  2.261927e-01  2.261927e-01  2.261927e-01  2.261215e-01  2.206355e-01  2.206355e-01  2.206355e-01  2.205422e-01
1.300000e+03  1.000000e-17  1.960102e-01  1.960102e-01  1.960102e-01  1.959485e-01  1.883925e-01  1.883925e-01  1.883925e-01  1.883141e-01
1.300000e+03  2.000000e-17  1.227349e-01  1.227349e-01  1.227349e-01  1.226963e-01  1.141930e-01  1.141930e-01  1.141930e-01  1.141498e-01
1.300000e+03  5.000000e-17  3.253810e-02  3.253810e-02  3.253810e-02  3.252786e-02  2.918254e-02  2.918254e-02  2.918254e-02  2.917563e-02
1.300000e+03  7.000000e-17  1.420509e-02  1.420509e-02  1.420509e-02  1.420062e-02  1.261181e-02  1.261181e-02  1.261181e-02  1.260975e-02
1.300000e+03  1.000000e-16  4.388615e-03  4.388615e-03  4.388615e-03  4.387234e-03  3.858787e-03  3.858787e-03  3.858787e-03  3.858431e-03
1.300000e+03  1.000000e-15  1.084029e-13  1.084029e-13  1.084029e-13  1.083688e-13  1.085570e-13  1.085570e-13  1.085570e-13  1.085570e-13
1.300000e+03  1.000000e-14  0.000000e+00  0.000000e+00  0.000000e+00  0.000000e+00  0.000000e+00  0.000000e+00  0.000000e+00  0.000000e+00
1.300000e+03  1.000000e-12  0.000000e+00  0.000000e+00  0.000000e+00  0.000000e+00  0.000000e+00  0.000000e+00  0.000000e+00  0.000000e+00
1.300000e+03  1.000000e-10  0.000000e+00  0.000000e+00  0.000000e+00  0.000000e+00  0.000000e+00  0.000000e+00  0.000000e+00  0.000000e+00
1.400000e+03  1.000000e-22  2.283988e-01  2.283988e-01  2.283988e-01  2.282988e-01  2.172473e-01  2.172473e-01  2.172473e-01  2.171596e-01
1.400000e+03  1.000000e-20  2.282812e-01  2.282812e-01  2.282812e-01  2.281813e-01  2.171034e-01  2.171034e-01  2.171034e-01  2.170158e-01
1.400000e+03  1.000000e-19  2.272155e-01  2.272155e-01  2.272155e-01  2.271160e-01  2.158014e-01  2.158014e-01  2.158014e-01  2.157144e-01
1.400000e+03  2.000000e-19  2.260380e-01  2.260380e-01  2.260380e-01  2.259390e-01  2.143666e-01  2.143666e-01  2.143666e-01  2.142803e-01
1.400000e+03  5.000000e-19  2.225468e-01  2.225468e-01  2.225468e-01  2.224493e-01  2.101367e-01  2.101367e-01  2.101367e-01  2.100524e-01
1.400000e+03  7.000000e-19  2.202533e-01  2.202533e-01  2.202533e-01  2.201568e-01  2.073773e-01  2.073773e-01  2.073773e-01  2.072943e-01
1.400000e+03  1.000000e-18  2.168631e-01  2.168631e-01  2.168631e-01  2.167681e-01  2.033263e-01  2.033263e-01  2.033263e-01  2.032452e-01
1.400000e+03  2.000000e-18  2.059815e-01  2.059815e-01  2.059815e-01  2.058913e-01  1.905468e-01  1.905468e-01  1.905468e-01  1.904717e-01
1.400000e+03  5.000000e-18  1.768545e-01  1.768545e-01  1.768545e-01  1.767770e-01  1.579562e-01  1.579562e-01  1.579562e-01  1.578963e-01
1.400000e+03  7.000000e-18  1.600065e-01  1.600065e-01  1.600065e-01  1.599364e-01  1.401286e-01  1.401286e-01  1.401286e-01  1.400768e-01
1.400000e+03  1.000000e-17  1.379819e-01  1.379819e-01  1.379819e-01  1.379215e-01  1.178814e-01  1.178814e-01  1.178814e-01  1.178395e-01
1.400000e+03  2.000000e-17  8.552726e-02  8.552726e-02  8.552726e-02  8.548982e-02  6.921790e-02  6.921790e-02  6.921790e-02  6.919683e-02
1.400000e+03  5.000000e-17  2.254878e-02  2.254878e-02  2.254878e-02  2.253891e-02  1.723305e-02  1.723305e-02  1.723305e-02  1.723002e-02
1.400000e+03  7.000000e-17  9.850159e-03  9.850159e-03  9.850159e-03  9.845846e-03  7.418663e-03  7.418663e-03  7.418663e-03  7.417787e-03
1.400000e+03  1.000000e-16  3.038001e-03  3.038001e-03  3.038001e-03  3.036671e-03  2.257752e-03  2.257752e-03  2.257752e-03  2.257605e-03
1.400000e+03  1.000000e-15  5.026401e-14  5.026401e-14  5.026401e-14  5.024200e-14  7.258612e-14  7.258612e-14  7.258612e-14  7.258612e-14
1.400000e+03  1.000000e-14  0.000000e+00  0.000000e+00  0.000000e+00  0.000000e+00  0.000000e+00  0.000000e+00  0.000000e+00  0.000000e+00
1.400000e+03  1.000000e-12  0.000000e+00  0.000000e+00  0.000000e+00  0.000000e+00  0.000000e+00  0.000000e+00  0.000000e+00  0.000000e+00
1.400000e+03  1.000000e-10  0.000000e+00  0.000000e+00  0.000000e+00  0.000000e+00  0.000000e+00  0.000000e+00  0.000000e+00  0.000000e+00
1.600000e+03  1.000000e-22  1.490992e-01  1.490992e-01  1.490992e-01  1.490992e-01  1.397151e-01  1.397151e-01  1.397151e-01  1.397070e-01
1.600000e+03  1.000000e-20  1.490188e-01  1.490188e-01  1.490188e-01  1.490188e-01  1.396227e-01  1.396227e-01  1.396227e-01  1.396146e-01
1.600000e+03  1.000000e-19  1.482901e-01  1.482901e-01  1.482901e-01  1.482901e-01  1.387860e-01  1.387860e-01  1.387860e-01  1.387779e-01
1.600000e+03  2.000000e-19  1.474854e-01  1.474854e-01  1.474854e-01  1.474854e-01  1.378640e-01  1.378640e-01  1.378640e-01  1.378560e-01
1.600000e+03  5.000000e-19  1.451022e-01  1.451022e-01  1.451022e-01  1.451022e-01  1.351459e-01  1.351459e-01  1.351459e-01  1.351380e-01
1.600000e+03  7.000000e-19  1.435387e-01  1.435387e-01  1.435387e-01  1.435387e-01  1.333726e-01  1.333726e-01  1.333726e-01  1.333649e-01
1.600000e+03  1.000000e-18  1.412305e-01  1.412305e-01  1.412305e-01  1.412305e-01  1.307695e-01  1.307695e-01  1.307695e-01  1.307619e-01
1.600000e+03  2.000000e-18  1.338461e-01  1.338461e-01  1.338461e-01  1.338461e-01  1.225572e-01  1.225572e-01  1.225572e-01  1.225500e-01
1.600000e+03  5.000000e-18  1.142578e-01  1.142578e-01  1.142578e-01  1.142578e-01  1.016139e-01  1.016139e-01  1.016139e-01  1.016079e-01
1.600000e+03  7.000000e-18  1.030420e-01  1.030420e-01  1.030420e-01  1.030420e-01  9.015829e-02  9.015829e-02  9.015829e-02  9.015296e-02
1.600000e+03  1.000000e-17  8.850092e-02  8.850092e-02  8.850092e-02  8.850092e-02  7.586405e-02  7.586405e-02  7.586405e-02  7.585955e-02
1.600000e+03  2.000000e-17  5.436914e-02  5.436914e-02  5.436914e-02  5.436914e-02  4.459782e-02  4.459782e-02  4.459782e-02  4.459520e-02
1.600000e+03  5.000000e-17  1.412102e-02  1.412102e-02  1.412102e-02  1.412102e-02  1.111850e-02  1.111850e-02  1.111850e-02  1.111793e-02
1.600000e+03  7.000000e-17  6.096714e-03  6.096714e-03  6.096714e-03  6.096714e-03  4.767275e-03  4.767275e-03  4.767275e-03  4.767061e-03
1.600000e+03  1.000000e-16  1.837950e-03  1.837950e-03  1.837950e-03  1.837950e-03  1.430683e-03  1.430683e-03  1.430683e-03  1.430631e-03
1.600000e+03  1.000000e-15  1.072750e-14  1.072750e-14  1.072750e-14  1.072750e-14  1.135523e-14  1.135523e-14  1.135523e-14  1.135523e-14
1.600000e+03  1.000000e-14  0.000000e+00  0.000000e+00  0.000000e+00  0.000000e+00  0.000000e+00  0.000000e+00  0.000000e+00  0.000000e+00
1.600000e+03  1.000000e-12  0.000000e+00  0.000000e+00  0.000000e+00  0.000000e+00  0.000000e+00  0.000000e+00  0.000000e+00  0.000000e+00
1.600000e+03  1.000000e-10  0.000000e+00  0.000000e+00  0.000000e+00  0.000000e+00  0.000000e+00  0.000000e+00  0.000000e+00  0.000000e+00
1.800000e+03  1.000000e-22  1.064994e-01  1.064994e-01  1.064994e-01  1.064994e-01  1.022260e-01  1.022260e-01  1.022260e-01  1.022232e-01
1.800000e+03  1.000000e-20  1.064411e-01  1.064411e-01  1.064411e-01  1.064411e-01  1.021520e-01  1.021520e-01  1.021520e-01  1.021492e-01
1.800000e+03  1.000000e-19  1.059123e-01  1.059123e-01  1.059123e-01  1.059123e-01  1.014825e-01  1.014825e-01  1.014825e-01  1.014798e-01
1.800000e+03  2.000000e-19  1.053283e-01  1.053283e-01  1.053283e-01  1.053283e-01  1.007454e-01  1.007454e-01  1.007454e-01  1.007426e-01
1.800000e+03  5.000000e-19  1.035987e-01  1.035987e-01  1.035987e-01  1.035987e-01  9.857500e-02  9.857500e-02  9.857500e-02  9.857234e-02
1.800000e+03  7.000000e-19  1.024639e-01  1.024639e-01  1.024639e-01  1.024639e-01  9.716161e-02  9.716161e-02  9.716161e-02  9.715898e-02
1.800000e+03  1.000000e-18  1.007886e-01  1.007886e-01  1.007886e-01  1.007886e-01  9.509025e-02  9.509025e-02  9.509025e-02  9.508769e-02
1.800000e+03  2.000000e-18  9.542838e-02  9.542838e-02  9.542838e-02  9.542838e-02  8.858466e-02  8.858466e-02  8.858466e-02  8.858231e-02
1.800000e+03  5.000000e-18  8.120836e-02  8.120836e-02  8.120836e-02  8.120836e-02  7.221293e-02  7.221293e-02  7.221293e-02  7.221106e-02
1.800000e+03  7.000000e-18  7.306855e-02  7.306855e-02  7.306855e-02  7.306855e-02  6.340754e-02  6.340754e-02  6.340754e-02  6.340594e-02
1.800000e+03  1.000000e-17  6.252337e-02  6.252337e-02  6.252337e-02  6.252337e-02  5.259012e-02  5.259012e-02  5.259012e-02  5.258884e-02
1.800000e+03  2.000000e-17  3.786417e-02  3.786417e-02  3.786417e-02  3.786417e-02  2.970708e-02  2.970708e-02  2.970708e-02  2.970643e-02
1.800000e+03  5.000000e-17  9.350702e-03  9.350702e-03  9.350702e-03  9.350702e-03  6.796512e-03  6.796512e-03  6.796512e-03  6.796405e-03
1.800000e+03  7.000000e-17  3.898752e-03  3.898752e-03  3.898752e-03  3.898752e-03  2.772612e-03  2.772612e-03  2.772612e-03  2.772577e-03
1.800000e+03  1.000000e-16  1.116317e-03  1.116317e-03  1.116317e-03  1.116317e-03  7.734066e-04  7.734066e-04  7.734066e-04  7.733995e-04
1.800000e+03  1.000000e-15  1.135244e-15  1.135244e-15  1.135244e-15  1.135244e-15  4.791154e-16  4.791154e-16  4.791154e-16  4.791154e-16
1.800000e+03  1.000000e-14  0.000000e+00  0.000000e+00  0.000000e+00  0.000000e+00  0.000000e+00  0.000000e+00  0.000000e+00  0.000000e+00
1.800000e+03  1.000000e-12  0.000000e+00  0.000000e+00  0.000000e+00  0.000000e+00  0.000000e+00  0.000000e+00  0.000000e+00  0.000000e+00
1.800000e+03  1.000000e-10  0.000000e+00  0.000000e+00  0.000000e+00  0.000000e+00  0.000000e+00  0.000000e+00  0.000000e+00  0.000000e+00
2.000000e+03  1.000000e-22  3.787981e-02  3.787981e-02  3.787981e-02  3.787981e-02  3.984386e-02  3.984386e-02  3.984386e-02  3.984376e-02
2.000000e+03  1.000000e-20  3.786052e-02  3.786052e-02  3.786052e-02  3.786052e-02  3.980878e-02  3.980878e-02  3.980878e-02  3.980868e-02
2.000000e+03  1.000000e-19  3.768562e-02  3.768562e-02  3.768562e-02  3.768562e-02  3.949164e-02  3.949164e-02  3.949164e-02  3.949155e-02
2.000000e+03  2.000000e-19  3.749233e-02  3.749233e-02  3.749233e-02  3.749233e-02  3.914309e-02  3.914309e-02  3.914309e-02  3.914299e-02
2.000000e+03  5.000000e-19  3.691894e-02  3.691894e-02  3.691894e-02  3.691894e-02  3.812099e-02  3.812099e-02  3.812099e-02  3.812090e-02
2.000000e+03  7.000000e-19  3.654201e-02  3.654201e-02  3.654201e-02  3.654201e-02  3.745872e-02  3.745872e-02  3.745872e-02  3.745863e-02
2.000000e+03  1.000000e-18  3.598446e-02  3.598446e-02  3.598446e-02  3.598446e-02  3.649300e-02  3.649300e-02  3.649300e-02  3.649291e-02
2.000000e+03  2.000000e-18  3.419197e-02  3.419197e-02  3.419197e-02  3.419197e-02  3.349851e-02  3.349851e-02  3.349851e-02  3.349842e-02
2.000000e+03  5.000000e-18  2.937233e-02  2.937233e-02  2.937233e-02  2.937233e-02  2.624183e-02  2.624183e-02  2.624183e-02  2.624176e-02
2.000000e+03  7.000000e-18  2.657069e-02  2.657069e-02  2.657069e-02  2.657069e-02  2.252040e-02  2.252040e-02  2.252040e-02  2.252033e-02
2.000000e+03  1.000000e-17  2.289400e-02  2.289400e-02  2.289400e-02  2.289400e-02  1.814094e-02  1.814094e-02  1.814094e-02  1.814088e-02
2.000000e+03  2.000000e-17  1.408460e-02  1.408460e-02  1.408460e-02  1.408460e-02  9.642781e-03  9.642781e-03  9.642781e-03  9.642747e-03
2.000000e+03  5.000000e-17  3.520036e-03  3.520036e-03  3.520036e-03  3.520036e-03  2.131419e-03  2.131419e-03  2.131419e-03  2.131412e-03
2.000000e+03  7.000000e-17  1.457044e-03  1.457044e-03  1.457044e-03  1.457044e-03  8.680553e-04  8.680553e-04  8.680553e-04  8.680528e-04
2.000000e+03  1.000000e-16  4.069043e-04  4.069043e-04  4.069043e-04  4.069043e-04  2.387052e-04  2.387052e-04  2.387052e-04  2.387047e-04
2.000000e+03  1.000000e-15  5.918223e-17  5.918223e-17  5.918223e-17  5.918223e-17  3.823691e-17  3.823691e-17  3.823691e-17  3.823691e-17
2.000000e+03  1.000000e-14  0.000000e+00  0.000000e+00  0.000000e+00  0.000000e+00  0.000000e+00  0.000000e+00  0.000000e+00  0.000000e+00
2.000000e+03  1.000000e-12  0.000000e+00  0.000000e+00  0.000000e+00  0.000000e+00  0.000000e+00  0.000000e+00  0.000000e+00  0.000000e+00
2.000000e+03  1.000000e-10  0.000000e+00  0.000000e+00  0.000000e+00  0.000000e+00  0.000000e+00  0.000000e+00  0.000000e+00  0.000000e+00
2.200000e+03  1.000000e-22  1.501992e-02  1.501992e-02  1.501992e-02  1.501992e-02  1.513138e-02  1.513138e-02  1.513138e-02  1.513138e-02
2.200000e+03  1.000000e-20  1.501201e-02  1.501201e-02  1.501201e-02  1.501201e-02  1.511813e-02  1.511813e-02  1.511813e-02  1.511813e-02
2.200000e+03  1.000000e-19  1.494029e-02  1.494029e-02  1.494029e-02  1.494029e-02  1.499833e-02  1.499833e-02  1.499833e-02  1.499833e-02
2.200000e+03  2.000000e-19  1.486105e-02  1.486105e-02  1.486105e-02  1.486105e-02  1.486667e-02  1.486667e-02  1.486667e-02  1.486667e-02
2.200000e+03  5.000000e-19  1.462616e-02  1.462616e-02  1.462616e-02  1.462616e-02  1.448054e-02  1.448054e-02  1.448054e-02  1.448054e-02
2.200000e+03  7.000000e-19  1.447187e-02  1.447187e-02  1.447187e-02  1.447187e-02  1.423032e-02  1.423032e-02  1.423032e-02  1.423032e-02
2.200000e+03  1.000000e-18  1.424383e-02  1.424383e-02  1.424383e-02  1.424383e-02  1.386539e-02  1.386539e-02  1.386539e-02  1.386539e-02
2.200000e+03  2.000000e-18  1.351216e-02  1.351216e-02  1.351216e-02  1.351216e-02  1.273330e-02  1.273330e-02  1.273330e-02  1.273330e-02
2.200000e+03  5.000000e-18  1.155587e-02  1.155587e-02  1.155587e-02  1.155587e-02  9.984385e-03  9.984385e-03  9.984385e-03  9.984385e-03
2.200000e+03  7.000000e-18  1.042596e-02  1.042596e-02  1.042596e-02  1.042596e-02  8.570065e-03  8.570065e-03  8.570065e-03  8.570065e-03
2.200000e+03  1.000000e-17  8.951077e-03  8.951077e-03  8.951077e-03  8.951077e-03  6.900201e-03  6.900201e-03  6.900201e-03  6.900201e-03
2.200000e+03  2.000000e-17  5.452767e-03  5.452767e-03  5.452767e-03  5.452767e-03  3.643086e-03  3.643086e-03  3.643086e-03  3.643086e-03
2.200000e+03  5.000000e-17  1.326569e-03  1.326569e-03  1.326569e-03  1.326569e-03  7.844343e-04  7.844343e-04  7.844343e-04  7.844343e-04
2.200000e+03  7.000000e-17  5.368569e-04  5.368569e-04  5.368569e-04  5.368569e-04  3.162254e-04  3.162254e-04  3.162254e-04  3.162254e-04
2.200000e+03  1.000000e-16  1.438261e-04  1.438261e-04  1.438261e-04  1.438261e-04  8.605878e-05  8.605878e-05  8.605878e-05  8.605878e-05
2.200000e+03  1.000000e-15  1.258102e-17  1.258102e-17  1.258102e-17  1.258102e-17  3.766625e-18  3.766625e-18  3.766625e-18  3.766625e-18
2.200000e+03  1.000000e-14  0.000000e+00  0.000000e+00  0.000000e+00  0.000000e+00  0.000000e+00  0.000000e+00  0.000000e+00  0.000000e+00
2.200000e+03  1.000000e-12  0.000000e+00  0.000000e+00  0.000000e+00  0.000000e+00  0.000000e+00  0.000000e+00  0.000000e+00  0.000000e+00
2.200000e+03  1.000000e-10  0.000000e+00  0.000000e+00  0.000000e+00  0.000000e+00  0.000000e+00  0.000000e+00  0.000000e+00  0.000000e+00
