10000 10000 10000 3500 1e-22 0.0 0.0 0.0 0.0
10000 10000 10000 3500 1e-20 0.0 0.0 0.0 0.0
10000 10000 10000 3500 1e-19 0.0 0.0 0.0 0.0
10000 10000 10000 3500 2e-19 0.0 0.0 0.0 0.0
10000 10000 10000 3500 5e-19 0.0 0.0 0.0 0.0
10000 10000 10000 3500 7e-19 0.0 0.0 0.0 0.0
10000 10000 10000 3500 1e-18 0.0 0.0 0.0 0.0
10000 10000 10000 3500 2e-18 0.0 0.0 0.0 0.0
10000 10000 10000 3500 5e-18 0.0 0.0 0.0 0.0
10000 10000 10000 3500 7e-18 0.0 0.0 0.0 0.0
10000 10000 10000 3500 1e-17 0.0 0.0 0.0 0.0
10000 10000 10000 3500 2e-17 0.0 0.0 0.0 0.0
10000 10000 10000 3500 5e-17 0.0 0.0 0.0 0.0
10000 10000 10000 3500 7e-17 0.0 0.0 0.0 0.0
10000 10000 10000 3500 1e-16 0.0 0.0 0.0 0.0
10000 10000 10000 3500 1e-15 0.0 0.0 0.0 0.0
10000 10000 10000 3500 1e-14 0.0 0.0 0.0 0.0
10000 10000 10000 3500 1e-12 0.0 0.0 0.0 0.0
10000 10000 10000 3500 1e-10 0.0 0.0 0.0 0.0
