10000 10000 10000 500 1e-22 0.430728542116 0.430719912309 0.430217673727 0.428364351058
10000 10000 10000 500 1e-20 0.430565157533 0.430556533029 0.430054509947 0.428201912992
10000 10000 10000 500 1e-19 0.429082883654 0.429074307209 0.428574238752 0.426728225361
10000 10000 10000 500 2e-19 0.427442319145 0.427433795781 0.426935889711 0.425097162271
10000 10000 10000 500 5e-19 0.422560797941 0.422552431839 0.4220609539 0.420243901727
10000 10000 10000 500 7e-19 0.419339634313 0.419331371425 0.418844130186 0.417041377388
10000 10000 10000 500 1e-18 0.414557084633 0.414548974161 0.414068015828 0.412286488558
10000 10000 10000 500 2e-18 0.399032387671 0.399024765075 0.398564139314 0.396851469045
10000 10000 10000 500 5e-18 0.356077022912 0.356070693557 0.355665801291 0.354143279552
10000 10000 10000 500 7e-18 0.330205213348 0.330199620897 0.329827895894 0.328419607954
10000 10000 10000 500 1e-17 0.295093609043 0.295088963103 0.294761718824 0.293508061514
10000 10000 10000 500 2e-17 0.204090487009 0.204087977617 0.203872640005 0.203017063704
10000 10000 10000 500 5e-17 0.070877222706 0.0708768196099 0.070812103012 0.0705272186197
10000 10000 10000 500 7e-17 0.0362212263834 0.036221105409 0.0361909179132 0.0360494654352
10000 10000 10000 500 1e-16 0.0137780514855 0.0137780311558 0.0137679370973 0.0137164018563
10000 10000 10000 500 1e-15 1.76392475181e-11 1.76392475181e-11 1.76391388333e-11 1.76262444053e-11
10000 10000 10000 500 1e-14 1.68433524775e-61 1.68433524775e-61 1.68433524775e-61 1.68433524775e-61
10000 10000 10000 500 1e-12 0.0 0.0 0.0 0.0
10000 10000 10000 500 1e-10 0.0 0.0 0.0 0.0
