10000 10000 10000 50 1e-22 6.41439172972e-07 0.0 0.0 0.0
10000 10000 10000 50 1e-20 6.41420657513e-07 0.0 0.0 0.0
10000 10000 10000 50 1e-19 6.4125235967e-07 0.0 0.0 0.0
10000 10000 10000 50 2e-19 6.41065413857e-07 0.0 0.0 0.0
10000 10000 10000 50 5e-19 6.40504903358e-07 0.0 0.0 0.0
10000 10000 10000 50 7e-19 6.40131501985e-07 0.0 0.0 0.0
10000 10000 10000 50 1e-18 6.39571808045e-07 0.0 0.0 0.0
10000 10000 10000 50 2e-18 6.37709693471e-07 0.0 0.0 0.0
10000 10000 10000 50 5e-18 6.32155815956e-07 0.0 0.0 0.0
10000 10000 10000 50 7e-18 6.28480128845e-07 0.0 0.0 0.0
10000 10000 10000 50 1e-17 6.23006632533e-07 0.0 0.0 0.0
10000 10000 10000 50 2e-17 6.0510359729e-07 0.0 0.0 0.0
10000 10000 10000 50 5e-17 5.54422604359e-07 0.0 0.0 0.0
10000 10000 10000 50 7e-17 5.23016099787e-07 0.0 0.0 0.0
10000 10000 10000 50 1e-16 4.7921041862e-07 0.0 0.0 0.0
10000 10000 10000 50 1e-15 3.47425799412e-08 0.0 0.0 0.0
10000 10000 10000 50 1e-14 1.39386336784e-19 0.0 0.0 0.0
10000 10000 10000 50 1e-12 0.0 0.0 0.0 0.0
10000 10000 10000 50 1e-10 0.0 0.0 0.0 0.0
