10000 10000 10000 1700 1e-22 0.0963751124489 0.0963751124489 0.0963751124489 0.0963665437203
10000 10000 10000 1700 1e-20 0.096328368067 0.096328368067 0.096328368067 0.0963198044275
10000 10000 10000 1700 1e-19 0.0959045214284 0.0959045214284 0.0959045214284 0.0958960039111
10000 10000 10000 1700 2e-19 0.0954359015696 0.0954359015696 0.0954359015696 0.0954274349998
10000 10000 10000 1700 5e-19 0.0940445688957 0.0940445688957 0.0940445688957 0.0940362532977
10000 10000 10000 1700 7e-19 0.0931289870871 0.0931289870871 0.0931289870871 0.0931207705975
10000 10000 10000 1700 1e-18 0.0917733128782 0.0917733128782 0.0917733128782 0.0917652427803
10000 10000 10000 1700 2e-18 0.0874036462353 0.0874036462353 0.0874036462353 0.0873960450373
10000 10000 10000 1700 5e-18 0.0755695823666 0.0755695823666 0.0755695823666 0.075563226791
10000 10000 10000 1700 7e-18 0.0686334536053 0.0686334536053 0.0686334536053 0.0686278099772
10000 10000 10000 1700 1e-17 0.0594669659264 0.0594669659264 0.0594669659264 0.0594622398537
10000 10000 10000 1700 2e-17 0.0372007565382 0.0372007565382 0.0372007565382 0.0371981225242
10000 10000 10000 1700 5e-17 0.00978828082643 0.00978828082643 0.00978828082643 0.00978779427808
10000 10000 10000 1700 7e-17 0.00422782330836 0.00422782330836 0.00422782330836 0.00422765701779
10000 10000 10000 1700 1e-16 0.00127423803957 0.00127423803957 0.00127423803957 0.00127420251024
10000 10000 10000 1700 1e-15 5.10884633976e-15 5.10884633976e-15 5.10884633976e-15 5.10884633974e-15
10000 10000 10000 1700 1e-14 8.59683696085e-107 8.59683696085e-107 8.59683696085e-107 8.59683696085e-107
10000 10000 10000 1700 1e-12 0.0 0.0 0.0 0.0
10000 10000 10000 1700 1e-10 0.0 0.0 0.0 0.0
