10000 10000 10000 400 1e-22 0.378703534087 0.378674543181 0.377683644706 0.0
10000 10000 10000 400 1e-20 0.378563023544 0.378534047888 0.377543543807 0.0
10000 10000 10000 400 1e-19 0.377288226651 0.377259389264 0.376272462931 0.0
10000 10000 10000 400 2e-19 0.375877204452 0.375848519904 0.374865552735 0.0
10000 10000 10000 400 5e-19 0.371678119298 0.371649888322 0.370678697627 0.0
10000 10000 10000 400 7e-19 0.36890680161 0.368878868937 0.367915445807 0.0
10000 10000 10000 400 1e-18 0.364791447944 0.364763956701 0.363812061301 0.0
10000 10000 10000 400 2e-18 0.351426604877 0.351400534257 0.350486017248 0.0
10000 10000 10000 400 5e-18 0.314396411314 0.314374168896 0.313562720465 0.0
10000 10000 10000 400 7e-18 0.292053306945 0.292033292898 0.291283650209 0.0
10000 10000 10000 400 1e-17 0.261675616593 0.261658525816 0.260992397987 0.0
10000 10000 10000 400 2e-17 0.182569976878 0.18255984061 0.182107817693 0.0
10000 10000 10000 400 5e-17 0.0650965910006 0.0650944014167 0.0649461718814 0.0
10000 10000 10000 400 7e-17 0.0338307467397 0.033829936243 0.0337570527193 0.0
10000 10000 10000 400 1e-16 0.0131718590027 0.0131716691242 0.0131455270545 0.0
10000 10000 10000 400 1e-15 4.4700497707e-11 4.47004977068e-11 4.4698461984e-11 0.0
10000 10000 10000 400 1e-14 1.09185690304e-57 1.09185690304e-57 1.09185690304e-57 0.0
10000 10000 10000 400 1e-12 0.0 0.0 0.0 0.0
10000 10000 10000 400 1e-10 0.0 0.0 0.0 0.0
