10000 10000 10000 1050 1e-22 0.340711414872 0.340711414872 0.340694291218 0.340504946515
10000 10000 10000 1050 1e-20 0.340560314273 0.340560314273 0.34054320229 0.340353951563
10000 10000 10000 1050 1e-19 0.339189952171 0.339189952171 0.339172945907 0.338984547268
10000 10000 10000 1050 2e-19 0.337674234863 0.337674234863 0.337657345277 0.337469888688
10000 10000 10000 1050 5e-19 0.333170346316 0.333170346316 0.333153801843 0.332969141897
10000 10000 10000 1050 7e-19 0.330203441444 0.330203441444 0.330187123004 0.330004303171
10000 10000 10000 1050 1e-18 0.325805893552 0.325805893552 0.325789908215 0.325609812606
10000 10000 10000 1050 2e-18 0.311593632875 0.311593632875 0.311578708175 0.311407390219
10000 10000 10000 1050 5e-18 0.272790528151 0.272790528151 0.272778371159 0.2726307974
10000 10000 10000 1050 7e-18 0.249811281076 0.249811281076 0.249800670286 0.249666990918
10000 10000 10000 1050 1e-17 0.219134708785 0.219134708785 0.219126047311 0.21901069808
10000 10000 10000 1050 2e-17 0.142753778806 0.142753778806 0.14274933532 0.142678285689
10000 10000 10000 1050 5e-17 0.042210089207 0.042210089207 0.0422094384132 0.042191848739
10000 10000 10000 1050 7e-17 0.0196410704422 0.0196410704422 0.0196408782612 0.0196336479191
10000 10000 10000 1050 1e-16 0.00659417173559 0.00659417173559 0.00659413854572 0.00659212901061
10000 10000 10000 1050 1e-15 8.09702399992e-13 8.09702399992e-13 8.09702399992e-13 8.09702148568e-13
10000 10000 10000 1050 1e-14 3.79259507976e-81 3.79259507976e-81 3.79259507976e-81 3.79259507976e-81
10000 10000 10000 1050 1e-12 0.0 0.0 0.0 0.0
10000 10000 10000 1050 1e-10 0.0 0.0 0.0 0.0
