10000 10000 10000 3000 1e-22 0.000883398413867 0.000883398413867 0.000883398413867 0.000883398413867
10000 10000 10000 3000 1e-20 0.000882761807834 0.000882761807834 0.000882761807834 0.000882761807834
10000 10000 10000 3000 1e-19 0.000876995731193 0.000876995731193 0.000876995731193 0.000876995731193
10000 10000 10000 3000 2e-19 0.000870633665296 0.000870633665296 0.000870633665296 0.000870633665296
10000 10000 10000 3000 5e-19 0.000851826288931 0.000851826288931 0.000851826288931 0.000851826288931
10000 10000 10000 3000 7e-19 0.000839516958709 0.000839516958709 0.000839516958709 0.000839516958709
10000 10000 10000 3000 1e-18 0.000821389598352 0.000821389598352 0.000821389598352 0.000821389598352
10000 10000 10000 3000 2e-18 0.000763776568773 0.000763776568773 0.000763776568773 0.000763776568773
10000 10000 10000 3000 5e-18 0.000614308246311 0.000614308246311 0.000614308246311 0.000614308246311
10000 10000 10000 3000 7e-18 0.000531466500201 0.000531466500201 0.000531466500201 0.000531466500201
10000 10000 10000 3000 1e-17 0.00042788715686 0.00042788715686 0.00042788715686 0.00042788715686
10000 10000 10000 3000 2e-17 0.000208680461726 0.000208680461726 0.000208680461726 0.000208680461726
10000 10000 10000 3000 5e-17 2.53559908516e-05 2.53559908516e-05 2.53559908516e-05 2.53559908516e-05
10000 10000 10000 3000 7e-17 6.49287677828e-06 6.49287677828e-06 6.49287677828e-06 6.49287677828e-06
10000 10000 10000 3000 1e-16 9.00983402934e-07 9.00983402934e-07 9.00983402934e-07 9.00983402934e-07
10000 10000 10000 3000 1e-15 1.82073386723e-28 1.82073386723e-28 1.82073386723e-28 1.82073386723e-28
10000 10000 10000 3000 1e-14 8.02612311898e-237 8.02612311898e-237 8.02612311898e-237 8.02612311898e-237
10000 10000 10000 3000 1e-12 0.0 0.0 0.0 0.0
10000 10000 10000 3000 1e-10 0.0 0.0 0.0 0.0
