10000 10000 10000 450 1e-22 0.403410097394 0.403395256185 0.402757627912 0.0
10000 10000 10000 450 1e-20 0.403258430324 0.403243598135 0.402606229863 0.0
10000 10000 10000 450 1e-19 0.401882445208 0.401867694765 0.401232684978 0.0
10000 10000 10000 450 2e-19 0.400359486147 0.400344826 0.39971242588 0.0
10000 10000 10000 450 5e-19 0.395827689456 0.395813296859 0.395188657587 0.0
10000 10000 10000 450 7e-19 0.392837122221 0.392822905246 0.392203383606 0.0
10000 10000 10000 450 1e-18 0.388396683203 0.388382725608 0.387770797058 0.0
10000 10000 10000 450 2e-18 0.373980292883 0.373967165863 0.373379841689 0.0
10000 10000 10000 450 5e-18 0.334072265161 0.334061342351 0.333541729127 0.0
10000 10000 10000 450 7e-18 0.310020552782 0.310010887877 0.309531776072 0.0
10000 10000 10000 450 1e-17 0.277357680605 0.277349633889 0.276925115111 0.0
10000 10000 10000 450 2e-17 0.192552552822 0.192548173127 0.192262768988 0.0
10000 10000 10000 450 5e-17 0.0676977501591 0.067697027793 0.067605791677 0.0
10000 10000 10000 450 7e-17 0.0348922918252 0.0348920705879 0.0348478667116 0.0
10000 10000 10000 450 1e-16 0.0134421818712 0.0134421434057 0.0134265789287 0.0
10000 10000 10000 450 1e-15 2.10574297392e-11 2.10574297392e-11 2.10568188474e-11 0.0
10000 10000 10000 450 1e-14 1.86142806984e-60 1.86142806984e-60 1.86142806984e-60 0.0
10000 10000 10000 450 1e-12 0.0 0.0 0.0 0.0
10000 10000 10000 450 1e-10 0.0 0.0 0.0 0.0
