10000 10000 10000 1150 1e-22 0.292011080898 0.292011080898 0.292005908022 0.291899087002
10000 10000 10000 1150 1e-20 0.291878578065 0.291878578065 0.291873408653 0.291766640247
10000 10000 10000 1150 1e-19 0.290676941555 0.290676941555 0.290671803527 0.290565512198
10000 10000 10000 1150 2e-19 0.289347970132 0.289347970132 0.289342866749 0.289237102903
10000 10000 10000 1150 5e-19 0.285399759585 0.285399759585 0.285394758719 0.285290561036
10000 10000 10000 1150 7e-19 0.282799539312 0.282799539312 0.282794605628 0.282691438626
10000 10000 10000 1150 1e-18 0.278946431205 0.278946431205 0.278941596579 0.278839955746
10000 10000 10000 1150 2e-18 0.266501567975 0.266501567975 0.266497049202 0.266400328082
10000 10000 10000 1150 5e-18 0.232588810971 0.232588810971 0.23258511977 0.232501724691
10000 10000 10000 1150 7e-18 0.212554523035 0.212554523035 0.212551296471 0.212475711823
10000 10000 10000 1150 1e-17 0.185873151727 0.185873151727 0.185870513553 0.185805247306
10000 10000 10000 1150 2e-17 0.119829774651 0.119829774651 0.119828421021 0.119788162854
10000 10000 10000 1150 5e-17 0.0343149250958 0.0343149250958 0.0343147368169 0.0343047885013
10000 10000 10000 1150 7e-17 0.0156197606548 0.0156197606548 0.0156197091236 0.0156156399175
10000 10000 10000 1150 1e-16 0.00507170510511 0.00507170510511 0.00507169755679 0.00507058069979
10000 10000 10000 1150 1e-15 3.10796301099e-13 3.10796301099e-13 3.10796301099e-13 3.1079628733e-13
10000 10000 10000 1150 1e-14 4.03952928966e-85 4.03952928966e-85 4.03952928966e-85 4.03952928966e-85
10000 10000 10000 1150 1e-12 0.0 0.0 0.0 0.0
10000 10000 10000 1150 1e-10 0.0 0.0 0.0 0.0
