10000 10000 10000 850 1e-22 0.421980478616 0.421980478616 0.421921500653 0.421547267252
10000 10000 10000 850 1e-20 0.421797164828 0.421797164828 0.4217382208 0.421364161015
10000 10000 10000 850 1e-19 0.420134577254 0.420134577254 0.420075940812 0.419703455475
10000 10000 10000 850 2e-19 0.418295474853 0.418295474853 0.418237178234 0.417866434121
10000 10000 10000 850 5e-19 0.412829643225 0.412829643225 0.412772353951 0.412406782395
10000 10000 10000 850 7e-19 0.409228225041 0.409228225041 0.409171597353 0.408809432007
10000 10000 10000 850 1e-18 0.403888958754 0.403888958754 0.403833308723 0.403476190314
10000 10000 10000 850 2e-18 0.386622817201 0.386622817201 0.386570302273 0.386229480074
10000 10000 10000 850 5e-18 0.339395829875 0.339395829875 0.339351673017 0.339055216892
10000 10000 10000 850 7e-18 0.311363063764 0.311363063764 0.311323706418 0.311053423924
10000 10000 10000 850 1e-17 0.273855508581 0.273855508581 0.273822365777 0.273586886131
10000 10000 10000 850 2e-17 0.179950009691 0.179950009691 0.179931202387 0.179781454803
10000 10000 10000 850 5e-17 0.0545099837527 0.0545099837527 0.0545063551551 0.0544655211563
10000 10000 10000 850 7e-17 0.0257505886081 0.0257505886081 0.0257493253403 0.0257313789553
10000 10000 10000 850 1e-16 0.00883884472932 0.00883884472932 0.00883856983379 0.00883303035645
10000 10000 10000 850 1e-15 2.64066087433e-12 2.64066087433e-12 2.64066083543e-12 2.64062475845e-12
10000 10000 10000 850 1e-14 1.88403635212e-70 1.88403635212e-70 1.88403635212e-70 1.88403635212e-70
10000 10000 10000 850 1e-12 0.0 0.0 0.0 0.0
10000 10000 10000 850 1e-10 0.0 0.0 0.0 0.0
