10000 10000 10000 1000 1e-22 0.358302829456 0.358302829456 0.35828423413 0.358074998777
10000 10000 10000 1000 1e-20 0.358144506011 0.358144506011 0.358125922443 0.357916786984
10000 10000 10000 1000 1e-19 0.356708630117 0.356708630117 0.35669015309 0.356481923484
10000 10000 10000 1000 2e-19 0.35512043239 0.35512043239 0.355102073006 0.354894845115
10000 10000 10000 1000 5e-19 0.350401061762 0.350401061762 0.350383050716 0.350178797979
10000 10000 10000 1000 7e-19 0.347292118987 0.347292118987 0.347274336388 0.347072042357
10000 10000 10000 1000 1e-18 0.342683908162 0.342683908162 0.342666462669 0.342467070111
10000 10000 10000 1000 2e-18 0.327789688002 0.327789688002 0.32777331955 0.32758328963
10000 10000 10000 1000 5e-18 0.287115208678 0.287115208678 0.287101679712 0.286937088384
10000 10000 10000 1000 7e-18 0.263020464859 0.263020464859 0.263008543189 0.262858919581
10000 10000 10000 1000 1e-17 0.230844987159 0.230844987159 0.230835117707 0.230705342593
10000 10000 10000 1000 2e-17 0.150668989651 0.150668989651 0.150663696157 0.150582464506
10000 10000 10000 1000 5e-17 0.0448636596087 0.0448636596087 0.0448627949799 0.0448418161783
10000 10000 10000 1000 7e-17 0.0209985768618 0.0209985768618 0.020998307664 0.020989451041
10000 10000 10000 1000 1e-16 0.00712630949733 0.00712630949733 0.007126260333 0.00712369415862
10000 10000 10000 1000 1e-15 1.07843972121e-12 1.07843972121e-12 1.07843972121e-12 1.07843876893e-12
10000 10000 10000 1000 1e-14 1.93869841598e-75 1.93869841598e-75 1.93869841598e-75 1.93869841598e-75
10000 10000 10000 1000 1e-12 0.0 0.0 0.0 0.0
10000 10000 10000 1000 1e-10 0.0 0.0 0.0 0.0
