10000 10000 10000 2400 1e-22 0.0079536042619 0.0079536042619 0.0079536042619 0.0079536042619
10000 10000 10000 2400 1e-20 0.00794933572084 0.00794933572084 0.00794933572084 0.00794933572084
10000 10000 10000 2400 1e-19 0.00791063889724 0.00791063889724 0.00791063889724 0.00791063889724
10000 10000 10000 2400 2e-19 0.00786786998182 0.00786786998182 0.00786786998182 0.00786786998182
10000 10000 10000 2400 5e-19 0.00774098699435 0.00774098699435 0.00774098699435 0.00774098699435
10000 10000 10000 2400 7e-19 0.00765757123475 0.00765757123475 0.00765757123475 0.00765757123475
10000 10000 10000 2400 1e-18 0.00753418016847 0.00753418016847 0.00753418016847 0.00753418016847
10000 10000 10000 2400 2e-18 0.00713746855595 0.00713746855595 0.00713746855595 0.00713746855595
10000 10000 10000 2400 5e-18 0.00607152897353 0.00607152897353 0.00607152897353 0.00607152897353
10000 10000 10000 2400 7e-18 0.00545326188817 0.00545326188817 0.00545326188817 0.00545326188817
10000 10000 10000 2400 1e-17 0.00464486745607 0.00464486745607 0.00464486745607 0.00464486745607
10000 10000 10000 2400 2e-17 0.0027356066433 0.0027356066433 0.0027356066433 0.0027356066433
10000 10000 10000 2400 5e-17 0.000585229570802 0.000585229570802 0.000585229570802 0.000585229570802
10000 10000 10000 2400 7e-17 0.000216575847892 0.000216575847892 0.000216575847892 0.000216575847892
10000 10000 10000 2400 1e-16 5.09020877583e-05 5.09020877583e-05 5.09020877583e-05 5.09020877583e-05
10000 10000 10000 2400 1e-15 1.01349765593e-20 1.01349765593e-20 1.01349765593e-20 1.01349765593e-20
10000 10000 10000 2400 1e-14 8.00375219238e-162 8.00375219238e-162 8.00375219238e-162 8.00375219238e-162
10000 10000 10000 2400 1e-12 0.0 0.0 0.0 0.0
10000 10000 10000 2400 1e-10 0.0 0.0 0.0 0.0
