10000 10000 10000 650 1e-22 0.448304238642 0.448304238642 0.448101640161 0.447293913976
10000 10000 10000 650 1e-20 0.448124699777 0.448124699777 0.44792220205 0.447114803249
10000 10000 10000 650 1e-19 0.44649605842 0.44649605842 0.446294474254 0.445490045205
10000 10000 10000 650 2e-19 0.444693893853 0.444693893853 0.444493319747 0.443692176804
10000 10000 10000 650 5e-19 0.439334015963 0.439334015963 0.439136440682 0.438345070688
10000 10000 10000 650 7e-19 0.435799252042 0.435799252042 0.43560365013 0.434818724952
10000 10000 10000 650 1e-18 0.430554129093 0.430554129093 0.430361449011 0.429586086629
10000 10000 10000 650 2e-18 0.413553314819 0.413553314819 0.413370051694 0.412625680876
10000 10000 10000 650 5e-18 0.366726364198 0.366726364198 0.366568593284 0.365909549853
10000 10000 10000 650 7e-18 0.338683914337 0.338683914337 0.338541071893 0.337933097204
10000 10000 10000 650 1e-17 0.30083826873 0.30083826873 0.30071513051 0.300176033135
10000 10000 10000 650 2e-17 0.204072231722 0.204072231722 0.203996727855 0.203633404372
10000 10000 10000 650 5e-17 0.0673836432799 0.0673836432799 0.0673653631179 0.0672484250961
10000 10000 10000 650 7e-17 0.0334848229358 0.0334848229358 0.0334774509297 0.0334205851277
10000 10000 10000 650 1e-16 0.0122961547848 0.0122961547848 0.0122941691085 0.012274074803
10000 10000 10000 650 1e-15 1.39020110885e-11 1.39020110885e-11 1.39020099387e-11 1.3901233397e-11
10000 10000 10000 650 1e-14 1.72154594272e-59 1.72154594272e-59 1.72154594272e-59 1.72154594272e-59
10000 10000 10000 650 1e-12 0.0 0.0 0.0 0.0
10000 10000 10000 650 1e-10 0.0 0.0 0.0 0.0
