10000 10000 10000 700 1e-22 0.450555494018 0.450555368289 0.450414718329 0.449754575302
10000 10000 10000 700 1e-20 0.450370819367 0.450370693715 0.450230116955 0.449570259457
10000 10000 10000 700 1e-19 0.448695673078 0.448695548122 0.448555634998 0.447898367217
10000 10000 10000 700 2e-19 0.446842223514 0.446842099326 0.446702919758 0.446048516793
10000 10000 10000 700 5e-19 0.44133090889 0.441330786979 0.441193784181 0.440547896429
10000 10000 10000 700 7e-19 0.437697175223 0.437697054806 0.437561483502 0.436921207177
10000 10000 10000 700 1e-18 0.4323065263 0.432306408091 0.432172954937 0.43154099896
10000 10000 10000 700 2e-18 0.4148451636 0.414845052461 0.414718414733 0.414113374687
10000 10000 10000 700 5e-18 0.366842332611 0.366842240247 0.366733960558 0.366202619547
10000 10000 10000 700 7e-18 0.338165671797 0.338165590152 0.338067993647 0.337580455142
10000 10000 10000 700 1e-17 0.299555703157 0.299555635304 0.29947205452 0.299043193383
10000 10000 10000 700 2e-17 0.201403646048 0.201403609429 0.201353427598 0.201071850718
10000 10000 10000 700 5e-17 0.0648900421236 0.064890036368 0.0648785538047 0.064794424545
10000 10000 10000 700 7e-17 0.0317800692934 0.0317800676171 0.0317755928409 0.0317365519221
10000 10000 10000 700 1e-16 0.0114519882351 0.0114519879716 0.0114508415254 0.0114379251331
10000 10000 10000 700 1e-15 1.08042607041e-11 1.08042607041e-11 1.08042606763e-11 1.08036004006e-11
10000 10000 10000 700 1e-14 3.10404439804e-58 3.10404439804e-58 3.10404439804e-58 3.10404439804e-58
10000 10000 10000 700 1e-12 0.0 0.0 0.0 0.0
10000 10000 10000 700 1e-10 0.0 0.0 0.0 0.0
