10000 10000 10000 750 1e-22 0.423538053619 0.423537802162 0.423436288085 0.422990411822
10000 10000 10000 750 1e-20 0.423364388437 0.423364137149 0.42326267783 0.422816996283
10000 10000 10000 750 1e-19 0.421789117381 0.421788867627 0.421687904717 0.421243989147
10000 10000 10000 750 2e-19 0.420046196042 0.420045947981 0.419945533711 0.419503571575
10000 10000 10000 750 5e-19 0.414863680242 0.414863437193 0.414764650537 0.414328493814
10000 10000 10000 750 7e-19 0.411446844483 0.411446604718 0.411348888058 0.410916556327
10000 10000 10000 750 1e-18 0.406378130499 0.406377895578 0.406281761633 0.405855100369
10000 10000 10000 750 2e-18 0.389960951466 0.389960731995 0.389869686134 0.389461359934
10000 10000 10000 750 5e-18 0.344839613349 0.344839434393 0.344762055629 0.344403863259
10000 10000 10000 750 7e-18 0.317892060984 0.317891904792 0.317822449569 0.317494003234
10000 10000 10000 750 1e-17 0.281619215169 0.281619087809 0.281559987272 0.281271325761
10000 10000 10000 750 2e-17 0.189451487092 0.18945142258 0.189416738614 0.189227596055
10000 10000 10000 750 5e-17 0.0612741931315 0.0612741847426 0.0612668396934 0.0612102626071
10000 10000 10000 750 7e-17 0.0301123261064 0.0301123239521 0.0301096143909 0.0300832190087
10000 10000 10000 750 1e-16 0.0109025966072 0.0109025963267 0.0109019555552 0.0108931161239
10000 10000 10000 750 1e-15 4.88208149048e-12 4.88208149048e-12 4.88208115071e-12 4.88189240837e-12
10000 10000 10000 750 1e-14 3.49193734833e-68 3.49193734833e-68 3.49193734833e-68 3.49193734833e-68
10000 10000 10000 750 1e-12 0.0 0.0 0.0 0.0
10000 10000 10000 750 1e-10 0.0 0.0 0.0 0.0
