10000 10000 10000 600 1e-22 0.467950882131 0.467949605549 0.467650879241 0.466475786335
10000 10000 10000 600 1e-20 0.467765596099 0.467764320383 0.467465733735 0.466291109529
10000 10000 10000 600 1e-19 0.466084774743 0.466083506867 0.465786186744 0.464615814377
10000 10000 10000 600 2e-19 0.464224773804 0.464223514583 0.463927595139 0.462761927941
10000 10000 10000 600 5e-19 0.458692277712 0.458691044098 0.458399285541 0.457247614132
10000 10000 10000 600 7e-19 0.455043175192 0.455041958357 0.454752939783 0.453610500028
10000 10000 10000 600 1e-18 0.449627650157 0.449626458059 0.449341499238 0.448212760429
10000 10000 10000 600 2e-18 0.432068338451 0.432067225209 0.431795374595 0.430711063816
10000 10000 10000 600 5e-18 0.383651640726 0.38365073389 0.383414564698 0.382452782733
10000 10000 10000 600 7e-18 0.354618352628 0.354617561512 0.354402436646 0.353514141739
10000 10000 10000 600 1e-17 0.315384824465 0.315384179652 0.31519702664 0.31440803907
10000 10000 10000 600 2e-17 0.214759780083 0.214759453154 0.214641108922 0.214106682225
10000 10000 10000 600 5e-17 0.0715306724456 0.0715306290071 0.0714991018251 0.0713250570699
10000 10000 10000 600 7e-17 0.0356835009103 0.0356834894522 0.0356699019514 0.0355846965897
10000 10000 10000 600 1e-16 0.0131540004198 0.0131539988455 0.0131499432095 0.0131195215674
10000 10000 10000 600 1e-15 1.38644834106e-11 1.38644834106e-11 1.38644792562e-11 1.38620103348e-11
10000 10000 10000 600 1e-14 4.80421448145e-61 4.80421448145e-61 4.80421448145e-61 4.80421448145e-61
10000 10000 10000 600 1e-12 0.0 0.0 0.0 0.0
10000 10000 10000 600 1e-10 0.0 0.0 0.0 0.0
