10000 10000 10000 950 1e-22 0.384351320023 0.384351320023 0.384321047918 0.384050439064
10000 10000 10000 950 1e-20 0.384182202148 0.384182202148 0.384151947743 0.3838814696
10000 10000 10000 950 1e-19 0.382648415635 0.382648415635 0.382618321648 0.382349028769
10000 10000 10000 950 2e-19 0.380951892929 0.380951892929 0.380921976163 0.380653993872
10000 10000 10000 950 5e-19 0.375910458547 0.375910458547 0.375881067045 0.375616976634
10000 10000 10000 950 7e-19 0.372589209194 0.372589209194 0.372560162603 0.37229863389
10000 10000 10000 950 1e-18 0.367666096154 0.367666096154 0.367637559161 0.367379824361
10000 10000 10000 950 2e-18 0.351752301006 0.351752301006 0.351725397406 0.351479898478
10000 10000 10000 950 5e-18 0.308278604288 0.308278604288 0.30825604891 0.308043742408
10000 10000 10000 950 7e-18 0.282514309861 0.282514309861 0.282494246569 0.282301431502
10000 10000 10000 950 1e-17 0.248094333398 0.248094333398 0.248077490583 0.247910474922
10000 10000 10000 950 2e-17 0.162231817747 0.162231817747 0.16222236583 0.162118184316
10000 10000 10000 950 5e-17 0.0485742905703 0.0485742905703 0.0485725401984 0.0485456880681
10000 10000 10000 950 7e-17 0.0228148798406 0.0228148798406 0.0228142913884 0.0228029021047
10000 10000 10000 950 1e-16 0.00777789697387 0.00777789697387 0.00777777725573 0.0077744315372
10000 10000 10000 950 1e-15 1.93293081727e-12 1.93293081727e-12 1.93293081727e-12 1.93292565396e-12
10000 10000 10000 950 1e-14 2.20967024784e-80 2.20967024784e-80 2.20967024784e-80 2.20967024784e-80
10000 10000 10000 950 1e-12 0.0 0.0 0.0 0.0
10000 10000 10000 950 1e-10 0.0 0.0 0.0 0.0
