10000 10000 10000 1300 1e-22 0.22589901985 0.22589901985 0.22589901985 0.225791931402
10000 10000 10000 1300 1e-20 0.225789717321 0.225789717321 0.225789717321 0.225682697332
10000 10000 10000 1300 1e-19 0.224798662802 0.224798662802 0.224798662802 0.224692263132
10000 10000 10000 1300 2e-19 0.223702975164 0.223702975164 0.223702975164 0.223597260463
10000 10000 10000 1300 5e-19 0.220450232598 0.220450232598 0.220450232598 0.220346546099
10000 10000 10000 1300 7e-19 0.218310018935 0.218310018935 0.218310018935 0.218207662608
10000 10000 10000 1300 1e-18 0.215141491144 0.215141491144 0.215141491144 0.215041097711
10000 10000 10000 1300 2e-18 0.204931976519 0.204931976519 0.204931976519 0.204837854667
10000 10000 10000 1300 5e-18 0.177308140817 0.177308140817 0.177308140817 0.177230552138
10000 10000 10000 1300 7e-18 0.161134392983 0.161134392983 0.161134392983 0.161066159426
10000 10000 10000 1300 1e-17 0.139777649608 0.139777649608 0.139777649608 0.139721351916
10000 10000 10000 1300 2e-17 0.0879590559682 0.0879590559682 0.0879590559682 0.0879292823256
10000 10000 10000 1300 5e-17 0.0239331272796 0.0239331272796 0.0239331272796 0.023928552775
10000 10000 10000 1300 7e-17 0.0106712922229 0.0106712922229 0.0106712922229 0.0106699343877
10000 10000 10000 1300 1e-16 0.00339789455536 0.00339789455536 0.00339789455536 0.00339766215338
10000 10000 10000 1300 1e-15 8.75991690523e-14 8.75991690523e-14 8.75991690523e-14 8.75991690506e-14
10000 10000 10000 1300 1e-14 8.49083283184e-91 8.49083283184e-91 8.49083283184e-91 8.49083283184e-91
10000 10000 10000 1300 1e-12 0.0 0.0 0.0 0.0
10000 10000 10000 1300 1e-10 0.0 0.0 0.0 0.0
