10000 10000 10000 1800 1e-22 0.0671808340468 0.0671808340468 0.0671808340468 0.0671794433562
10000 10000 10000 1800 1e-20 0.0671465124432 0.0671465124432 0.0671465124432 0.067145122683
10000 10000 10000 1800 1e-19 0.066835346835 0.066835346835 0.066835346835 0.0668339655039
10000 10000 10000 1800 2e-19 0.0664913944826 0.0664913944826 0.0664913944826 0.0664900224569
10000 10000 10000 1800 5e-19 0.0654707197949 0.0654707197949 0.0654707197949 0.0654693753089
10000 10000 10000 1800 7e-19 0.0647994823172 0.0647994823172 0.0647994823172 0.0647981558814
10000 10000 10000 1800 1e-18 0.0638062347732 0.0638062347732 0.0638062347732 0.0638049349567
10000 10000 10000 1800 2e-18 0.0606100328629 0.0606100328629 0.0606100328629 0.0606088179579
10000 10000 10000 1800 5e-18 0.0519973234809 0.0519973234809 0.0519973234809 0.0519963312899
10000 10000 10000 1800 7e-18 0.04698171588 0.04698171588 0.04698171588 0.0469808488661
10000 10000 10000 1800 1e-17 0.0403951525107 0.0403951525107 0.0403951525107 0.0403944441254
10000 10000 10000 1800 2e-17 0.0246431200083 0.0246431200083 0.0246431200083 0.0246427580467
10000 10000 10000 1800 5e-17 0.0060499469737 0.0060499469737 0.0060499469737 0.00604989749336
10000 10000 10000 1800 7e-17 0.00250928535737 0.00250928535737 0.00250928535737 0.00250927186847
10000 10000 10000 1800 1e-16 0.00071726925586 0.00071726925586 0.00071726925586 0.000717267227765
10000 10000 10000 1800 1e-15 6.58958700759e-16 6.58958700759e-16 6.58958700759e-16 6.58958700759e-16
10000 10000 10000 1800 1e-14 1.38121095907e-120 1.38121095907e-120 1.38121095907e-120 1.38121095907e-120
10000 10000 10000 1800 1e-12 0.0 0.0 0.0 0.0
10000 10000 10000 1800 1e-10 0.0 0.0 0.0 0.0
