10000 10000 10000 800 1e-22 0.453902751612 0.453902625884 0.45381177163 0.453368140143
10000 10000 10000 800 1e-20 0.453710597076 0.453710471431 0.45361966771 0.453176232489
10000 10000 10000 800 1e-19 0.451967718306 0.451967593419 0.451877247763 0.451435592596
10000 10000 10000 800 2e-19 0.450039571103 0.450039447054 0.449949607571 0.449509921427
10000 10000 10000 800 5e-19 0.444307666686 0.444307545114 0.444219206718 0.443785372427
10000 10000 10000 800 7e-19 0.440529754097 0.440529634149 0.440442282122 0.440012303504
10000 10000 10000 800 1e-18 0.434927082612 0.43492696506 0.434841071386 0.43441680883
10000 10000 10000 800 2e-18 0.416794580701 0.416794470794 0.416713259937 0.416307480574
10000 10000 10000 800 5e-18 0.367077481667 0.36707739184 0.36700871525 0.366653475582
10000 10000 10000 800 7e-18 0.337476161775 0.337476083253 0.33741464094 0.337089383486
10000 10000 10000 800 1e-17 0.29775241149 0.297752347315 0.29770031804 0.297415146177
10000 10000 10000 800 2e-17 0.197588165833 0.197588133076 0.197558071034 0.197372980996
10000 10000 10000 800 5e-17 0.0613408885754 0.0613408842192 0.0613347791422 0.0612815021175
10000 10000 10000 800 7e-17 0.0293500001926 0.0293499990576 0.029347802043 0.0293236907487
10000 10000 10000 800 1e-16 0.0102266694625 0.0102266693116 0.0102261676593 0.0102184691993
10000 10000 10000 800 1e-15 2.86464146195e-12 2.86464146195e-12 2.86464146184e-12 2.86454790327e-12
10000 10000 10000 800 1e-14 1.75346819375e-67 1.75346819375e-67 1.75346819375e-67 1.75346819375e-67
10000 10000 10000 800 1e-12 0.0 0.0 0.0 0.0
10000 10000 10000 800 1e-10 0.0 0.0 0.0 0.0
