10000 10000 10000 2600 1e-22 0.00681014200174 0.00681014200174 0.00681014200174 0.00681014200174
10000 10000 10000 2600 1e-20 0.00680619849636 0.00680619849636 0.00680619849636 0.00680619849636
10000 10000 10000 2600 1e-19 0.00677045590875 0.00677045590875 0.00677045590875 0.00677045590875
10000 10000 10000 2600 2e-19 0.00673096807952 0.00673096807952 0.00673096807952 0.00673096807952
10000 10000 10000 2600 5e-19 0.00661391862745 0.00661391862745 0.00661391862745 0.00661391862745
10000 10000 10000 2600 7e-19 0.00653704956456 0.00653704956456 0.00653704956456 0.00653704956456
10000 10000 10000 2600 1e-18 0.00642346332182 0.00642346332182 0.00642346332182 0.00642346332182
10000 10000 10000 2600 2e-18 0.00605927598586 0.00605927598586 0.00605927598586 0.00605927598586
10000 10000 10000 2600 5e-18 0.00508883965214 0.00508883965214 0.00508883965214 0.00508883965214
10000 10000 10000 2600 7e-18 0.00453194889291 0.00453194889291 0.00453194889291 0.00453194889291
10000 10000 10000 2600 1e-17 0.00381137328388 0.00381137328388 0.00381137328388 0.00381137328388
10000 10000 10000 2600 2e-17 0.00215233661428 0.00215233661428 0.00215233661428 0.00215233661428
10000 10000 10000 2600 5e-17 0.000407178708482 0.000407178708482 0.000407178708482 0.000407178708482
10000 10000 10000 2600 7e-17 0.000139191838548 0.000139191838548 0.000139191838548 0.000139191838548
10000 10000 10000 2600 1e-16 2.91671127645e-05 2.91671127645e-05 2.91671127645e-05 2.91671127645e-05
10000 10000 10000 2600 1e-15 9.22408184543e-22 9.22408184543e-22 9.22408184543e-22 9.22408184543e-22
10000 10000 10000 2600 1e-14 1.67710748456e-173 1.67710748456e-173 1.67710748456e-173 1.67710748456e-173
10000 10000 10000 2600 1e-12 0.0 0.0 0.0 0.0
10000 10000 10000 2600 1e-10 0.0 0.0 0.0 0.0
