10000 10000 10000 1350 1e-22 0.189333687589 0.189333687589 0.189333687589 0.18923299057
10000 10000 10000 1350 1e-20 0.189241649079 0.189241649079 0.189241649079 0.189141018472
10000 10000 10000 1350 1e-19 0.188407143065 0.188407143065 0.188407143065 0.188307114168
10000 10000 10000 1350 2e-19 0.187484561981 0.187484561981 0.187484561981 0.187385197387
10000 10000 10000 1350 5e-19 0.18474590344 0.18474590344 0.18474590344 0.184648505108
10000 10000 10000 1350 7e-19 0.182944095717 0.182944095717 0.182944095717 0.18284798632
10000 10000 10000 1350 1e-18 0.180276793149 0.180276793149 0.180276793149 0.180182584892
10000 10000 10000 1350 2e-18 0.171684153227 0.171684153227 0.171684153227 0.171596011775
10000 10000 10000 1350 5e-18 0.148449686191 0.148449686191 0.148449686191 0.148377478229
10000 10000 10000 1350 7e-18 0.13485627617 0.13485627617 0.13485627617 0.134793040079
10000 10000 10000 1350 1e-17 0.116919212522 0.116919212522 0.116919212522 0.116867368183
10000 10000 10000 1350 2e-17 0.0734628135895 0.0734628135895 0.0734628135895 0.07343598343
10000 10000 10000 1350 5e-17 0.0199265343204 0.0199265343204 0.0199265343204 0.019922690452
10000 10000 10000 1350 7e-17 0.00887052929092 0.00887052929092 0.00887052929092 0.00886944431659
10000 10000 10000 1350 1e-16 0.00281913831366 0.00281913831366 0.00281913831366 0.002818966791
10000 10000 10000 1350 1e-15 5.45412010263e-14 5.45412010263e-14 5.45412010263e-14 5.45412010259e-14
10000 10000 10000 1350 1e-14 2.73652740692e-101 2.73652740692e-101 2.73652740692e-101 2.73652740692e-101
10000 10000 10000 1350 1e-12 0.0 0.0 0.0 0.0
10000 10000 10000 1350 1e-10 0.0 0.0 0.0 0.0
