10000 10000 10000 250 1e-22 0.291182491261 0.29088756183 0.0 0.0
10000 10000 10000 250 1e-20 0.29107777033 0.290782962451 0.0 0.0
10000 10000 10000 250 1e-19 0.290127610915 0.289833905626 0.0 0.0
10000 10000 10000 250 2e-19 0.289075774803 0.288783289494 0.0 0.0
10000 10000 10000 250 5e-19 0.285944708733 0.285655851269 0.0 0.0
10000 10000 10000 250 7e-19 0.283877530152 0.283591064756 0.0 0.0
10000 10000 10000 250 1e-18 0.280806724389 0.280523807844 0.0 0.0
10000 10000 10000 250 2e-18 0.270825024518 0.270553605121 0.0 0.0
10000 10000 10000 250 5e-18 0.243092759241 0.242852959277 0.0 0.0
10000 10000 10000 250 7e-18 0.226302510487 0.22608160774 0.0 0.0
10000 10000 10000 250 1e-17 0.203399464219 0.20320401184 0.0 0.0
10000 10000 10000 250 2e-17 0.143291130304 0.143160387609 0.0 0.0
10000 10000 10000 250 5e-17 0.0522811443826 0.0522400975959 0.0 0.0
10000 10000 10000 250 7e-17 0.0274770425803 0.0274574508602 0.0 0.0
10000 10000 10000 250 1e-16 0.0108266002586 0.0108198881163 0.0 0.0
10000 10000 10000 250 1e-15 6.49709789391e-11 6.49709017979e-11 0.0 0.0
10000 10000 10000 250 1e-14 3.36226340061e-57 3.36226340061e-57 0.0 0.0
10000 10000 10000 250 1e-12 0.0 0.0 0.0 0.0
10000 10000 10000 250 1e-10 0.0 0.0 0.0 0.0
