10000 10000 10000 1600 1e-22 0.103917735254 0.103917735254 0.103917735254 0.103908376425
10000 10000 10000 1600 1e-20 0.103868374079 0.103868374079 0.103868374079 0.10385902024
10000 10000 10000 1600 1e-19 0.103420776597 0.103420776597 0.103420776597 0.103411468002
10000 10000 10000 1600 2e-19 0.102925847479 0.102925847479 0.102925847479 0.102916588889
10000 10000 10000 1600 5e-19 0.101456093898 0.101456093898 0.101456093898 0.101446983655
10000 10000 10000 1600 7e-19 0.10048865185 0.10048865185 0.10048865185 0.100479639133
10000 10000 10000 1600 1e-18 0.099055813775 0.099055813775 0.099055813775 0.0990469453173
10000 10000 10000 1600 2e-18 0.0944342976697 0.0944342976697 0.0944342976697 0.0944258930017
10000 10000 10000 1600 5e-18 0.0818924346595 0.0818924346595 0.0818924346595 0.0818852760838
10000 10000 10000 1600 7e-18 0.0745221857061 0.0745221857061 0.0745221857061 0.0745157498919
10000 10000 10000 1600 1e-17 0.0647570954101 0.0647570954101 0.0647570954101 0.0647516047377
10000 10000 10000 1600 2e-17 0.0408892468617 0.0408892468617 0.0408892468617 0.0408859904759
10000 10000 10000 1600 5e-17 0.0110220484749 0.0110220484749 0.0110220484749 0.0110213275276
10000 10000 10000 1600 7e-17 0.00482196058574 0.00482196058574 0.00482196058574 0.00482168546508
10000 10000 10000 1600 1e-16 0.00147443607869 0.00147443607869 0.00147443607869 0.00147436818177
10000 10000 10000 1600 1e-15 6.37979876759e-15 6.37979876759e-15 6.37979876759e-15 6.37979876668e-15
10000 10000 10000 1600 1e-14 5.0746850866e-107 5.0746850866e-107 5.0746850866e-107 5.0746850866e-107
10000 10000 10000 1600 1e-12 0.0 0.0 0.0 0.0
10000 10000 10000 1600 1e-10 0.0 0.0 0.0 0.0
