10000 10000 10000 200 1e-22 0.23177228918 0.231226006696 0.0 0.0
10000 10000 10000 200 1e-20 0.231689973404 0.231143899464 0.0 0.0
10000 10000 10000 200 1e-19 0.230943086036 0.230398904066 0.0 0.0
10000 10000 10000 200 2e-19 0.230116241342 0.229574153377 0.0 0.0
10000 10000 10000 200 5e-19 0.227654716151 0.227118858891 0.0 0.0
10000 10000 10000 200 7e-19 0.22602940952 0.225497663675 0.0 0.0
10000 10000 10000 200 1e-18 0.223614756257 0.223089114689 0.0 0.0
10000 10000 10000 200 2e-18 0.21576378448 0.215257957557 0.0 0.0
10000 10000 10000 200 5e-18 0.193933633684 0.19348262575 0.0 0.0
10000 10000 10000 200 7e-18 0.180703225991 0.180285228621 0.0 0.0
10000 10000 10000 200 1e-17 0.162637975454 0.162264766009 0.0 0.0
10000 10000 10000 200 2e-17 0.115108331229 0.114851095987 0.0 0.0
10000 10000 10000 200 5e-17 0.0426203002686 0.0425321346725 0.0 0.0
10000 10000 10000 200 7e-17 0.0226303093479 0.0225857514993 0.0 0.0
10000 10000 10000 200 1e-16 0.00905374712221 0.00903714522282 0.0 0.0
10000 10000 10000 200 1e-15 1.19590057882e-10 1.19589484657e-10 0.0 0.0
10000 10000 10000 200 1e-14 1.26429795342e-50 1.26429795342e-50 0.0 0.0
10000 10000 10000 200 1e-12 0.0 0.0 0.0 0.0
10000 10000 10000 200 1e-10 0.0 0.0 0.0 0.0
