10000 10000 10000 1900 1e-22 0.0407243585327 0.0407243585327 0.0407243585327 0.0407242115335
10000 10000 10000 1900 1e-20 0.0407040304743 0.0407040304743 0.0407040304743 0.0407038835498
10000 10000 10000 1900 1e-19 0.0405197213744 0.0405197213744 0.0405197213744 0.0405195751271
10000 10000 10000 1900 2e-19 0.0403159680931 0.0403159680931 0.0403159680931 0.0403158225946
10000 10000 10000 1900 5e-19 0.0397111827372 0.0397111827372 0.0397111827372 0.0397110394622
10000 10000 10000 1900 7e-19 0.0393133274343 0.0393133274343 0.0393133274343 0.0393131856228
10000 10000 10000 1900 1e-18 0.0387244275462 0.0387244275462 0.0387244275462 0.0387242879019
10000 10000 10000 1900 2e-18 0.0368278596878 0.0368278596878 0.0368278596878 0.0368277270311
10000 10000 10000 1900 5e-18 0.0317045931689 0.0317045931689 0.0317045931689 0.0317044794458
10000 10000 10000 1900 7e-18 0.0287115031371 0.0287115031371 0.0287115031371 0.0287114005099
10000 10000 10000 1900 1e-17 0.0247684790199 0.0247684790199 0.0247684790199 0.0247683910396
10000 10000 10000 1900 2e-17 0.015264764888 0.015264764888 0.015264764888 0.0152647122288
10000 10000 10000 1900 5e-17 0.00382067040817 0.00382067040817 0.00382067040817 0.0038206591137
10000 10000 10000 1900 7e-17 0.00158819689722 0.00158819689722 0.00158819689722 0.00158819284931
10000 10000 10000 1900 1e-16 0.000449033261098 0.000449033261098 0.000449033261098 0.000449032392276
10000 10000 10000 1900 1e-15 2.078959556e-16 2.078959556e-16 2.078959556e-16 2.078959556e-16
10000 10000 10000 1900 1e-14 6.6442193206e-126 6.6442193206e-126 6.6442193206e-126 6.6442193206e-126
10000 10000 10000 1900 1e-12 0.0 0.0 0.0 0.0
10000 10000 10000 1900 1e-10 0.0 0.0 0.0 0.0
