10000 10000 10000 1400 1e-22 0.152041970488 0.152041970488 0.152041970488 0.152008710998
10000 10000 10000 1400 1e-20 0.151970772615 0.151970772615 0.151970772615 0.151937535882
10000 10000 10000 1400 1e-19 0.151325157208 0.151325157208 0.151325157208 0.151292126633
10000 10000 10000 1400 2e-19 0.150611255699 0.150611255699 0.150611255699 0.150578452664
10000 10000 10000 1400 5e-19 0.148491141895 0.148491141895 0.148491141895 0.148459011973
10000 10000 10000 1400 7e-19 0.147095530911 0.147095530911 0.147095530911 0.147063841918
10000 10000 10000 1400 1e-18 0.145028428667 0.145028428667 0.145028428667 0.144997389568
10000 10000 10000 1400 2e-18 0.138360078239 0.138360078239 0.138360078239 0.138331109265
10000 10000 10000 1400 5e-18 0.120253573686 0.120253573686 0.120253573686 0.120230011896
10000 10000 10000 1400 7e-18 0.109604533013 0.109604533013 0.109604533013 0.109583994775
10000 10000 10000 1400 1e-17 0.0954818278474 0.0954818278474 0.0954818278474 0.0954651031895
10000 10000 10000 1400 2e-17 0.0608605754626 0.0608605754626 0.0608605754626 0.0608520964051
10000 10000 10000 1400 5e-17 0.0170107579127 0.0170107579127 0.0170107579127 0.0170095907786
10000 10000 10000 1400 7e-17 0.00766392968318 0.00766392968318 0.00766392968318 0.00766360197954
10000 10000 10000 1400 1e-16 0.00246471998794 0.00246471998794 0.00246471998794 0.00246466669312
10000 10000 10000 1400 1e-15 9.37279658744e-14 9.37279658744e-14 9.37279658744e-14 9.37279658742e-14
10000 10000 10000 1400 1e-14 1.31922481931e-90 1.31922481931e-90 1.31922481931e-90 1.31922481931e-90
10000 10000 10000 1400 1e-12 0.0 0.0 0.0 0.0
10000 10000 10000 1400 1e-10 0.0 0.0 0.0 0.0
