10000 10000 10000 1200 1e-22 0.273222574866 0.273222574866 0.273217344222 0.273129086088
10000 10000 10000 1200 1e-20 0.273096391244 0.273096391244 0.273091164089 0.273002953137
10000 10000 10000 1200 1e-19 0.271952120559 0.271952120559 0.271946925018 0.271859141799
10000 10000 10000 1200 2e-19 0.27068671676 0.27068671676 0.270681556122 0.270594245641
10000 10000 10000 1200 5e-19 0.266928123929 0.266928123929 0.266923066598 0.266837158575
10000 10000 10000 1200 7e-19 0.264453413562 0.264453413562 0.26444842395 0.264363437919
10000 10000 10000 1200 1e-18 0.260787222351 0.260787222351 0.260782332619 0.260698710401
10000 10000 10000 1200 2e-18 0.248953815772 0.248953815772 0.248949244743 0.248870007114
10000 10000 10000 1200 5e-18 0.216770728352 0.216770728352 0.216766994022 0.216699536433
10000 10000 10000 1200 7e-18 0.197805310693 0.197805310693 0.197802047156 0.197741421828
10000 10000 10000 1200 1e-17 0.172607412106 0.172607412106 0.172604745753 0.172553053915
10000 10000 10000 1200 2e-17 0.110583861476 0.110583861476 0.110582501655 0.110551918131
10000 10000 10000 1200 5e-17 0.0313218599973 0.0313218599973 0.0313216790871 0.031314972983
10000 10000 10000 1200 7e-17 0.0142378574903 0.0142378574903 0.0142378102197 0.0142352640533
10000 10000 10000 1200 1e-16 0.00464569657085 0.00464569657085 0.00464569023015 0.00464506070272
10000 10000 10000 1200 1e-15 2.78521500803e-13 2.78521500803e-13 2.78521500803e-13 2.7852150025e-13
10000 10000 10000 1200 1e-14 1.03561968985e-84 1.03561968985e-84 1.03561968985e-84 1.03561968985e-84
10000 10000 10000 1200 1e-12 0.0 0.0 0.0 0.0
10000 10000 10000 1200 1e-10 0.0 0.0 0.0 0.0
