10000 10000 10000 1100 1e-22 0.321560904139 0.321560904139 0.321550416723 0.321389040581
10000 10000 10000 1100 1e-20 0.321414104797 0.321414104797 0.321403624396 0.321242326853
10000 10000 10000 1100 1e-19 0.32008284856 0.32008284856 0.320072431716 0.319911846889
10000 10000 10000 1100 2e-19 0.318610588965 0.318610588965 0.318600242282 0.318440445538
10000 10000 10000 1100 5e-19 0.314237105407 0.314237105407 0.314226966352 0.314069509906
10000 10000 10000 1100 7e-19 0.311357152921 0.311357152921 0.311347149936 0.311191233943
10000 10000 10000 1100 1e-18 0.307090036051 0.307090036051 0.307080233717 0.306926599192
10000 10000 10000 1100 2e-18 0.293312238566 0.293312238566 0.293303076125 0.293156799925
10000 10000 10000 1100 5e-18 0.255801959857 0.255801959857 0.255794474801 0.255668160941
10000 10000 10000 1100 7e-18 0.233668200869 0.233668200869 0.233661658066 0.233547066473
10000 10000 10000 1100 1e-17 0.204223518132 0.204223518132 0.20421816903 0.204119091193
10000 10000 10000 1100 2e-17 0.131525473701 0.131525473701 0.131522732098 0.131461401906
10000 10000 10000 1100 5e-17 0.0378557161433 0.0378557161433 0.0378553381669 0.0378401219737
10000 10000 10000 1100 7e-17 0.0174017980145 0.0174017980145 0.017401695589 0.0173954816225
10000 10000 10000 1100 1e-16 0.00577771260808 0.00577771260808 0.00577769791962 0.00577600377368
10000 10000 10000 1100 1e-15 5.9278431002e-13 5.9278431002e-13 5.9278431002e-13 5.92784287239e-13
10000 10000 10000 1100 1e-14 1.68762385507e-80 1.68762385507e-80 1.68762385507e-80 1.68762385507e-80
10000 10000 10000 1100 1e-12 0.0 0.0 0.0 0.0
10000 10000 10000 1100 1e-10 0.0 0.0 0.0 0.0
