10000 10000 10000 550 1e-22 0.43552601454 0.435523316777 0.43515060372 0.433885380916
10000 10000 10000 550 1e-20 0.435357792353 0.435355096281 0.434982549838 0.433717829315
10000 10000 10000 550 1e-19 0.433831681087 0.433829000341 0.433457964996 0.432197800931
10000 10000 10000 550 2e-19 0.432142704865 0.432140041045 0.431770677169 0.430515555334
10000 10000 10000 550 5e-19 0.427117803957 0.427115190264 0.426750793627 0.425510669965
10000 10000 10000 550 7e-19 0.423802582694 0.423800001884 0.423438877822 0.422208646813
10000 10000 10000 550 1e-18 0.418881205501 0.41887867323 0.418522400416 0.417306851118
10000 10000 10000 550 2e-18 0.402912783478 0.402910406399 0.40256981726 0.401401874512
10000 10000 10000 550 5e-18 0.358788371197 0.358786404129 0.358488672895 0.357452015585
10000 10000 10000 550 7e-18 0.332257801536 0.332256067143 0.33198373942 0.331025819578
10000 10000 10000 550 1e-17 0.296313256702 0.296311820054 0.296073426016 0.295221916653
10000 10000 10000 550 2e-17 0.20354911937 0.203548349454 0.203394470659 0.202815882694
10000 10000 10000 550 5e-17 0.0693901963691 0.0693900739594 0.0693465952116 0.0691558177814
10000 10000 10000 550 7e-17 0.0350917580337 0.0350917213089 0.035072304056 0.0349779851393
10000 10000 10000 550 1e-16 0.0131791473155 0.0131791411289 0.0131730679752 0.0131388383789
10000 10000 10000 550 1e-15 1.54588250234e-11 1.54588250234e-11 1.54588094556e-11 1.5440879027e-11
10000 10000 10000 550 1e-14 1.09988089136e-58 1.09988089136e-58 1.09988089136e-58 1.09988089136e-58
10000 10000 10000 550 1e-12 0.0 0.0 0.0 0.0
10000 10000 10000 550 1e-10 0.0 0.0 0.0 0.0
