10000 10000 10000 2000 1e-22 0.0174116592217 0.0174116592217 0.0174116592217 0.0174116592217
10000 10000 10000 2000 1e-20 0.0174030910723 0.0174030910723 0.0174030910723 0.0174030910723
10000 10000 10000 2000 1e-19 0.0173254001343 0.0173254001343 0.0173254001343 0.0173254001343
10000 10000 10000 2000 2e-19 0.0172395007946 0.0172395007946 0.0172395007946 0.0172395007946
10000 10000 10000 2000 5e-19 0.01698445668 0.01698445668 0.01698445668 0.01698445668
10000 10000 10000 2000 7e-19 0.0168166150952 0.0168166150952 0.0168166150952 0.0168166150952
10000 10000 10000 2000 1e-18 0.0165680875299 0.0165680875299 0.0165680875299 0.0165680875299
10000 10000 10000 2000 2e-18 0.0157669538261 0.0157669538261 0.0157669538261 0.0157669538261
10000 10000 10000 2000 5e-18 0.0135969900939 0.0135969900939 0.0135969900939 0.0135969900939
10000 10000 10000 2000 7e-18 0.012325183117 0.012325183117 0.012325183117 0.012325183117
10000 10000 10000 2000 1e-17 0.0106449497917 0.0106449497917 0.0106449497917 0.0106449497917
10000 10000 10000 2000 2e-17 0.0065718155496 0.0065718155496 0.0065718155496 0.0065718155496
10000 10000 10000 2000 5e-17 0.0016286032496 0.0016286032496 0.0016286032496 0.0016286032496
10000 10000 10000 2000 7e-17 0.000667046993027 0.000667046993027 0.000667046993027 0.000667046993027
10000 10000 10000 2000 1e-16 0.0001832619932 0.0001832619932 0.0001832619932 0.0001832619932
10000 10000 10000 2000 1e-15 2.00101296599e-17 2.00101296599e-17 2.00101296599e-17 2.00101296599e-17
10000 10000 10000 2000 1e-14 6.32456796268e-135 6.32456796268e-135 6.32456796268e-135 6.32456796268e-135
10000 10000 10000 2000 1e-12 0.0 0.0 0.0 0.0
10000 10000 10000 2000 1e-10 0.0 0.0 0.0 0.0
