10000 10000 10000 2000 1e-22 0.0357674021146 0.0357674021146 0.0357674021146 0.0357674021146
10000 10000 10000 2000 1e-20 0.0357494676177 0.0357494676177 0.0357494676177 0.0357494676177
10000 10000 10000 2000 1e-19 0.035586874572 0.035586874572 0.035586874572 0.035586874572
10000 10000 10000 2000 2e-19 0.0354071581217 0.0354071581217 0.0354071581217 0.0354071581217
10000 10000 10000 2000 5e-19 0.0348739017057 0.0348739017057 0.0348739017057 0.0348739017057
10000 10000 10000 2000 7e-19 0.0345232481073 0.0345232481073 0.0345232481073 0.0345232481073
10000 10000 10000 2000 1e-18 0.0340044254434 0.0340044254434 0.0340044254434 0.0340044254434
10000 10000 10000 2000 2e-18 0.0323351884133 0.0323351884133 0.0323351884133 0.0323351884133
10000 10000 10000 2000 5e-18 0.0278373281158 0.0278373281158 0.0278373281158 0.0278373281158
10000 10000 10000 2000 7e-18 0.0252160295904 0.0252160295904 0.0252160295904 0.0252160295904
10000 10000 10000 2000 1e-17 0.0217681156634 0.0217681156634 0.0217681156634 0.0217681156634
10000 10000 10000 2000 2e-17 0.0134667180182 0.0134667180182 0.0134667180182 0.0134667180182
10000 10000 10000 2000 5e-17 0.00341105484597 0.00341105484597 0.00341105484597 0.00341105484597
10000 10000 10000 2000 7e-17 0.00142290543805 0.00142290543805 0.00142290543805 0.00142290543805
10000 10000 10000 2000 1e-16 0.000401489046166 0.000401489046166 0.000401489046166 0.000401489046166
10000 10000 10000 2000 1e-15 4.64270134838e-17 4.64270134838e-17 4.64270134838e-17 4.64270134838e-17
10000 10000 10000 2000 1e-14 9.6569859391e-135 9.6569859391e-135 9.6569859391e-135 9.6569859391e-135
10000 10000 10000 2000 1e-12 0.0 0.0 0.0 0.0
10000 10000 10000 2000 1e-10 0.0 0.0 0.0 0.0
