10000 10000 10000 2600 1e-22 0.0149860728443 0.0149860728443 0.0149860728443 0.0149860728443
10000 10000 10000 2600 1e-20 0.0149762275074 0.0149762275074 0.0149762275074 0.0149762275074
10000 10000 10000 2600 1e-19 0.0148870621739 0.0148870621739 0.0148870621739 0.0148870621739
10000 10000 10000 2600 2e-19 0.0147886990476 0.0147886990476 0.0147886990476 0.0147886990476
10000 10000 10000 2600 5e-19 0.0144980258758 0.0144980258758 0.0144980258758 0.0144980258758
10000 10000 10000 2600 7e-19 0.0143078591621 0.0143078591621 0.0143078591621 0.0143078591621
10000 10000 10000 2600 1e-18 0.0140279056627 0.0140279056627 0.0140279056627 0.0140279056627
10000 10000 10000 2600 2e-18 0.0131386684422 0.0131386684422 0.0131386684422 0.0131386684422
10000 10000 10000 2600 5e-18 0.0108301786583 0.0108301786583 0.0108301786583 0.0108301786583
10000 10000 10000 2600 7e-18 0.00954437750205 0.00954437750205 0.00954437750205 0.00954437750205
10000 10000 10000 2600 1e-17 0.00792120023401 0.00792120023401 0.00792120023401 0.00792120023401
10000 10000 10000 2600 2e-17 0.00434757092475 0.00434757092475 0.00434757092475 0.00434757092475
10000 10000 10000 2600 5e-17 0.000804230800747 0.000804230800747 0.000804230800747 0.000804230800747
10000 10000 10000 2600 7e-17 0.000274999258036 0.000274999258036 0.000274999258036 0.000274999258036
10000 10000 10000 2600 1e-16 5.78542114116e-05 5.78542114116e-05 5.78542114116e-05 5.78542114116e-05
10000 10000 10000 2600 1e-15 1.58189616814e-21 1.58189616814e-21 1.58189616814e-21 1.58189616814e-21
10000 10000 10000 2600 1e-14 3.131372786e-173 3.131372786e-173 3.131372786e-173 3.131372786e-173
10000 10000 10000 2600 1e-12 0.0 0.0 0.0 0.0
10000 10000 10000 2600 1e-10 0.0 0.0 0.0 0.0
