10000 10000 10000 950 1e-22 0.628387452703 0.628387452703 0.628349818782 0.628079618334
10000 10000 10000 950 1e-20 0.628174569038 0.628174569038 0.628136942594 0.627866735408
10000 10000 10000 950 1e-19 0.626241317089 0.626241317089 0.626203759104 0.625933496888
10000 10000 10000 950 2e-19 0.624097617739 0.624097617739 0.624060136839 0.623789826479
10000 10000 10000 950 5e-19 0.617694311209 0.617694311209 0.617657067757 0.617386693078
10000 10000 10000 950 7e-19 0.613448859708 0.613448859708 0.613411779491 0.613141426684
10000 10000 10000 950 1e-18 0.607116305006 0.607116305006 0.607079476611 0.606809249828
10000 10000 10000 950 2e-18 0.586323711671 0.586323711671 0.586287776426 0.586018717519
10000 10000 10000 950 5e-18 0.527004408621 0.527004408621 0.52697149918 0.526711458193
10000 10000 10000 950 7e-18 0.490106336363 0.490106336363 0.490075594897 0.489824830272
10000 10000 10000 950 1e-17 0.438783461919 0.438783461919 0.438756004301 0.438522045014
10000 10000 10000 950 2e-17 0.300616009564 0.300616009564 0.300598257326 0.300426807276
10000 10000 10000 950 5e-17 0.0954159226537 0.0954159226537 0.0954119907516 0.0953596956138
10000 10000 10000 950 7e-17 0.0453868115393 0.0453868115393 0.0453854184113 0.0453626182314
10000 10000 10000 950 1e-16 0.0155893677086 0.0155893677086 0.0155890697422 0.0155823354965
10000 10000 10000 950 1e-15 3.82916068763e-12 3.82916068763e-12 3.82916068763e-12 3.82915146698e-12
10000 10000 10000 950 1e-14 3.28356898132e-70 3.28356898132e-70 3.28356898132e-70 3.28356898132e-70
10000 10000 10000 950 1e-12 0.0 0.0 0.0 0.0
10000 10000 10000 950 1e-10 0.0 0.0 0.0 0.0
