10000 10000 10000 200 1e-22 0.356179157209 0.355604175091 0.0 0.0
10000 10000 10000 200 1e-20 0.356082764058 0.355507830089 0.0 0.0
10000 10000 10000 200 1e-19 0.355207126435 0.354632635423 0.0 0.0
10000 10000 10000 200 2e-19 0.35423560547 0.353661617588 0.0 0.0
10000 10000 10000 200 5e-19 0.351330053434 0.350757642567 0.0 0.0
10000 10000 10000 200 7e-19 0.349400634161 0.348829329417 0.0 0.0
10000 10000 10000 200 1e-18 0.346518133115 0.345948566649 0.0 0.0
10000 10000 10000 200 2e-18 0.337013648349 0.336450513957 0.0 0.0
10000 10000 10000 200 5e-18 0.309525341417 0.308986269031 0.0 0.0
10000 10000 10000 200 7e-18 0.292110325466 0.291590161646 0.0 0.0
10000 10000 10000 200 1e-17 0.267416885762 0.266927654119 0.0 0.0
10000 10000 10000 200 2e-17 0.197469810432 0.197088644742 0.0 0.0
10000 10000 10000 200 5e-17 0.0773802749948 0.0772277803921 0.0 0.0
10000 10000 10000 200 7e-17 0.0416099849213 0.0415299954723 0.0 0.0
10000 10000 10000 200 1e-16 0.0167588542207 0.0167283014353 0.0 0.0
10000 10000 10000 200 1e-15 2.77461753467e-10 2.77460135776e-10 0.0 0.0
10000 10000 10000 200 1e-14 2.88375917372e-49 2.88375917372e-49 0.0 0.0
10000 10000 10000 200 1e-12 0.0 0.0 0.0 0.0
10000 10000 10000 200 1e-10 0.0 0.0 0.0 0.0
