10000 10000 10000 1800 1e-22 0.148247730316 0.148247730316 0.148247730316 0.148244620282
10000 10000 10000 1800 1e-20 0.1481657501 0.1481657501 0.1481657501 0.14816264195
10000 10000 10000 1800 1e-19 0.14742287223 0.14742287223 0.14742287223 0.147419781147
10000 10000 10000 1800 2e-19 0.146602491249 0.146602491249 0.146602491249 0.146599419023
10000 10000 10000 1800 5e-19 0.144172772928 0.144172772928 0.144172772928 0.144169756603
10000 10000 10000 1800 7e-19 0.142578746488 0.142578746488 0.142578746488 0.14257576688
10000 10000 10000 1800 1e-18 0.140225599514 0.140225599514 0.140225599514 0.140222674164
10000 10000 10000 1800 2e-18 0.132697932256 0.132697932256 0.132697932256 0.132695180889
10000 10000 10000 1800 5e-18 0.112740505883 0.112740505883 0.112740505883 0.112738217798
10000 10000 10000 1800 7e-18 0.101327451533 0.101327451533 0.101327451533 0.101325428629
10000 10000 10000 1800 1e-17 0.0865580477125 0.0865580477125 0.0865580477125 0.08655636644
10000 10000 10000 1800 2e-17 0.0521316812994 0.0521316812994 0.0521316812994 0.0521307734254
10000 10000 10000 1800 5e-17 0.0127195558202 0.0127195558202 0.0127195558202 0.012719407132
10000 10000 10000 1800 7e-17 0.0052862945861 0.0052862945861 0.0052862945861 0.00528624764657
10000 10000 10000 1800 1e-16 0.00151532061924 0.00151532061924 0.00151532061924 0.00151531151941
10000 10000 10000 1800 1e-15 1.77200509244e-15 1.77200509244e-15 1.77200509244e-15 1.77200509244e-15
10000 10000 10000 1800 1e-14 3.35535260622e-114 3.35535260622e-114 3.35535260622e-114 3.35535260622e-114
10000 10000 10000 1800 1e-12 0.0 0.0 0.0 0.0
10000 10000 10000 1800 1e-10 0.0 0.0 0.0 0.0
