10000 10000 10000 1450 1e-22 0.253544745545 0.253544745545 0.253544745545 0.253502190858
10000 10000 10000 1450 1e-20 0.253419062459 0.253419062459 0.253419062459 0.253376533954
10000 10000 10000 1450 1e-19 0.252279777009 0.252279777009 0.252279777009 0.252237485824
10000 10000 10000 1450 2e-19 0.251020820642 0.251020820642 0.251020820642 0.250978791657
10000 10000 10000 1450 5e-19 0.247287142549 0.247287142549 0.247287142549 0.247245890857
10000 10000 10000 1450 7e-19 0.244833522358 0.244833522358 0.244833522358 0.244792781185
10000 10000 10000 1450 1e-18 0.241205370573 0.241205370573 0.241205370573 0.241165383822
10000 10000 10000 1450 2e-18 0.229549443228 0.229549443228 0.229549443228 0.229511875411
10000 10000 10000 1450 5e-18 0.198257641904 0.198257641904 0.198257641904 0.198226512106
10000 10000 10000 1450 7e-18 0.180084248117 0.180084248117 0.180084248117 0.180056799555
10000 10000 10000 1450 1e-17 0.156225680904 0.156225680904 0.156225680904 0.156202967509
10000 10000 10000 1450 2e-17 0.0987544210401 0.0987544210401 0.0987544210401 0.098742365813
10000 10000 10000 1450 5e-17 0.027424211974 0.027424211974 0.027424211974 0.0274223625132
10000 10000 10000 1450 7e-17 0.0123265553369 0.0123265553369 0.0123265553369 0.0123259968805
10000 10000 10000 1450 1e-16 0.00394285276532 0.00394285276532 0.00394285276532 0.00394274980951
10000 10000 10000 1450 1e-15 5.66230406219e-14 5.66230406219e-14 5.66230406219e-14 5.66230406205e-14
10000 10000 10000 1450 1e-14 8.13295059124e-103 8.13295059124e-103 8.13295059124e-103 8.13295059124e-103
10000 10000 10000 1450 1e-12 0.0 0.0 0.0 0.0
10000 10000 10000 1450 1e-10 0.0 0.0 0.0 0.0
