10000 10000 10000 50 1e-22 6.90514236304e-07 0.0 0.0 0.0
10000 10000 10000 50 1e-20 6.90492455104e-07 0.0 0.0 0.0
10000 10000 10000 50 1e-19 6.90294478672e-07 0.0 0.0 0.0
10000 10000 10000 50 2e-19 6.90074577701e-07 0.0 0.0 0.0
10000 10000 10000 50 5e-19 6.89415334539e-07 0.0 0.0 0.0
10000 10000 10000 50 7e-19 6.88976221917e-07 0.0 0.0 0.0
10000 10000 10000 50 1e-18 6.88318126598e-07 0.0 0.0 0.0
10000 10000 10000 50 2e-18 6.86129436899e-07 0.0 0.0 0.0
10000 10000 10000 50 5e-18 6.79608902782e-07 0.0 0.0 0.0
10000 10000 10000 50 7e-18 6.75299523228e-07 0.0 0.0 0.0
10000 10000 10000 50 1e-17 6.68891319842e-07 0.0 0.0 0.0
10000 10000 10000 50 2e-17 6.48005286484e-07 0.0 0.0 0.0
10000 10000 10000 50 5e-17 5.89489251207e-07 0.0 0.0 0.0
10000 10000 10000 50 7e-17 5.53671533946e-07 0.0 0.0 0.0
10000 10000 10000 50 1e-16 5.042673174e-07 0.0 0.0 0.0
10000 10000 10000 50 1e-15 3.48016711317e-08 0.0 0.0 0.0
10000 10000 10000 50 1e-14 1.39386336784e-19 0.0 0.0 0.0
10000 10000 10000 50 1e-12 0.0 0.0 0.0 0.0
10000 10000 10000 50 1e-10 0.0 0.0 0.0 0.0
