10000 10000 10000 400 1e-22 0.577812726977 0.57777937488 0.57692596653 0.0
10000 10000 10000 400 1e-20 0.577663073732 0.57762972529 0.576776231366 0.0
10000 10000 10000 400 1e-19 0.576302974706 0.576269660062 0.575415406334 0.0
10000 10000 10000 400 2e-19 0.574792592054 0.57475931617 0.573904256227 0.0
10000 10000 10000 400 5e-19 0.570267118117 0.570233965919 0.569376722502 0.0
10000 10000 10000 400 7e-19 0.567255240588 0.567222176796 0.566363668789 0.0
10000 10000 10000 400 1e-18 0.562745811728 0.562712889034 0.561852761139 0.0
10000 10000 10000 400 2e-18 0.547798193213 0.547765807851 0.546902532401 0.0
10000 10000 10000 400 5e-18 0.50397913866 0.50394883332 0.503093412402 0.0
10000 10000 10000 400 7e-18 0.475848160643 0.47581949048 0.474980288483 0.0
10000 10000 10000 400 1e-17 0.435586244325 0.435560192856 0.434756414351 0.0
10000 10000 10000 400 2e-17 0.320095477805 0.320077819249 0.319434124965 0.0
10000 10000 10000 400 5e-17 0.121773026416 0.121768697467 0.121515061124 0.0
10000 10000 10000 400 7e-17 0.0641083216632 0.0641067028029 0.0639774333144 0.0
10000 10000 10000 400 1e-16 0.025092695936 0.0250923222652 0.0250451663866 0.0
10000 10000 10000 400 1e-15 8.99728900121e-11 8.99728900119e-11 8.99699307851e-11 0.0
10000 10000 10000 400 1e-14 1.44974940241e-57 1.44974940241e-57 1.44974940241e-57 0.0
10000 10000 10000 400 1e-12 0.0 0.0 0.0 0.0
10000 10000 10000 400 1e-10 0.0 0.0 0.0 0.0
