10000 10000 10000 2400 1e-22 0.0178981693099 0.0178981693099 0.0178981693099 0.0178981693099
10000 10000 10000 2400 1e-20 0.0178868541957 0.0178868541957 0.0178868541957 0.0178868541957
10000 10000 10000 2400 1e-19 0.0177843668557 0.0177843668557 0.0177843668557 0.0177843668557
10000 10000 10000 2400 2e-19 0.0176712848312 0.0176712848312 0.0176712848312 0.0176712848312
10000 10000 10000 2400 5e-19 0.0173369756725 0.0173369756725 0.0173369756725 0.0173369756725
10000 10000 10000 2400 7e-19 0.0171181465681 0.0171181465681 0.0171181465681 0.0171181465681
10000 10000 10000 2400 1e-18 0.0167958307093 0.0167958307093 0.0167958307093 0.0167958307093
10000 10000 10000 2400 2e-18 0.0157706791795 0.0157706791795 0.0157706791795 0.0157706791795
10000 10000 10000 2400 5e-18 0.0130989239029 0.0130989239029 0.0130989239029 0.0130989239029
10000 10000 10000 2400 7e-18 0.0116033894176 0.0116033894176 0.0116033894176 0.0116033894176
10000 10000 10000 2400 1e-17 0.00970632899322 0.00970632899322 0.00970632899322 0.00970632899322
10000 10000 10000 2400 2e-17 0.00547813683641 0.00547813683641 0.00547813683641 0.00547813683641
10000 10000 10000 2400 5e-17 0.00111383490531 0.00111383490531 0.00111383490531 0.00111383490531
10000 10000 10000 2400 7e-17 0.000406937392047 0.000406937392047 0.000406937392047 0.000406937392047
10000 10000 10000 2400 1e-16 9.44975273258e-05 9.44975273258e-05 9.44975273258e-05 9.44975273258e-05
10000 10000 10000 2400 1e-15 6.73155485037e-20 6.73155485037e-20 6.73155485037e-20 6.73155485037e-20
10000 10000 10000 2400 1e-14 8.97627161372e-152 8.97627161372e-152 8.97627161372e-152 8.97627161372e-152
10000 10000 10000 2400 1e-12 0.0 0.0 0.0 0.0
10000 10000 10000 2400 1e-10 0.0 0.0 0.0 0.0
