10000 10000 10000 650 1e-22 0.672340609233 0.672340483505 0.672176720146 0.671526261944
10000 10000 10000 650 1e-20 0.672156730173 0.67215660452 0.67199282224 0.671342242232
10000 10000 10000 650 1e-19 0.670485521981 0.670485397021 0.670321447708 0.669669777701
10000 10000 10000 650 2e-19 0.668629546359 0.668629422165 0.668465297692 0.667812452904
10000 10000 10000 650 5e-19 0.663067986171 0.663067864244 0.662903278602 0.662247134351
10000 10000 10000 650 7e-19 0.659366123483 0.659366003045 0.659201161979 0.658543000907
10000 10000 10000 650 1e-18 0.653823137759 0.653823019519 0.653657870298 0.652996949287
10000 10000 10000 650 2e-18 0.635447371102 0.635447259906 0.63528168636 0.634613726332
10000 10000 10000 650 5e-18 0.581605661687 0.581605569203 0.581443202642 0.580770815969
10000 10000 10000 650 7e-18 0.547103841717 0.547103759924 0.546946224525 0.546281592499
10000 10000 10000 650 1e-17 0.497872136033 0.497872068004 0.497724250205 0.497082279844
10000 10000 10000 650 2e-17 0.358175920078 0.358175883269 0.358067295317 0.357545576678
10000 10000 10000 650 5e-17 0.127630563535 0.127630557705 0.127598879869 0.127391813399
10000 10000 10000 650 7e-17 0.0645749907387 0.0645749890317 0.0645617823596 0.0644564021883
10000 10000 10000 650 1e-16 0.0239870614149 0.0239870611445 0.0239834520102 0.0239451039497
10000 10000 10000 650 1e-15 2.16223164199e-11 2.16223164199e-11 2.16223143546e-11 2.16206659852e-11
10000 10000 10000 650 1e-14 1.7215460949e-59 1.7215460949e-59 1.7215460949e-59 1.7215460949e-59
10000 10000 10000 650 1e-12 0.0 0.0 0.0 0.0
10000 10000 10000 650 1e-10 0.0 0.0 0.0 0.0
