10000 10000 10000 1600 1e-22 0.220383999066 0.220383999066 0.220383999066 0.220366008754
10000 10000 10000 1600 1e-20 0.220268397295 0.220268397295 0.220268397295 0.220250415841
10000 10000 10000 1600 1e-19 0.219220737514 0.219220737514 0.219220737514 0.219202836389
10000 10000 10000 1600 2e-19 0.218063536393 0.218063536393 0.218063536393 0.218045724109
10000 10000 10000 1600 5e-19 0.214634753616 0.214634753616 0.214634753616 0.214617205253
10000 10000 10000 1600 7e-19 0.21238404098 0.21238404098 0.21238404098 0.212366666418
10000 10000 10000 1600 1e-18 0.209059626132 0.209059626132 0.209059626132 0.209042509091
10000 10000 10000 1600 2e-18 0.198409403028 0.198409403028 0.198409403028 0.198393117441
10000 10000 10000 1600 5e-18 0.170044197974 0.170044197974 0.170044197974 0.17003017379
10000 10000 10000 1600 7e-18 0.153723303867 0.153723303867 0.153723303867 0.153710610474
10000 10000 10000 1600 1e-17 0.132469741741 0.132469741741 0.132469741741 0.13245881104
10000 10000 10000 1600 2e-17 0.0821163341058 0.0821163341058 0.0821163341058 0.0821096825665
10000 10000 10000 1600 5e-17 0.0217012766453 0.0217012766453 0.0217012766453 0.0216997313563
10000 10000 10000 1600 7e-17 0.00945315255679 0.00945315255679 0.00945315255679 0.00945255126627
10000 10000 10000 1600 1e-16 0.00288461969641 0.00288461969641 0.00288461969641 0.0028844684168
10000 10000 10000 1600 1e-15 1.52266813973e-14 1.52266813973e-14 1.52266813973e-14 1.5226681395e-14
10000 10000 10000 1600 1e-14 8.66582565702e-107 8.66582565702e-107 8.66582565702e-107 8.66582565702e-107
10000 10000 10000 1600 1e-12 0.0 0.0 0.0 0.0
10000 10000 10000 1600 1e-10 0.0 0.0 0.0 0.0
