10000 10000 10000 300 1e-22 0.481544950502 0.481449813643 0.0 0.0
10000 10000 10000 300 1e-20 0.481424253177 0.481329106658 0.0 0.0
10000 10000 10000 300 1e-19 0.480327290831 0.480232058965 0.0 0.0
10000 10000 10000 300 2e-19 0.479109066983 0.479013745459 0.0 0.0
10000 10000 10000 300 5e-19 0.475458616108 0.475363057552 0.0 0.0
10000 10000 10000 300 7e-19 0.473028783253 0.47293309257 0.0 0.0
10000 10000 10000 300 1e-18 0.469390286343 0.469294434902 0.0 0.0
10000 10000 10000 300 2e-18 0.457324572492 0.457228487812 0.0 0.0
10000 10000 10000 300 5e-18 0.421896523209 0.421802023705 0.0 0.0
10000 10000 10000 300 7e-18 0.39909584349 0.39900381006 0.0 0.0
10000 10000 10000 300 1e-17 0.366369640466 0.366282657182 0.0 0.0
10000 10000 10000 300 2e-17 0.271749924935 0.271684082986 0.0 0.0
10000 10000 10000 300 5e-17 0.105772394339 0.105751335381 0.0 0.0
10000 10000 10000 300 7e-17 0.0563106871147 0.0563014156683 0.0 0.0
10000 10000 10000 300 1e-16 0.0223223482937 0.0223196206004 0.0 0.0
10000 10000 10000 300 1e-15 1.12486150002e-10 1.12486149213e-10 0.0 0.0
10000 10000 10000 300 1e-14 1.62709833913e-57 1.62709833913e-57 0.0 0.0
10000 10000 10000 300 1e-12 0.0 0.0 0.0 0.0
10000 10000 10000 300 1e-10 0.0 0.0 0.0 0.0
