10000 10000 10000 700 1e-22 0.67957758584 0.679572116602 0.679458832652 0.678880154274
10000 10000 10000 700 1e-20 0.679388032253 0.679382568887 0.67926927041 0.678690511573
10000 10000 10000 700 1e-19 0.67766531824 0.677659907976 0.677546481188 0.676967005728
10000 10000 10000 700 2e-19 0.675752285405 0.675746933535 0.675633372041 0.675053131373
10000 10000 10000 700 5e-19 0.670020647854 0.670015467395 0.66990155021 0.669319205801
10000 10000 10000 700 7e-19 0.666206323119 0.66620125386 0.666087138677 0.665503547516
10000 10000 10000 700 1e-18 0.660496049184 0.660491142245 0.660376786378 0.659791550586
10000 10000 10000 700 2e-18 0.641575123012 0.641570720372 0.641456013761 0.640867124777
10000 10000 10000 700 5e-18 0.586218353171 0.586215172104 0.586102742537 0.585516846892
10000 10000 10000 700 7e-18 0.550809809676 0.550807247446 0.550698312688 0.550123183882
10000 10000 10000 700 1e-17 0.500372017683 0.50037016449 0.500268248245 0.499718002333
10000 10000 10000 700 2e-17 0.357853640217 0.357853007099 0.357779081645 0.357343879516
10000 10000 10000 700 5e-17 0.125254932092 0.125254904089 0.125234119888 0.125072079155
10000 10000 10000 700 7e-17 0.0626376780585 0.0626376738988 0.0626291805551 0.062549684084
10000 10000 10000 700 1e-16 0.022882700715 0.0228827003589 0.022880438319 0.022852933575
10000 10000 10000 700 1e-15 1.79906655336e-11 1.79906655336e-11 1.7990665015e-11 1.79894840607e-11
10000 10000 10000 700 1e-14 3.10629605334e-58 3.10629605334e-58 3.10629605334e-58 3.10629605334e-58
10000 10000 10000 700 1e-12 0.0 0.0 0.0 0.0
10000 10000 10000 700 1e-10 0.0 0.0 0.0 0.0
