10000 10000 10000 2200 1e-22 0.0189575630887 0.0189575630887 0.0189575630887 0.0189575630887
10000 10000 10000 2200 1e-20 0.0189475347673 0.0189475347673 0.0189475347673 0.0189475347673
10000 10000 10000 2200 1e-19 0.0188566442791 0.0188566442791 0.0188566442791 0.0188566442791
10000 10000 10000 2200 2e-19 0.0187562354463 0.0187562354463 0.0187562354463 0.0187562354463
10000 10000 10000 2200 5e-19 0.0184586329979 0.0184586329979 0.0184586329979 0.0184586329979
10000 10000 10000 2200 7e-19 0.0182632082971 0.0182632082971 0.0182632082971 0.0182632082971
10000 10000 10000 2200 1e-18 0.0179744520914 0.0179744520914 0.0179744520914 0.0179744520914
10000 10000 10000 2200 2e-18 0.0170485769575 0.0170485769575 0.0170485769575 0.0170485769575
10000 10000 10000 2200 5e-18 0.0145773804897 0.0145773804897 0.0145773804897 0.0145773804897
10000 10000 10000 2200 7e-18 0.0131527524282 0.0131527524282 0.0131527524282 0.0131527524282
10000 10000 10000 2200 1e-17 0.0112957797167 0.0112957797167 0.0112957797167 0.0112957797167
10000 10000 10000 2200 2e-17 0.00689948827322 0.00689948827322 0.00689948827322 0.00689948827322
10000 10000 10000 2200 5e-17 0.00170538548026 0.00170538548026 0.00170538548026 0.00170538548026
10000 10000 10000 2200 7e-17 0.000699551717613 0.000699551717613 0.000699551717613 0.000699551717613
10000 10000 10000 2200 1e-16 0.000191442260431 0.000191442260431 0.000191442260431 0.000191442260431
10000 10000 10000 2200 1e-15 1.85411193353e-18 1.85411193353e-18 1.85411193353e-18 1.85411193353e-18
10000 10000 10000 2200 1e-14 1.95336310544e-144 1.95336310544e-144 1.95336310544e-144 1.95336310544e-144
10000 10000 10000 2200 1e-12 0.0 0.0 0.0 0.0
10000 10000 10000 2200 1e-10 0.0 0.0 0.0 0.0
