10000 10000 10000 1250 1e-22 0.469697586013 0.469697586013 0.469696795145 0.469554112693
10000 10000 10000 1250 1e-20 0.469491814348 0.469491814348 0.469491023577 0.469348396896
10000 10000 10000 1250 1e-19 0.467625342888 0.467625342888 0.467624553013 0.467482433369
10000 10000 10000 1250 2e-19 0.465560293539 0.465560293539 0.465559504703 0.465417948459
10000 10000 10000 1250 5e-19 0.459420380734 0.459420380734 0.459419595287 0.459279728991
10000 10000 10000 1250 7e-19 0.455372736459 0.455372736459 0.455371953487 0.455233213202
10000 10000 10000 1250 1e-18 0.449368926637 0.449368926637 0.449368147682 0.44923109469
10000 10000 10000 1250 2e-18 0.429929976811 0.429929976811 0.429929213615 0.429797758246
10000 10000 10000 1250 5e-18 0.376590160946 0.376590160946 0.376589460706 0.376474302174
10000 10000 10000 1250 7e-18 0.344829312515 0.344829312515 0.344828661713 0.344723746535
10000 10000 10000 1250 1e-17 0.302250140861 0.302250140861 0.302249567692 0.302158847409
10000 10000 10000 1250 2e-17 0.195582897929 0.195582897929 0.195582555702 0.195528367018
10000 10000 10000 1250 5e-17 0.0556791569277 0.0556791569277 0.055679103935 0.0556684070102
10000 10000 10000 1250 7e-17 0.0251836953066 0.0251836953066 0.025183681175 0.0251799829171
10000 10000 10000 1250 1e-16 0.00812667122987 0.00812667122987 0.00812666933813 0.00812586566486
10000 10000 10000 1250 1e-15 3.69350857257e-13 3.69350857257e-13 3.69350857257e-13 3.69350856856e-13
10000 10000 10000 1250 1e-14 1.87542580524e-80 1.87542580524e-80 1.87542580524e-80 1.87542580524e-80
10000 10000 10000 1250 1e-12 0.0 0.0 0.0 0.0
10000 10000 10000 1250 1e-10 0.0 0.0 0.0 0.0
