10000 10000 10000 1150 1e-22 0.521224347578 0.521224347578 0.521214945821 0.5210684844
10000 10000 10000 1150 1e-20 0.52101361929 0.52101361929 0.521004224169 0.520857799241
10000 10000 10000 1150 1e-19 0.51910150661 0.51910150661 0.519092171586 0.518946079195
10000 10000 10000 1150 2e-19 0.516984530072 0.516984530072 0.516975261344 0.516829540059
10000 10000 10000 1150 5e-19 0.51068136307 0.51068136307 0.510672290247 0.510527692065
10000 10000 10000 1150 7e-19 0.506518854572 0.506518854572 0.50650990991 0.506366068164
10000 10000 10000 1150 1e-18 0.500334093621 0.500334093621 0.500325337612 0.500182641204
10000 10000 10000 1150 2e-18 0.480222921852 0.480222921852 0.480214764853 0.480075965512
10000 10000 10000 1150 5e-18 0.424366670637 0.424366670637 0.424360064958 0.424233388511
10000 10000 10000 1150 7e-18 0.390643722222 0.390643722222 0.390637976087 0.390519464252
10000 10000 10000 1150 1e-17 0.344893947786 0.344893947786 0.344889278464 0.344782746698
10000 10000 10000 1150 2e-17 0.227538022315 0.227538022315 0.227535659468 0.227463752136
10000 10000 10000 1150 5e-17 0.0670256977315 0.0670256977315 0.0670253753341 0.0670058471306
10000 10000 10000 1150 7e-17 0.0307084637069 0.0307084637069 0.0307083763669 0.0307002800807
10000 10000 10000 1150 1e-16 0.0100275054267 0.0100275054267 0.0100274928429 0.0100252694003
10000 10000 10000 1150 1e-15 6.66561861333e-13 6.66561861333e-13 6.66561861333e-13 6.66561840281e-13
10000 10000 10000 1150 1e-14 4.00127222991e-80 4.00127222991e-80 4.00127222991e-80 4.00127222991e-80
10000 10000 10000 1150 1e-12 0.0 0.0 0.0 0.0
10000 10000 10000 1150 1e-10 0.0 0.0 0.0 0.0
