10000 10000 10000 1350 1e-22 0.357685715654 0.357685715654 0.357685715654 0.357550721103
10000 10000 10000 1350 1e-20 0.357513762376 0.357513762376 0.357513762376 0.357378839284
10000 10000 10000 1350 1e-19 0.355954645559 0.355954645559 0.355954645559 0.35582037088
10000 10000 10000 1350 2e-19 0.354230913511 0.354230913511 0.354230913511 0.354097356717
10000 10000 10000 1350 5e-19 0.349113648618 0.349113648618 0.349113648618 0.348982229159
10000 10000 10000 1350 7e-19 0.345746566245 0.345746566245 0.345746566245 0.345616557999
10000 10000 10000 1350 1e-18 0.340761568922 0.340761568922 0.340761568922 0.340633656853
10000 10000 10000 1350 2e-18 0.324697656083 0.324697656083 0.324697656083 0.324576550793
10000 10000 10000 1350 5e-18 0.281213800771 0.281213800771 0.281213800771 0.281111436189
10000 10000 10000 1350 7e-18 0.255732590329 0.255732590329 0.255732590329 0.255641339767
10000 10000 10000 1350 1e-17 0.222050357092 0.222050357092 0.222050357092 0.221973817673
10000 10000 10000 1350 2e-17 0.140085741339 0.140085741339 0.140085741339 0.140043982595
10000 10000 10000 1350 5e-17 0.0381679715156 0.0381679715156 0.0381679715156 0.0381616069616
10000 10000 10000 1350 7e-17 0.0169886362717 0.0169886362717 0.0169886362717 0.0169868176092
10000 10000 10000 1350 1e-16 0.00539654878428 0.00539654878428 0.00539654878428 0.00539626052784
10000 10000 10000 1350 1e-15 1.44191360862e-13 1.44191360862e-13 1.44191360862e-13 1.44191360862e-13
10000 10000 10000 1350 1e-14 7.96005665072e-99 7.96005665072e-99 7.96005665072e-99 7.96005665072e-99
10000 10000 10000 1350 1e-12 0.0 0.0 0.0 0.0
10000 10000 10000 1350 1e-10 0.0 0.0 0.0 0.0
