10000 10000 10000 1200 1e-22 0.493915948977 0.493915948977 0.493908407038 0.493785108054
10000 10000 10000 1200 1e-20 0.493705910702 0.493705910702 0.493698371879 0.493575106669
10000 10000 10000 1200 1e-19 0.491800479475 0.491800479475 0.491792968983 0.491670011508
10000 10000 10000 1200 2e-19 0.489691782109 0.489691782109 0.489684303135 0.489561689024
10000 10000 10000 1200 5e-19 0.48341873067 0.48341873067 0.483411346447 0.483289771051
10000 10000 10000 1200 7e-19 0.479280573489 0.479280573489 0.479273252566 0.479152376378
10000 10000 10000 1200 1e-18 0.473138509116 0.473138509116 0.473131283275 0.473011465129
10000 10000 10000 1200 2e-18 0.453219398839 0.453219398839 0.45321249011 0.453096265542
10000 10000 10000 1200 5e-18 0.398311589197 0.398311589197 0.398305612717 0.39820049138
10000 10000 10000 1200 7e-18 0.365446814502 0.365446814502 0.365441426411 0.365343710403
10000 10000 10000 1200 1e-17 0.321193309428 0.321193309428 0.321188734375 0.321101769693
10000 10000 10000 1200 2e-17 0.209374994773 0.209374994773 0.209372462955 0.209315729468
10000 10000 10000 1200 5e-17 0.0605215161579 0.0605215161579 0.0605211537159 0.0605070988237
10000 10000 10000 1200 7e-17 0.0276073446947 0.0276073446947 0.0276072493304 0.027601712134
10000 10000 10000 1200 1e-16 0.00901615633221 0.00901615633221 0.00901614357945 0.00901471994951
10000 10000 10000 1200 1e-15 6.4718686766e-13 6.4718686766e-13 6.4718686766e-13 6.47186862364e-13
10000 10000 10000 1200 1e-14 2.35416135568e-80 2.35416135568e-80 2.35416135568e-80 2.35416135568e-80
10000 10000 10000 1200 1e-12 0.0 0.0 0.0 0.0
10000 10000 10000 1200 1e-10 0.0 0.0 0.0 0.0
