10000 10000 10000 600 1e-22 0.677827018964 0.677825915359 0.677603287411 0.676729597482
10000 10000 10000 600 1e-20 0.677650713147 0.677649609981 0.677426935534 0.676553060783
10000 10000 10000 600 1e-19 0.676048040171 0.676046940997 0.675823851354 0.67494832025
10000 10000 10000 600 2e-19 0.674267556909 0.674266462171 0.674042926951 0.673165605441
10000 10000 10000 600 5e-19 0.668928355776 0.668927274352 0.668702499678 0.667820116519
10000 10000 10000 600 7e-19 0.665371338355 0.665370265808 0.66514474369 0.664259237923
10000 10000 10000 600 1e-18 0.660040604055 0.66003954482 0.659813015529 0.658923191572
10000 10000 10000 600 2e-18 0.642330063501 0.642329048507 0.642100083711 0.641198849168
10000 10000 10000 600 5e-18 0.59012434363 0.590123458138 0.589894157472 0.588981843388
10000 10000 10000 600 7e-18 0.556447111713 0.556446308116 0.556221105947 0.555316370654
10000 10000 10000 600 1e-17 0.508114958164 0.508114268564 0.507899425148 0.507021679918
10000 10000 10000 600 2e-17 0.369318338678 0.36931794323 0.369152331891 0.368430224622
10000 10000 10000 600 5e-17 0.134641973386 0.134641911984 0.134587013249 0.134292692633
10000 10000 10000 600 7e-17 0.0688463590063 0.0688463421767 0.0688214955495 0.0686696917117
10000 10000 10000 600 1e-16 0.0258739164416 0.0258739140575 0.0258662522024 0.0258100618095
10000 10000 10000 600 1e-15 3.42184570197e-11 3.42184570197e-11 3.42184498708e-11 3.42082847643e-11
10000 10000 10000 600 1e-14 9.75922652581e-60 9.75922652581e-60 9.75922652581e-60 9.75922652581e-60
10000 10000 10000 600 1e-12 0.0 0.0 0.0 0.0
10000 10000 10000 600 1e-10 0.0 0.0 0.0 0.0
