10000 10000 10000 1300 1e-22 0.427129433991 0.427129433991 0.427129433991 0.426980508865
10000 10000 10000 1300 1e-20 0.426934660786 0.426934660786 0.426934660786 0.426785794767
10000 10000 10000 1300 1e-19 0.425168197167 0.425168197167 0.425168197167 0.425019868746
10000 10000 10000 1300 2e-19 0.423214311195 0.423214311195 0.423214311195 0.423066580616
10000 10000 10000 1300 5e-19 0.41740812351 0.41740812351 0.41740812351 0.417262189114
10000 10000 10000 1300 7e-19 0.413583118302 0.413583118302 0.413583118302 0.413438383013
10000 10000 10000 1300 1e-18 0.407913422115 0.407913422115 0.407913422115 0.407770486888
10000 10000 10000 1300 2e-18 0.389588313531 0.389588313531 0.389588313531 0.389451374539
10000 10000 10000 1300 5e-18 0.339562814396 0.339562814396 0.339562814396 0.339443483748
10000 10000 10000 1300 7e-18 0.309961372388 0.309961372388 0.309961372388 0.309853174367
10000 10000 10000 1300 1e-17 0.270504961923 0.270504961923 0.270504961923 0.270412212404
10000 10000 10000 1300 2e-17 0.172897792323 0.172897792323 0.172897792323 0.172844495781
10000 10000 10000 1300 5e-17 0.048092919493 0.048092919493 0.048092919493 0.0480840333857
10000 10000 10000 1300 7e-17 0.0215478864012 0.0215478864012 0.0215478864012 0.0215452117598
10000 10000 10000 1300 1e-16 0.006874639342 0.006874639342 0.006874639342 0.00687417644227
10000 10000 10000 1300 1e-15 1.82053669458e-13 1.82053669458e-13 1.82053669458e-13 1.82053669455e-13
10000 10000 10000 1300 1e-14 1.13078671098e-90 1.13078671098e-90 1.13078671098e-90 1.13078671098e-90
10000 10000 10000 1300 1e-12 0.0 0.0 0.0 0.0
10000 10000 10000 1300 1e-10 0.0 0.0 0.0 0.0
