10000 10000 10000 500 1e-22 0.635270075638 0.635264681018 0.6348675454 0.633285399103
10000 10000 10000 500 1e-20 0.635114316821 0.635108920623 0.634711704328 0.633129302167
10000 10000 10000 500 1e-19 0.633698180928 0.633692770693 0.633294832608 0.631710141796
10000 10000 10000 500 2e-19 0.632124422513 0.632118997339 0.631720281626 0.630133126247
10000 10000 10000 500 5e-19 0.627401961559 0.627396495601 0.626995597715 0.625401534093
10000 10000 10000 500 7e-19 0.624253210291 0.624247720395 0.623845490154 0.622247215987
10000 10000 10000 500 1e-18 0.619530474045 0.619524952901 0.619120901597 0.617516885288
10000 10000 10000 500 2e-18 0.603807587562 0.603801999333 0.603393320407 0.601774844671
10000 10000 10000 500 5e-18 0.557188681356 0.557183159126 0.556771677216 0.55514617089
10000 10000 10000 500 7e-18 0.526912947951 0.526907622578 0.526501316288 0.524894626671
10000 10000 10000 500 1e-17 0.483199140113 0.483194238482 0.482802851581 0.481248906771
10000 10000 10000 500 2e-17 0.35597280599 0.355969575522 0.355655949115 0.354380041817
10000 10000 10000 500 5e-17 0.134276067089 0.134275466622 0.134157595432 0.133629948143
10000 10000 10000 500 7e-17 0.0699212977384 0.0699211186471 0.0698633376503 0.0695879419403
10000 10000 10000 500 1e-16 0.0268633962177 0.0268633673746 0.0268434427541 0.0267398360189
10000 10000 10000 500 1e-15 3.54106557806e-11 3.54106557806e-11 3.54104832701e-11 3.53890574131e-11
10000 10000 10000 500 1e-14 5.03558391494e-59 5.03558391494e-59 5.03558391494e-59 5.03558391494e-59
10000 10000 10000 500 1e-12 0.0 0.0 0.0 0.0
10000 10000 10000 500 1e-10 0.0 0.0 0.0 0.0
