10000 10000 10000 1500 1e-22 0.23926181556 0.23926181556 0.23926181556 0.239237877297
10000 10000 10000 1500 1e-20 0.239140891242 0.239140891242 0.239140891242 0.239116966387
10000 10000 10000 1500 1e-19 0.238044847027 0.238044847027 0.238044847027 0.23802104373
10000 10000 10000 1500 2e-19 0.236833892249 0.236833892249 0.236833892249 0.236810223311
10000 10000 10000 1500 5e-19 0.23324391947 0.23324391947 0.23324391947 0.233220649184
10000 10000 10000 1500 7e-19 0.230885833444 0.230885833444 0.230885833444 0.230862825277
10000 10000 10000 1500 1e-18 0.227400540941 0.227400540941 0.227400540941 0.227377920545
10000 10000 10000 1500 2e-18 0.216216419157 0.216216419157 0.216216419157 0.216195045554
10000 10000 10000 1500 5e-18 0.186287729824 0.186287729824 0.186287729824 0.186269702435
10000 10000 10000 1500 7e-18 0.168969953959 0.168969953959 0.168969953959 0.168953860635
10000 10000 10000 1500 1e-17 0.146304918795 0.146304918795 0.146304918795 0.146291340396
10000 10000 10000 1500 2e-17 0.0920270006409 0.0920270006409 0.0920270006409 0.0920192510158
10000 10000 10000 1500 5e-17 0.0252890432917 0.0252890432917 0.0252890432917 0.0252874831701
10000 10000 10000 1500 7e-17 0.0112900388039 0.0112900388039 0.0112900388039 0.0112894658396
10000 10000 10000 1500 1e-16 0.00357185611824 0.00357185611824 0.00357185611824 0.00357171857472
10000 10000 10000 1500 1e-15 5.81750703651e-14 5.81750703651e-14 5.81750703651e-14 5.81750703621e-14
10000 10000 10000 1500 1e-14 9.88299263986e-96 9.88299263986e-96 9.88299263986e-96 9.88299263986e-96
10000 10000 10000 1500 1e-12 0.0 0.0 0.0 0.0
10000 10000 10000 1500 1e-10 0.0 0.0 0.0 0.0
