10000 10000 10000 850 1e-22 0.6621330402 0.6621330402 0.66207313783 0.661736672988
10000 10000 10000 850 1e-20 0.661925496549 0.661925496549 0.661865600469 0.661529104293
10000 10000 10000 850 1e-19 0.660040049115 0.660040049115 0.659980211472 0.659643439154
10000 10000 10000 850 2e-19 0.657947911882 0.657947911882 0.657888141775 0.657551080872
10000 10000 10000 850 5e-19 0.651689660791 0.651689660791 0.651630109252 0.651292295122
10000 10000 10000 850 7e-19 0.647533071509 0.647533071509 0.647473678472 0.647135453304
10000 10000 10000 850 1e-18 0.641322408281 0.641322408281 0.641263271201 0.640924560964
10000 10000 10000 850 2e-18 0.620842894074 0.620842894074 0.620784752978 0.620445485612
10000 10000 10000 850 5e-18 0.561734375289 0.561734375289 0.561680202199 0.561347197136
10000 10000 10000 850 7e-18 0.524500771135 0.524500771135 0.524449746956 0.524125747423
10000 10000 10000 850 1e-17 0.47216887914 0.47216887914 0.472122886874 0.471816934683
10000 10000 10000 850 2e-17 0.328427758945 0.328427758945 0.328397570148 0.32816549802
10000 10000 10000 850 5e-17 0.107345287013 0.107345287013 0.107338543795 0.107261132371
10000 10000 10000 850 7e-17 0.0516892583451 0.0516892583451 0.0516868520907 0.0516511393546
10000 10000 10000 850 1e-16 0.017970214035 0.017970214035 0.0179696843383 0.0179582434577
10000 10000 10000 850 1e-15 4.88599455504e-12 4.88599455504e-12 4.88599449692e-12 4.88592899575e-12
10000 10000 10000 850 1e-14 1.88403635312e-70 1.88403635312e-70 1.88403635312e-70 1.88403635312e-70
10000 10000 10000 850 1e-12 0.0 0.0 0.0 0.0
10000 10000 10000 850 1e-10 0.0 0.0 0.0 0.0
