10000 10000 10000 1000 1e-22 0.597290034474 0.597290034474 0.597263477492 0.59704125246
10000 10000 10000 1000 1e-20 0.597077215897 0.597077215897 0.597050670088 0.596828457762
10000 10000 10000 1000 1e-19 0.595145060684 0.595145060684 0.595118616389 0.594896523417
10000 10000 10000 1000 2e-19 0.593003637404 0.593003637404 0.59297730579 0.592755353467
10000 10000 10000 1000 5e-19 0.586613688993 0.586613688993 0.586587694651 0.586366213691
10000 10000 10000 1000 7e-19 0.582382435459 0.582382435459 0.582356665263 0.582135538405
10000 10000 10000 1000 1e-18 0.576078825816 0.576078825816 0.576053390671 0.575832852191
10000 10000 10000 1000 2e-18 0.555444504765 0.555444504765 0.555420174646 0.555202053931
10000 10000 10000 1000 5e-18 0.497065183956 0.497065183956 0.497044024718 0.496836462495
10000 10000 10000 1000 7e-18 0.461078664453 0.461078664453 0.46105947079 0.460860834327
10000 10000 10000 1000 1e-17 0.411391163675 0.411391163675 0.411374666787 0.411190950483
10000 10000 10000 1000 2e-17 0.279436795657 0.279436795657 0.279427125446 0.279294615145
10000 10000 10000 1000 5e-17 0.0874507641734 0.0874507641734 0.0874489855496 0.0874089768146
10000 10000 10000 1000 7e-17 0.0413347519369 0.0413347519369 0.0413341774248 0.0413167458439
10000 10000 10000 1000 1e-16 0.0140702648703 0.0140702648703 0.0140701560074 0.0140650202388
10000 10000 10000 1000 1e-15 1.88602975046e-12 1.88602975046e-12 1.88602975046e-12 1.88602795871e-12
10000 10000 10000 1000 1e-14 3.86199920931e-74 3.86199920931e-74 3.86199920931e-74 3.86199920931e-74
10000 10000 10000 1000 1e-12 0.0 0.0 0.0 0.0
10000 10000 10000 1000 1e-10 0.0 0.0 0.0 0.0
