10000 10000 10000 100 1e-22 0.184266095596 0.0 0.0 0.0
10000 10000 10000 100 1e-20 0.18422002871 0.0 0.0 0.0
10000 10000 10000 100 1e-19 0.183801593666 0.0 0.0 0.0
10000 10000 10000 100 2e-19 0.183337417089 0.0 0.0 0.0
10000 10000 10000 100 5e-19 0.181949653448 0.0 0.0 0.0
10000 10000 10000 100 7e-19 0.181028470512 0.0 0.0 0.0
10000 10000 10000 100 1e-18 0.179652725699 0.0 0.0 0.0
10000 10000 10000 100 2e-18 0.175119765019 0.0 0.0 0.0
10000 10000 10000 100 5e-18 0.162021190152 0.0 0.0 0.0
10000 10000 10000 100 7e-18 0.153715219031 0.0 0.0 0.0
10000 10000 10000 100 1e-17 0.141903081275 0.0 0.0 0.0
10000 10000 10000 100 2e-17 0.107989698713 0.0 0.0 0.0
10000 10000 10000 100 5e-17 0.0464080425766 0.0 0.0 0.0
10000 10000 10000 100 7e-17 0.0264202800346 0.0 0.0 0.0
10000 10000 10000 100 1e-16 0.0115230573357 0.0 0.0 0.0
10000 10000 10000 100 1e-15 5.16288189899e-09 0.0 0.0 0.0
10000 10000 10000 100 1e-14 5.22757619442e-31 0.0 0.0 0.0
10000 10000 10000 100 1e-12 0.0 0.0 0.0 0.0
10000 10000 10000 100 1e-10 0.0 0.0 0.0 0.0
