10000 10000 10000 1050 1e-22 0.579696465224 0.579696465224 0.579661735739 0.579429232005
10000 10000 10000 1050 1e-20 0.579477688952 0.579477688952 0.579442988331 0.579210541264
10000 10000 10000 1050 1e-19 0.577492014172 0.577492014172 0.577457574633 0.577225643792
10000 10000 10000 1050 2e-19 0.575292468619 0.575292468619 0.575258316409 0.575026961372
10000 10000 10000 1050 5e-19 0.568736468761 0.568736468761 0.568703161421 0.568473547251
10000 10000 10000 1050 7e-19 0.564401271187 0.564401271187 0.564368513166 0.564140070198
10000 10000 10000 1050 1e-18 0.557951544579 0.557951544579 0.557919590301 0.557692918934
10000 10000 10000 1050 2e-18 0.536909902264 0.536909902264 0.536880461755 0.536659806503
10000 10000 10000 1050 5e-18 0.477923599015 0.477923599015 0.477900402015 0.47769841628
10000 10000 10000 1050 7e-18 0.441927118526 0.441927118526 0.441907219493 0.4417178179
10000 10000 10000 1050 1e-17 0.392634431118 0.392634431118 0.392618508834 0.392447634959
10000 10000 10000 1050 2e-17 0.263741063062 0.263741063062 0.263733143669 0.2636164469
10000 10000 10000 1050 5e-17 0.0808681824778 0.0808681824778 0.0808670126923 0.0808345159842
10000 10000 10000 1050 7e-17 0.0378812041129 0.0378812041129 0.0378808570453 0.0378672081065
10000 10000 10000 1050 1e-16 0.0127628509118 0.0127628509118 0.0127627917544 0.0127589634213
10000 10000 10000 1050 1e-15 1.3721532687e-12 1.3721532687e-12 1.3721532687e-12 1.37215221794e-12
10000 10000 10000 1050 1e-14 3.79346258488e-81 3.79346258488e-81 3.79346258488e-81 3.79346258488e-81
10000 10000 10000 1050 1e-12 0.0 0.0 0.0 0.0
10000 10000 10000 1050 1e-10 0.0 0.0 0.0 0.0
