10000 10000 10000 450 1e-22 0.588898835955 0.58888403798 0.588362319724 0.0
10000 10000 10000 450 1e-20 0.588746123295 0.588731325455 0.588209548699 0.0
10000 10000 10000 450 1e-19 0.587358191727 0.587343395572 0.586821098741 0.0
10000 10000 10000 450 2e-19 0.585816843746 0.585802050421 0.585279200342 0.0
10000 10000 10000 450 5e-19 0.581198239122 0.581183460159 0.58065910255 0.0
10000 10000 10000 450 7e-19 0.578124098517 0.578109333846 0.577584094836 0.0
10000 10000 10000 450 1e-18 0.573521049178 0.573506312681 0.572979930693 0.0
10000 10000 10000 450 2e-18 0.558259985927 0.558245396515 0.55771665954 0.0
10000 10000 10000 450 5e-18 0.513501034468 0.513487259473 0.512962603096 0.0
10000 10000 10000 450 7e-18 0.484755967856 0.484742937472 0.484228051829 0.0
10000 10000 10000 450 1e-17 0.443608723648 0.443596955918 0.4431038126 0.0
10000 10000 10000 450 2e-17 0.3256009767 0.325593382568 0.325199311931 0.0
10000 10000 10000 450 5e-17 0.123396702177 0.123395230545 0.123241333859 0.0
10000 10000 10000 450 7e-17 0.0648249071059 0.0648244476587 0.0647463769511 0.0
10000 10000 10000 450 1e-16 0.0253084652284 0.0253083857044 0.0252800531496 0.0
10000 10000 10000 450 1e-15 4.40160755225e-11 4.40160755225e-11 4.40151998836e-11 0.0
10000 10000 10000 450 1e-14 2.76140656501e-60 2.76140656501e-60 2.76140656501e-60 0.0
10000 10000 10000 450 1e-12 0.0 0.0 0.0 0.0
10000 10000 10000 450 1e-10 0.0 0.0 0.0 0.0
