10000 10000 10000 1100 1e-22 0.562091207952 0.562091207952 0.562075802369 0.561878507915
10000 10000 10000 1100 1e-20 0.561869200194 0.561869200194 0.561853802598 0.561656550404
10000 10000 10000 1100 1e-19 0.559854462234 0.559854462234 0.559839137123 0.559642270557
10000 10000 10000 1100 2e-19 0.557623284267 0.557623284267 0.557608039413 0.557411604353
10000 10000 10000 1100 5e-19 0.550976502236 0.550976502236 0.550961496373 0.550766374263
10000 10000 10000 1100 7e-19 0.546584158352 0.546584158352 0.546569310327 0.546375078194
10000 10000 10000 1100 1e-18 0.540053667933 0.540053667933 0.540039054422 0.539846177926
10000 10000 10000 1100 2e-18 0.518784058673 0.518784058673 0.51877020731 0.518582008325
10000 10000 10000 1100 5e-18 0.459451984236 0.459451984236 0.459440237855 0.459267070248
10000 10000 10000 1100 7e-18 0.423461291124 0.423461291124 0.423450798941 0.423288047827
10000 10000 10000 1100 1e-17 0.374452196884 0.374452196884 0.374443372956 0.374296208154
10000 10000 10000 1100 2e-17 0.247924710332 0.247924710332 0.247919873272 0.247819136534
10000 10000 10000 1100 5e-17 0.0735293391997 0.0735293391997 0.0735286164701 0.0735007096425
10000 10000 10000 1100 7e-17 0.0338955971587 0.0338955971587 0.0338953980476 0.0338837469634
10000 10000 10000 1100 1e-16 0.0112168314125 0.0112168314125 0.011216802589 0.0112135752878
10000 10000 10000 1100 1e-15 1.03339277183e-12 1.03339277183e-12 1.03339277183e-12 1.0333927e-12
10000 10000 10000 1100 1e-14 1.88423837826e-80 1.88423837826e-80 1.88423837826e-80 1.88423837826e-80
10000 10000 10000 1100 1e-12 0.0 0.0 0.0 0.0
10000 10000 10000 1100 1e-10 0.0 0.0 0.0 0.0
