10000 10000 10000 250 1e-22 0.435700598739 0.43540485631 0.0 0.0
10000 10000 10000 250 1e-20 0.435583154406 0.435287432501 0.0 0.0
10000 10000 10000 250 1e-19 0.434516189061 0.434220657158 0.0 0.0
10000 10000 10000 250 2e-19 0.433332184197 0.43303687057 0.0 0.0
10000 10000 10000 250 5e-19 0.429789886167 0.42949527154 0.0 0.0
10000 10000 10000 250 7e-19 0.427436615971 0.427142503088 0.0 0.0
10000 10000 10000 250 1e-18 0.423919421025 0.423626112296 0.0 0.0
10000 10000 10000 250 2e-18 0.412310388489 0.412020174815 0.0 0.0
10000 10000 10000 250 5e-18 0.378649365282 0.378371513475 0.0 0.0
10000 10000 10000 250 7e-18 0.357271615694 0.357003838701 0.0 0.0
10000 10000 10000 250 1e-17 0.326910076579 0.32665903437 0.0 0.0
10000 10000 10000 250 2e-17 0.240753946924 0.240561788181 0.0 0.0
10000 10000 10000 250 5e-17 0.0932023657917 0.093130978956 0.0 0.0
10000 10000 10000 250 7e-17 0.0496584511645 0.0496229771306 0.0 0.0
10000 10000 10000 250 1e-16 0.0197204630294 0.0197079886152 0.0 0.0
10000 10000 10000 250 1e-15 1.26656072725e-10 1.26655967931e-10 0.0 0.0
10000 10000 10000 250 1e-14 6.55659439992e-57 6.55659439992e-57 0.0 0.0
10000 10000 10000 250 1e-12 0.0 0.0 0.0 0.0
10000 10000 10000 250 1e-10 0.0 0.0 0.0 0.0
