10000 10000 10000 750 1e-22 0.647674919945 0.647674649779 0.647594704604 0.64719905789
10000 10000 10000 750 1e-20 0.647493323244 0.647493053273 0.647413091488 0.647017363679
10000 10000 10000 750 1e-19 0.645842861712 0.645842593509 0.645762483954 0.645366030965
10000 10000 10000 750 2e-19 0.64400993512 0.644009668867 0.643929401881 0.643532168364
10000 10000 10000 750 5e-19 0.638517527373 0.638517266881 0.638436569232 0.638037150121
10000 10000 10000 750 7e-19 0.634861793429 0.634861536704 0.634780585604 0.63437983606
10000 10000 10000 750 1e-18 0.629388084412 0.62938783323 0.629306550422 0.628903988624
10000 10000 10000 750 2e-18 0.61124458888 0.611244355275 0.611162355876 0.610755241515
10000 10000 10000 750 5e-18 0.558124509837 0.5581243216 0.558043052244 0.557633655662
10000 10000 10000 750 7e-18 0.524133370554 0.52413320735 0.524054146651 0.523650405808
10000 10000 10000 750 1e-17 0.475718528614 0.47571839665 0.475644219698 0.47525616459
10000 10000 10000 750 2e-17 0.339103414871 0.339103349226 0.339049843927 0.338741435581
10000 10000 10000 750 5e-17 0.117559569859 0.117559561453 0.117545450715 0.117431791318
10000 10000 10000 750 7e-17 0.0584810120583 0.058481009903 0.0584755541594 0.0584202598615
10000 10000 10000 750 1e-16 0.0212252620829 0.0212252618023 0.0212239321191 0.0212049717434
10000 10000 10000 750 1e-15 1.14355043621e-11 1.14355043621e-11 1.14355040136e-11 1.1434763991e-11
10000 10000 10000 750 1e-14 1.76193952091e-60 1.76193952091e-60 1.76193952091e-60 1.76193952091e-60
10000 10000 10000 750 1e-12 0.0 0.0 0.0 0.0
10000 10000 10000 750 1e-10 0.0 0.0 0.0 0.0
