10000 10000 10000 1400 1e-22 0.305957456382 0.305957456382 0.305957456382 0.305889309866
10000 10000 10000 1400 1e-20 0.305808425672 0.305808425672 0.305808425672 0.305740318629
10000 10000 10000 1400 1e-19 0.304457334872 0.304457334872 0.304457334872 0.304389585805
10000 10000 10000 1400 2e-19 0.302963979564 0.302963979564 0.302963979564 0.30289662643
10000 10000 10000 1400 5e-19 0.298533017553 0.298533017553 0.298533017553 0.298466840758
10000 10000 10000 1400 7e-19 0.295619441933 0.295619441933 0.295619441933 0.295554039841
10000 10000 10000 1400 1e-18 0.291308653225 0.291308653225 0.291308653225 0.291244398962
10000 10000 10000 1400 2e-18 0.277439595324 0.277439595324 0.277439595324 0.277379045053
10000 10000 10000 1400 5e-18 0.240058638932 0.240058638932 0.240058638932 0.240008112508
10000 10000 10000 1400 7e-18 0.218254166614 0.218254166614 0.218254166614 0.2182094711
10000 10000 10000 1400 1e-17 0.189530505385 0.189530505385 0.189530505385 0.189493404404
10000 10000 10000 1400 2e-17 0.119955600027 0.119955600027 0.119955600027 0.119935904321
10000 10000 10000 1400 5e-17 0.0332330903144 0.0332330903144 0.0332330903144 0.0332302038316
10000 10000 10000 1400 7e-17 0.0149181283409 0.0149181283409 0.0149181283409 0.0149173036092
10000 10000 10000 1400 1e-16 0.00477136040067 0.00477136040067 0.00477136040067 0.00477122499738
10000 10000 10000 1400 1e-15 1.27043683866e-13 1.27043683866e-13 1.27043683866e-13 1.27043683866e-13
10000 10000 10000 1400 1e-14 1.31922646786e-90 1.31922646786e-90 1.31922646786e-90 1.31922646786e-90
10000 10000 10000 1400 1e-12 0.0 0.0 0.0 0.0
10000 10000 10000 1400 1e-10 0.0 0.0 0.0 0.0
