10000 10000 10000 900 1e-22 0.641219109834 0.641218984105 0.641174910653 0.640875430508
10000 10000 10000 900 1e-20 0.64101009945 0.641009973808 0.640965906787 0.640666414251
10000 10000 10000 900 1e-19 0.639111701494 0.639111576639 0.639067568811 0.638767970457
10000 10000 10000 900 2e-19 0.637005978403 0.637005854417 0.636961913869 0.636662212243
10000 10000 10000 900 5e-19 0.630711943898 0.630711822482 0.630668093023 0.630368169774
10000 10000 10000 900 7e-19 0.626535542647 0.626535422915 0.626491841584 0.626191841952
10000 10000 10000 900 1e-18 0.620301028669 0.620300911419 0.620257562804 0.619957551488
10000 10000 10000 900 2e-18 0.59978978713 0.599789677787 0.599747187194 0.599447964694
10000 10000 10000 900 5e-18 0.540954623061 0.540954534383 0.540915176003 0.540624477876
10000 10000 10000 900 7e-18 0.504138792627 0.504138715506 0.504101722777 0.503820410337
10000 10000 10000 900 1e-17 0.452673819092 0.452673756546 0.452640459238 0.452376608369
10000 10000 10000 900 2e-17 0.31274783564 0.312747804526 0.312725889019 0.31252910945
10000 10000 10000 900 5e-17 0.101065152955 0.101065149125 0.101060157526 0.100997043782
10000 10000 10000 900 7e-17 0.0484777003164 0.0484776993685 0.0484759050043 0.0484474957634
10000 10000 10000 900 1e-16 0.0168033505407 0.016803350424 0.0168029568006 0.0167941629339
10000 10000 10000 900 1e-15 4.40286600258e-12 4.40286600258e-12 4.40286600258e-12 4.40283129146e-12
10000 10000 10000 900 1e-14 5.70576079783e-68 5.70576079783e-68 5.70576079783e-68 5.70576079783e-68
10000 10000 10000 900 1e-12 0.0 0.0 0.0 0.0
10000 10000 10000 900 1e-10 0.0 0.0 0.0 0.0
