170.0  1.0  12340.2
210.0  1.0  867.75
250.0  1.0  1.67
300.0  1.0  0.98
350.0  1.0  0.64
400.0  1.0  1.46
210.0  35.0  435.59
250.0  35.0  2.16
300.0  35.0  0.81
350.0  35.0  0.66
400.0  35.0  2.07
190.0  60.0  955.69
210.0  60.0  1358.99
250.0  60.0  2.22
300.0  60.0  0.45
350.0  60.0  0.79
400.0  60.0  1.59
170.0  75.0  1680.85
210.0  75.0  1341.31
250.0  75.0  5.16
300.0  75.0  1.17
350.0  75.0  0.57
400.0  75.0  1.59
210.0  75.0  4174.74
250.0  75.0  6857.79
300.0  75.0  172.83
350.0  75.0  690.81
400.0  75.0  26.16
