112.5  12.5  9.046536855e-05
155.0  5.0  1.5345412425e-05
150.0  50.0  0.0002291618296
175.0  25.0  4.648235535e-05
175.0  75.0  0.00070350586875
200.0  50.0  4.65831914e-05
250.0  0.0  0.0007086304687
225.0  125.0  0.0027219175424
250.0  100.0  6.460561375e-05
300.0  50.0  0.00142594479875
350.0  0.0  0.0088271119512
300.0  200.0  0.0116884932101
325.0  175.0  0.0001375842168
375.0  125.0  0.0014819853565
425.0  75.0  0.0131864372216
500.0  0.0  0.0292645160924
425.0  325.0  0.0186641530714
450.0  300.0  0.000258649663325
500.0  250.0  0.00235849022782
550.0  200.0  0.0162144880184
625.0  125.0  0.0368295464212
750.0  0.0  0.0573041391303
192.5  157.5  0.0247962152552
392.5  357.5  6.133909575e-06
550.0  450.0  6.112832825e-06
575.0  425.0  3.8048312925e-05
625.0  375.0  3.8428262625e-05
675.0  325.0  0.000337573816875
750.0  250.0  0.0026759921812
675.0  575.0  0.00781199778915
700.0  550.0  0.0261933029581
750.0  500.0  0.0640412864865
112.5  47.5  0.000321402011875
157.5  92.5  0.00772945769325
282.5  217.5  0.00175262537453
407.5  342.5  1.43852208715e-05
470.0  405.0  5.639754405e-05
532.5  467.5  1.15544967e-05
562.5  312.5  2.81522252e-05
487.5  387.5  6.30772876e-05
512.5  362.5  5.455703625e-05
612.5  262.5  8.013845865e-05
800.0  450.0  6.537479075e-05
687.5  187.5  0.0175960309785
875.0  375.0  0.00021911869485
625.0  0.0  0.0030140990712
687.5  62.5  0.0374777496954
750.0  125.0  0.0397741991977
812.5  187.5  0.0583659456448
812.5  62.5  0.0639438727305
875.0  125.0  0.0605786440602
875.0  0.0  0.0645316963429