100.0  0.0  6.07444265788e-06
150.0  0.0  1.06114024444e-06
150.0  50.0  0.000195931301072
150.0  100.0  7.5162689596e-05
200.0  0.0  3.50508503964e-06
200.0  50.0  0.000851855548162
200.0  100.0  0.00056327123008
200.0  150.0  0.000269705157216
250.0  0.0  4.48524449312e-06
250.0  50.0  0.00185619706012
250.0  100.0  0.00157046106702
250.0  150.0  0.000919250761588
250.0  200.0  0.000147719736936
300.0  0.0  4.61266014318e-06
300.0  50.0  0.00264029563238
300.0  100.0  0.00253632102414
300.0  150.0  0.00210838969981
300.0  200.0  0.00124929206866
350.0  0.0  0.000276976192148
350.0  50.0  0.00318355056068
350.0  100.0  0.00320332466231
350.0  150.0  0.00292201635148
350.0  200.0  0.00240341844369
400.0  0.0  0.00135105519432
400.0  50.0  0.00393070828432
400.0  100.0  0.00386038648315
400.0  150.0  0.0036019459634
125.0  0.0  0.00335886162984
175.0  0.0  0.00319349806066
100.0  25.0  8.38863025519e-05
125.0  25.0  0.000511686705101
150.0  25.0  8.02235723473e-06
175.0  25.0  1.6764197687e-05
200.0  25.0  0.000123027788909
150.0  37.5  0.000458121808224
112.5  50.0  0.000457503371771
125.0  50.0  2.80340711764e-05
137.5  50.0  3.17464157072e-06
162.5  50.0  1.42553326925e-05
175.0  50.0  1.81928776567e-05
187.5  50.0  0.000113402644663
150.0  62.5  0.000164451876972
150.0  75.0  0.000305218022449
175.0  75.0  3.42586573747e-05
200.0  75.0  2.89011166007e-06
125.0  100.0  4.12057613035e-06
175.0  100.0  0.000139999671072
175.0  125.0  0.000172430699445
175.0  150.0  7.71480725384e-07
200.0  125.0  1.29203485818e-05
