100.0  0.0  7.78682707465e-05
100.0  35.0  1.02518899236e-05
112.5  12.5  6.94839769048e-06
130.0  30.0  6.10752273217e-05
112.5  47.5  0.00010009003315
150.0  50.0  5.19038698099e-05
175.0  25.0  0.000248072686726
200.0  0.0  0.000846733602091
132.5  67.5  0.000477970180803
175.0  75.0  4.53608195922e-06
200.0  50.0  6.33754679065e-05
225.0  25.0  0.000280417050563
250.0  0.0  0.00072756274385
157.5  92.5  0.00091596748674
200.0  100.0  0.00169973767017
225.0  75.0  5.95008674103e-06
250.0  50.0  8.15237100171e-05
275.0  25.0  0.000286241298209
300.0  0.0  0.00072114210175
167.5  132.5  0.00117654034459
225.0  125.0  0.00175976720232
250.0  100.0  0.00376344049253
275.0  75.0  1.09022142696e-05
300.0  50.0  5.95424107462e-05
325.0  25.0  0.000291567292694
350.0  0.0  0.00107704578807
207.5  142.5  0.00113335215312
250.0  150.0  0.00311859412504
275.0  125.0  0.0035642945001
300.0  100.0  0.0049460559425
325.0  75.0  6.15096409769e-06
350.0  50.0  7.85325929641e-05
375.0  25.0  0.000289844665078
400.0  0.0  0.00118516187343
275.0  175.0  0.00147038309267
300.0  150.0  0.00341912893276
325.0  125.0  0.00466555873459
350.0  100.0  0.00597348706245
375.0  75.0  0.00759841381287
400.0  50.0  7.27655159477e-06
425.0  25.0  8.013022054e-05
450.0  0.0  0.000289372997099
242.5  207.5  0.00102345614519
300.0  200.0  0.00202767518479
325.0  175.0  0.00463220244387
350.0  150.0  0.00452193010644
375.0  125.0  0.00713542865531
400.0  100.0  0.00764312976428
425.0  75.0  0.00855720313527
450.0  50.0  7.37565776717e-06
475.0  25.0  7.44337662196e-05
500.0  0.0  0.000370940108089
282.5  217.5  0.000723788817137
387.5  237.5  0.00216348994094
412.5  212.5  0.0042478230373
437.5  187.5  0.00657720716064
462.5  162.5  0.00757560138769
487.5  137.5  0.0092575181909
