10000 10000 1255 50 1e-22 3.84863506288e-06 0.0 0.0 0.0
10000 10000 1255 50 1e-20 3.84852644996e-06 0.0 0.0 0.0
10000 10000 1255 50 1e-19 3.84753920207e-06 0.0 0.0 0.0
10000 10000 1255 50 2e-19 3.84644256059e-06 0.0 0.0 0.0
10000 10000 1255 50 5e-19 3.84315453399e-06 0.0 0.0 0.0
10000 10000 1255 50 7e-19 3.84096409686e-06 0.0 0.0 0.0
10000 10000 1255 50 1e-18 3.83768081021e-06 0.0 0.0 0.0
10000 10000 1255 50 2e-18 3.82675702321e-06 0.0 0.0 0.0
10000 10000 1255 50 5e-18 3.79417412002e-06 0.0 0.0 0.0
10000 10000 1255 50 7e-18 3.77260831851e-06 0.0 0.0 0.0
10000 10000 1255 50 1e-17 3.7404920008e-06 0.0 0.0 0.0
10000 10000 1255 50 2e-17 3.63542248145e-06 0.0 0.0 0.0
10000 10000 1255 50 5e-17 3.33779011347e-06 0.0 0.0 0.0
10000 10000 1255 50 7e-17 3.15318743757e-06 0.0 0.0 0.0
10000 10000 1255 50 1e-16 2.89546188949e-06 0.0 0.0 0.0
10000 10000 1255 50 1e-15 2.33235909572e-07 0.0 0.0 0.0
10000 10000 1255 50 1e-14 1.80638252895e-17 0.0 0.0 0.0
10000 10000 1255 50 1e-12 0.0 0.0 0.0 0.0
10000 10000 1255 50 1e-10 0.0 0.0 0.0 0.0
