10000 10000 1405 380 1e-22 0.147281394684 0.147273308591 0.146921986895 0.0
10000 10000 1405 380 1e-20 0.147234000966 0.147225919505 0.146874721988 0.0
10000 10000 1405 380 1e-19 0.146803891128 0.146795851653 0.146445780909 0.0
10000 10000 1405 380 2e-19 0.146327555746 0.146319562656 0.14597073941 0.0
10000 10000 1405 380 5e-19 0.144908370623 0.144900515018 0.144555406209 0.0
10000 10000 1405 380 7e-19 0.143970370962 0.14396260564 0.143619949927 0.0
10000 10000 1405 380 1e-18 0.142575437326 0.142567805403 0.142228794911 0.0
10000 10000 1405 380 2e-18 0.138028317784 0.138021113503 0.137693961306 0.0
10000 10000 1405 380 5e-18 0.12528621325 0.125280148013 0.124986019848 0.0
10000 10000 1405 380 7e-18 0.117488013971 0.117482602131 0.117208525935 0.0
10000 10000 1405 380 1e-17 0.106738810397 0.10673424387 0.106487593625 0.0
10000 10000 1405 380 2e-17 0.0778021118791 0.0777994930889 0.0776252533914 0.0
10000 10000 1405 380 5e-17 0.0309989047271 0.0309983610502 0.0309350140518 0.0
10000 10000 1405 380 7e-17 0.0171142245684 0.017114018234 0.0170810636959 0.0
10000 10000 1405 380 1e-16 0.00718822457155 0.00718817091235 0.00717549012306 0.0
10000 10000 1405 380 1e-15 6.88441200317e-11 6.88441200285e-11 6.88431366688e-11 0.0
10000 10000 1405 380 1e-14 1.30931296242e-57 1.30931296242e-57 1.30931296242e-57 0.0
10000 10000 1405 380 1e-12 0.0 0.0 0.0 0.0
10000 10000 1405 380 1e-10 0.0 0.0 0.0 0.0
