10000 10000 1355 1050 1e-22 0.268066678431 0.268066678431 0.268047415618 0.267889957486
10000 10000 1355 1050 1e-20 0.267939636174 0.267939636174 0.267920385971 0.267763009529
10000 10000 1355 1050 1e-19 0.266787644709 0.266787644709 0.26676850875 0.266611872926
10000 10000 1355 1050 2e-19 0.265513840834 0.265513840834 0.265494830998 0.265339013833
10000 10000 1355 1050 5e-19 0.261731159857 0.261731159857 0.261712523292 0.261559135509
10000 10000 1355 1050 7e-19 0.259241301597 0.259241301597 0.259222909693 0.259071119587
10000 10000 1355 1050 1e-18 0.255553723637 0.255553723637 0.255535692559 0.255386266592
10000 10000 1355 1050 2e-18 0.243660107329 0.243660107329 0.243643227394 0.243501409098
10000 10000 1355 1050 5e-18 0.211386651073 0.211386651073 0.211372792606 0.211251472518
10000 10000 1355 1050 7e-18 0.19242371992 0.19242371992 0.192411562085 0.192302175263
10000 10000 1355 1050 1e-17 0.167302431997 0.167302431997 0.167292433631 0.167198708565
10000 10000 1355 1050 2e-17 0.105916603004 0.105916603004 0.105911356527 0.105854987685
10000 10000 1355 1050 5e-17 0.0290425841252 0.0290425841252 0.0290417810565 0.0290288014305
10000 10000 1355 1050 7e-17 0.0129654721002 0.0129654721002 0.0129652328528 0.0129601411801
10000 10000 1355 1050 1e-16 0.0041396651358 0.0041396651358 0.00413962437246 0.00413829796451
10000 10000 1355 1050 1e-15 1.52226027523e-13 1.52226027523e-13 1.52226027523e-13 1.52225880546e-13
10000 10000 1355 1050 1e-14 3.04017355039e-94 3.04017355039e-94 3.04017355039e-94 3.04017355039e-94
10000 10000 1355 1050 1e-12 0.0 0.0 0.0 0.0
10000 10000 1355 1050 1e-10 0.0 0.0 0.0 0.0
