10000 10000 1055 440 1e-22 0.370681807723 0.370664819186 0.370106929253 0.0
10000 10000 1055 440 1e-20 0.370543895614 0.370526917237 0.369969256575 0.0
10000 10000 1055 440 1e-19 0.369292669227 0.369275782926 0.368720201973 0.0
10000 10000 1055 440 2e-19 0.367907727807 0.367890943219 0.367337663392 0.0
10000 10000 1055 440 5e-19 0.363786205213 0.363769722049 0.363223285041 0.0
10000 10000 1055 440 7e-19 0.361066036033 0.36104975076 0.360507825639 0.0
10000 10000 1055 440 1e-18 0.357026578363 0.357010585415 0.356475354068 0.0
10000 10000 1055 440 2e-18 0.343907761962 0.343892705527 0.343379159726 0.0
10000 10000 1055 440 5e-18 0.307556438637 0.307543871267 0.307089964743 0.0
10000 10000 1055 440 7e-18 0.285621839845 0.285610695808 0.285192433259 0.0
10000 10000 1055 440 1e-17 0.255799854293 0.255790545086 0.255420289924 0.0
10000 10000 1055 440 2e-17 0.178162393248 0.178157265311 0.177909109965 0.0
10000 10000 1055 440 5e-17 0.0631220432002 0.0631211607916 0.0630425741732 0.0
10000 10000 1055 440 7e-17 0.0326644723438 0.0326641932226 0.0326263781935 0.0
10000 10000 1055 440 1e-16 0.0126486828938 0.0126486317224 0.0126354711346 0.0
10000 10000 1055 440 1e-15 2.41363823522e-11 2.41363823522e-11 2.41359827493e-11 0.0
10000 10000 1055 440 1e-14 7.21186426817e-58 7.21186426817e-58 7.21186426817e-58 0.0
10000 10000 1055 440 1e-12 0.0 0.0 0.0 0.0
10000 10000 1055 440 1e-10 0.0 0.0 0.0 0.0
