10000 10000 905 430 1e-22 0.425216055603 0.425187580461 0.424369344775 0.0
10000 10000 905 430 1e-20 0.425049979931 0.425021521343 0.424203644583 0.0
10000 10000 905 430 1e-19 0.423543404765 0.42351509622 0.422700474751 0.0
10000 10000 905 430 2e-19 0.421876181787 0.421848039011 0.421037018377 0.0
10000 10000 905 430 5e-19 0.416916823094 0.416889171723 0.416088852381 0.0
10000 10000 905 430 7e-19 0.413645521038 0.413618192408 0.412824923756 0.0
10000 10000 905 430 1e-18 0.408790337707 0.408763486012 0.407980669793 0.0
10000 10000 905 430 2e-18 0.393044957156 0.393019634911 0.39227061518 0.0
10000 10000 905 430 5e-18 0.349603827394 0.349582582413 0.348925962015 0.0
10000 10000 905 430 7e-18 0.323532677533 0.323513773249 0.322911963281 0.0
10000 10000 905 430 1e-17 0.288270622499 0.288254747427 0.287726220482 0.0
10000 10000 905 430 2e-17 0.197600549086 0.197591644859 0.197246203833 0.0
10000 10000 905 430 5e-17 0.0673258388058 0.0673242134286 0.0672214400018 0.0
10000 10000 905 430 7e-17 0.0341293849373 0.0341288482478 0.0340808960311 0.0
10000 10000 905 430 1e-16 0.0128795498803 0.0128794445023 0.0128632831134 0.0
10000 10000 905 430 1e-15 1.48801852343e-11 1.48801852343e-11 1.48795715981e-11 0.0
10000 10000 905 430 1e-14 1.25149984244e-59 1.25149984244e-59 1.25149984244e-59 0.0
10000 10000 905 430 1e-12 0.0 0.0 0.0 0.0
10000 10000 905 430 1e-10 0.0 0.0 0.0 0.0
