10000 10000 1955 50 1e-22 3.8486351144e-06 0.0 0.0 0.0
10000 10000 1955 50 1e-20 3.84853160154e-06 0.0 0.0 0.0
10000 10000 1955 50 1e-19 3.84759070366e-06 0.0 0.0 0.0
10000 10000 1955 50 2e-19 3.84654553221e-06 0.0 0.0 0.0
10000 10000 1955 50 5e-19 3.84341172643e-06 0.0 0.0 0.0
10000 10000 1955 50 7e-19 3.8413239456e-06 0.0 0.0 0.0
10000 10000 1955 50 1e-18 3.83819440733e-06 0.0 0.0 0.0
10000 10000 1955 50 2e-18 3.82778107368e-06 0.0 0.0 0.0
10000 10000 1955 50 5e-18 3.79671081196e-06 0.0 0.0 0.0
10000 10000 1955 50 7e-18 3.77613798239e-06 0.0 0.0 0.0
10000 10000 1955 50 1e-17 3.74548822259e-06 0.0 0.0 0.0
10000 10000 1955 50 2e-17 3.6451132866e-06 0.0 0.0 0.0
10000 10000 1955 50 5e-17 3.35988876686e-06 0.0 0.0 0.0
10000 10000 1955 50 7e-17 3.1822860535e-06 0.0 0.0 0.0
10000 10000 1955 50 1e-16 2.93337974304e-06 0.0 0.0 0.0
10000 10000 1955 50 1e-15 2.57299891946e-07 0.0 0.0 0.0
10000 10000 1955 50 1e-14 1.49897192473e-17 0.0 0.0 0.0
10000 10000 1955 50 1e-12 0.0 0.0 0.0 0.0
10000 10000 1955 50 1e-10 0.0 0.0 0.0 0.0
