10000 10000 555 360 1e-22 0.427282507722 0.427152291416 0.425414146355 0.0
10000 10000 555 360 1e-20 0.427114009889 0.426983866033 0.425246428963 0.0
10000 10000 555 360 1e-19 0.425585492516 0.425456005382 0.42372499053 0.0
10000 10000 555 360 2e-19 0.423894052224 0.42376529075 0.422041382063 0.0
10000 10000 555 360 5e-19 0.418863059421 0.418736449726 0.41703367379 0.0
10000 10000 555 360 7e-19 0.415544838272 0.415419642345 0.413730801566 0.0
10000 10000 555 360 1e-18 0.410620509692 0.410497403785 0.408829238575 0.0
10000 10000 555 360 2e-18 0.394654986243 0.394538589441 0.392937419235 0.0
10000 10000 555 360 5e-18 0.350640338536 0.350541884538 0.349125076218 0.0
10000 10000 555 360 7e-18 0.324250320497 0.324162212411 0.322855678716 0.0
10000 10000 555 360 1e-17 0.288589774068 0.288515117289 0.287357230299 0.0
10000 10000 555 360 2e-17 0.197095768676 0.197052466137 0.196273457038 0.0
10000 10000 555 360 5e-17 0.0663957970209 0.0663867583176 0.0661373756179 0.0
10000 10000 555 360 7e-17 0.0333822838811 0.0333789297257 0.0332581936076 0.0
10000 10000 555 360 1e-16 0.0124325436003 0.0124317285405 0.0123894111378 0.0
10000 10000 555 360 1e-15 3.55728676277e-11 3.55728675998e-11 3.55713380732e-11 0.0
10000 10000 555 360 1e-14 6.24422991258e-58 6.24422991258e-58 6.24422991258e-58 0.0
10000 10000 555 360 1e-12 0.0 0.0 0.0 0.0
10000 10000 555 360 1e-10 0.0 0.0 0.0 0.0
