10000 10000 655 360 1e-22 0.43735141994 0.437223276542 0.435471186172 0.0
10000 10000 655 360 1e-20 0.437179558135 0.437051484293 0.435300101708 0.0
10000 10000 655 360 1e-19 0.435620502801 0.435493059494 0.433748097418 0.0
10000 10000 655 360 2e-19 0.433895223548 0.433768477064 0.432030619604 0.0
10000 10000 655 360 5e-19 0.428763294933 0.42863861534 0.42692188815 0.0
10000 10000 655 360 7e-19 0.425378266754 0.425254945667 0.423552153745 0.0
10000 10000 655 360 1e-18 0.420354451362 0.420233139357 0.418551025736 0.0
10000 10000 655 360 2e-18 0.404063549479 0.403948693039 0.402333604584 0.0
10000 10000 655 360 5e-18 0.359129475268 0.359031934737 0.357601463784 0.0
10000 10000 655 360 7e-18 0.332172426308 0.332084908296 0.330764990463 0.0
10000 10000 655 360 1e-17 0.295726985108 0.295652546552 0.294481807051 0.0
10000 10000 655 360 2e-17 0.202123799733 0.202080124382 0.201290498703 0.0
10000 10000 655 360 5e-17 0.0682072084348 0.0681979081433 0.0679436355577 0.0
10000 10000 655 360 7e-17 0.0343514997963 0.0343480550701 0.0342245082361 0.0
10000 10000 655 360 1e-16 0.0128452136097 0.0128443992733 0.0128008536206 0.0
10000 10000 655 360 1e-15 2.20227744388e-11 2.20227744381e-11 2.20215159078e-11 0.0
10000 10000 655 360 1e-14 8.90740412757e-59 8.90740412757e-59 8.90740412757e-59 0.0
10000 10000 655 360 1e-12 0.0 0.0 0.0 0.0
10000 10000 655 360 1e-10 0.0 0.0 0.0 0.0
