10000 10000 705 460 1e-22 0.439243296344 0.439209410878 0.438407350663 0.0
10000 10000 705 460 1e-20 0.439061977299 0.439028113998 0.43822641648 0.0
10000 10000 705 460 1e-19 0.437417319194 0.43738365672 0.436585248485 0.0
10000 10000 705 460 2e-19 0.435597708439 0.435564267686 0.434769497427 0.0
10000 10000 705 460 5e-19 0.430187671335 0.430154886865 0.429370925431 0.0
10000 10000 705 460 7e-19 0.426621251404 0.426588897159 0.425812054916 0.0
10000 10000 705 460 1e-18 0.421331255455 0.421299535799 0.420533244065 0.0
10000 10000 705 460 2e-18 0.404202486029 0.404172791644 0.403440584533 0.0
10000 10000 705 460 5e-18 0.357166800456 0.357142427162 0.356503167686 0.0
10000 10000 705 460 7e-18 0.32910596204 0.329084586894 0.328500283185 0.0
10000 10000 705 460 1e-17 0.291371665834 0.29135410063 0.290843040363 0.0
10000 10000 705 460 2e-17 0.195696166739 0.195686991099 0.195357494111 0.0
10000 10000 705 460 5e-17 0.0631959632087 0.0631945950174 0.0631006089186 0.0
10000 10000 705 460 7e-17 0.0310835861055 0.0310831872962 0.0310406099645 0.0
10000 10000 705 460 1e-16 0.0112894222343 0.0112893562374 0.0112756530205 0.0
10000 10000 705 460 1e-15 7.94245193416e-12 7.94245193416e-12 7.94237704552e-12 0.0
10000 10000 705 460 1e-14 7.79902314381e-61 7.79902314381e-61 7.79902314381e-61 0.0
10000 10000 705 460 1e-12 0.0 0.0 0.0 0.0
10000 10000 705 460 1e-10 0.0 0.0 0.0 0.0
