10000 10000 855 350 1e-22 0.357614507607 0.357540011817 0.356263240892 0.0
10000 10000 855 350 1e-20 0.357484438993 0.357409982936 0.356133705296 0.0
10000 10000 855 350 1e-19 0.356304324067 0.356230228222 0.354958425689 0.0
10000 10000 855 350 2e-19 0.35499798887 0.354924291156 0.353657441381 0.0
10000 10000 855 350 5e-19 0.351109739376 0.351037222881 0.349785108584 0.0
10000 10000 855 350 7e-19 0.348542986406 0.348471246538 0.347228854464 0.0
10000 10000 855 350 1e-18 0.344730547985 0.344659957024 0.343431997924 0.0
10000 10000 855 350 2e-18 0.33234224575 0.332275349407 0.331094225491 0.0
10000 10000 855 350 5e-18 0.297957789625 0.297900826788 0.296849154425 0.0
10000 10000 855 350 7e-18 0.277165774084 0.277114577372 0.276140764847 0.0
10000 10000 855 350 1e-17 0.248837719728 0.24879406777 0.247925771918 0.0
10000 10000 855 350 2e-17 0.174701542294 0.174675738906 0.174079903346 0.0
10000 10000 855 350 5e-17 0.063238492806 0.0632328827116 0.0630312371564 0.0
10000 10000 855 350 7e-17 0.0331176027175 0.0331154900959 0.0330143917244 0.0
10000 10000 855 350 1e-16 0.0130073386988 0.0130068228279 0.0129695708526 0.0
10000 10000 855 350 1e-15 3.44977150829e-11 3.44977150807e-11 3.4495894813e-11 0.0
10000 10000 855 350 1e-14 2.82833598138e-58 2.82833598138e-58 2.82833598138e-58 0.0
10000 10000 855 350 1e-12 0.0 0.0 0.0 0.0
10000 10000 855 350 1e-10 0.0 0.0 0.0 0.0
