10000 10000 655 330 1e-22 0.401820642298 0.401656809767 0.0 0.0
10000 10000 655 330 1e-20 0.401667105594 0.40150335784 0.0 0.0
10000 10000 655 330 1e-19 0.400274208494 0.400111229369 0.0 0.0
10000 10000 655 330 2e-19 0.398732636469 0.398570507019 0.0 0.0
10000 10000 655 330 5e-19 0.394146113014 0.393986505321 0.0 0.0
10000 10000 655 330 7e-19 0.391119975033 0.390962026037 0.0 0.0
10000 10000 655 330 1e-18 0.386627524894 0.386472030723 0.0 0.0
10000 10000 655 330 2e-18 0.372049015904 0.371901424415 0.0 0.0
10000 10000 655 330 5e-18 0.33174852001 0.331622245659 0.0 0.0
10000 10000 655 330 7e-18 0.307502915469 0.30738906703 0.0 0.0
10000 10000 655 330 1e-17 0.27463269149 0.274535168403 0.0 0.0
10000 10000 655 330 2e-17 0.18963815645 0.189579638411 0.0 0.0
10000 10000 655 330 5e-17 0.0658045566347 0.0657913181188 0.0 0.0
10000 10000 655 330 7e-17 0.0336942610056 0.0336891643658 0.0 0.0
10000 10000 655 330 1e-16 0.0128856859606 0.0128844063543 0.0 0.0
10000 10000 655 330 1e-15 4.40047439719e-11 4.40047439525e-11 0.0 0.0
10000 10000 655 330 1e-14 1.09222543823e-57 1.09222543823e-57 0.0 0.0
10000 10000 655 330 1e-12 0.0 0.0 0.0 0.0
10000 10000 655 330 1e-10 0.0 0.0 0.0 0.0
