10000 10000 1355 410 1e-22 0.233908927548 0.233900480042 0.233505129889 0.0
10000 10000 1355 410 1e-20 0.2338305335 0.233822090394 0.23342688638 0.0
10000 10000 1355 410 1e-19 0.23311913444 0.233110731223 0.232716853137 0.0
10000 10000 1355 410 2e-19 0.232331376666 0.232323017545 0.23193060721 0.0
10000 10000 1355 410 5e-19 0.22998495983 0.229976731591 0.229588689988 0.0
10000 10000 1355 410 7e-19 0.228434622259 0.228426480115 0.228041322471 0.0
10000 10000 1355 410 1e-18 0.226129814827 0.226121800112 0.225740926088 0.0
10000 10000 1355 410 2e-18 0.218623138801 0.218615534392 0.218248579902 0.0
10000 10000 1355 410 5e-18 0.1976425169 0.197636019822 0.197307698531 0.0
10000 10000 1355 410 7e-18 0.18484512748 0.184839276172 0.18453431232 0.0
10000 10000 1355 410 1e-17 0.167263373864 0.167258371166 0.166985220626 0.0
10000 10000 1355 410 2e-17 0.120328311423 0.120325335293 0.120135318579 0.0
10000 10000 1355 410 5e-17 0.0461959394541 0.0461952961203 0.0461291170282 0.0
10000 10000 1355 410 7e-17 0.0249313089062 0.0249310722291 0.0248975546023 0.0
10000 10000 1355 410 1e-16 0.0101481649042 0.0101481104412 0.0101357034817 0.0
10000 10000 1355 410 1e-15 4.14293533924e-11 4.14293533924e-11 4.14289095883e-11 0.0
10000 10000 1355 410 1e-14 2.04343905971e-57 2.04343905971e-57 2.04343905971e-57 0.0
10000 10000 1355 410 1e-12 0.0 0.0 0.0 0.0
10000 10000 1355 410 1e-10 0.0 0.0 0.0 0.0
