10000 10000 455 330 1e-22 0.417438381119 0.417227658417 0.0 0.0
10000 10000 455 330 1e-20 0.41727199272 0.417061380066 0.0 0.0
10000 10000 455 330 1e-19 0.415762628247 0.415553013306 0.0 0.0
10000 10000 455 330 2e-19 0.41409241891 0.413883906812 0.0 0.0
10000 10000 455 330 5e-19 0.409124805912 0.408919566494 0.0 0.0
10000 10000 455 330 7e-19 0.405848580096 0.405645492926 0.0 0.0
10000 10000 455 330 1e-18 0.400986863599 0.400786961154 0.0 0.0
10000 10000 455 330 2e-18 0.385226837367 0.385037182823 0.0 0.0
10000 10000 455 330 5e-18 0.341801221198 0.34163917387 0.0 0.0
10000 10000 455 330 7e-18 0.315783163666 0.315637182728 0.0 0.0
10000 10000 455 330 1e-17 0.280652911131 0.280528006447 0.0 0.0
10000 10000 455 330 2e-17 0.190723453153 0.190648733379 0.0 0.0
10000 10000 455 330 5e-17 0.0632822348676 0.0632653702 0.0 0.0
10000 10000 455 330 7e-17 0.0315354849938 0.0315289684686 0.0 0.0
10000 10000 455 330 1e-16 0.0116254236448 0.0116237675791 0.0 0.0
10000 10000 455 330 1e-15 2.05191637201e-11 2.05191636196e-11 0.0 0.0
10000 10000 455 330 1e-14 1.61759068591e-57 1.61759068591e-57 0.0 0.0
10000 10000 455 330 1e-12 0.0 0.0 0.0 0.0
10000 10000 455 330 1e-10 0.0 0.0 0.0 0.0
