10000 10000 2955 600 1e-22 0.0437016929988 0.0437016929988 0.0436842870629 0.0436043452114
10000 10000 2955 600 1e-20 0.0436868874643 0.0436868874643 0.0436694888627 0.0435895765473
10000 10000 2955 600 1e-19 0.0435525384336 0.0435525384336 0.0435352063621 0.0434555620203
10000 10000 2955 600 2e-19 0.0434037817749 0.0434037817749 0.0433865233194 0.0433071755939
10000 10000 2955 600 5e-19 0.0429607751682 0.0429607751682 0.0429437356399 0.0428652706633
10000 10000 2955 600 7e-19 0.0426681355241 0.0426681355241 0.0426512403609 0.0425733580182
10000 10000 2955 600 1e-18 0.0422331808446 0.0422331808446 0.0422164998777 0.0421394827889
10000 10000 2955 600 2e-18 0.0408173648239 0.0408173648239 0.0408013779146 0.0407271712421
10000 10000 2955 600 5e-18 0.0368670226507 0.0368670226507 0.0368529452289 0.0367865293389
10000 10000 2955 600 7e-18 0.0344624952528 0.0344624952528 0.0344495591414 0.0343878470669
10000 10000 2955 600 1e-17 0.0311654695828 0.0311654695828 0.0311540700033 0.0310987573226
10000 10000 2955 600 2e-17 0.0224024574811 0.0224024574811 0.0223949535259 0.0223563304724
10000 10000 2955 600 5e-17 0.00867839693272 0.00867839693272 0.00867618620697 0.00866241962257
10000 10000 2955 600 7e-17 0.00475472036835 0.00475472036835 0.00475371361643 0.0047465691747
10000 10000 2955 600 1e-16 0.00200344272476 0.00200344272476 0.00200311980596 0.00200034376059
10000 10000 2955 600 1e-15 5.71157155542e-11 5.71157155542e-11 5.71157150036e-11 5.7115238115e-11
10000 10000 2955 600 1e-14 1.28607071973e-57 1.28607071973e-57 1.28607071973e-57 1.28607071973e-57
10000 10000 2955 600 1e-12 0.0 0.0 0.0 0.0
10000 10000 2955 600 1e-10 0.0 0.0 0.0 0.0
