10000 10000 1055 320 1e-22 0.207266590175 0.207198194327 0.0 0.0
10000 10000 1055 320 1e-20 0.207193879104 0.207125517133 0.0 0.0
10000 10000 1055 320 1e-19 0.206534130497 0.206466075716 0.0 0.0
10000 10000 1055 320 2e-19 0.205803734224 0.205736019101 0.0 0.0
10000 10000 1055 320 5e-19 0.203629218291 0.203562511736 0.0 0.0
10000 10000 1055 320 7e-19 0.202193320858 0.202127278098 0.0 0.0
10000 10000 1055 320 1e-18 0.200059918326 0.199994858564 0.0 0.0
10000 10000 1055 320 2e-18 0.193122151913 0.193060261631 0.0 0.0
10000 10000 1055 320 5e-18 0.173820340676 0.173767040426 0.0 0.0
10000 10000 1055 320 7e-18 0.162113546615 0.162065283577 0.0 0.0
10000 10000 1055 320 1e-17 0.146116397709 0.146074790894 0.0 0.0
10000 10000 1055 320 2e-17 0.103940636218 0.103915152883 0.0 0.0
10000 10000 1055 320 5e-17 0.0391695108775 0.0391634110875 0.0 0.0
10000 10000 1055 320 7e-17 0.021082420265 0.0210799880491 0.0 0.0
10000 10000 1055 320 1e-16 0.00862881913404 0.00862817621072 0.0 0.0
10000 10000 1055 320 1e-15 6.10279391484e-11 6.1027939121e-11 0.0 0.0
10000 10000 1055 320 1e-14 9.719617685e-58 9.719617685e-58 0.0 0.0
10000 10000 1055 320 1e-12 0.0 0.0 0.0 0.0
10000 10000 1055 320 1e-10 0.0 0.0 0.0 0.0
