10000 10000 1405 390 1e-22 0.173020936673 0.173010461147 0.172660012592 0.0
10000 10000 1405 390 1e-20 0.172962936259 0.172952466055 0.172602145669 0.0
10000 10000 1405 390 1e-19 0.172436607649 0.172426185704 0.172077028226 0.0
10000 10000 1405 390 2e-19 0.171853796033 0.171843427443 0.171495557324 0.0
10000 10000 1405 390 5e-19 0.170117900697 0.1701076905 0.169763652594 0.0
10000 10000 1405 390 7e-19 0.168971006565 0.168960900585 0.168619392802 0.0
10000 10000 1405 390 1e-18 0.167266060646 0.167256108957 0.166918359731 0.0
10000 10000 1405 390 2e-18 0.161713799309 0.161704344737 0.161378813025 0.0
10000 10000 1405 390 5e-18 0.146201197622 0.146193087352 0.145901499037 0.0
10000 10000 1405 390 7e-18 0.136743096315 0.136735772065 0.136464730886 0.0
10000 10000 1405 390 1e-17 0.123753876597 0.123747588003 0.123504564311 0.0
10000 10000 1405 390 2e-17 0.0891036900497 0.089099891813 0.0889302714445 0.0
10000 10000 1405 390 5e-17 0.0343984596718 0.0343975913606 0.0343379640439 0.0
10000 10000 1405 390 7e-17 0.0186663592165 0.0186660244941 0.0186356261841 0.0
10000 10000 1405 390 1e-16 0.00767219541841 0.00767211164252 0.00766073397554 0.0
10000 10000 1405 390 1e-15 5.43578440896e-11 5.43578440892e-11 5.43573535837e-11 0.0
10000 10000 1405 390 1e-14 1.21786434361e-57 1.21786434361e-57 1.21786434361e-57 0.0
10000 10000 1405 390 1e-12 0.0 0.0 0.0 0.0
10000 10000 1405 390 1e-10 0.0 0.0 0.0 0.0
