10000 10000 705 290 1e-22 0.352720906639 0.352572603288 0.0 0.0
10000 10000 705 290 1e-20 0.352593111178 0.352444880272 0.0 0.0
10000 10000 705 290 1e-19 0.351433599015 0.351286024997 0.0 0.0
10000 10000 705 290 2e-19 0.350150024763 0.35000317704 0.0 0.0
10000 10000 705 290 5e-19 0.346329239469 0.346184548215 0.0 0.0
10000 10000 705 290 7e-19 0.343806789333 0.343663517246 0.0 0.0
10000 10000 705 290 1e-18 0.34005981274 0.339918642085 0.0 0.0
10000 10000 705 290 2e-18 0.327881392144 0.327746995767 0.0 0.0
10000 10000 705 290 5e-18 0.294056539515 0.293940494724 0.0 0.0
10000 10000 705 290 7e-18 0.273586357047 0.273481070537 0.0 0.0
10000 10000 705 290 1e-17 0.245676499613 0.245585430472 0.0 0.0
10000 10000 705 290 2e-17 0.172524591783 0.172468025248 0.0 0.0
10000 10000 705 290 5e-17 0.0622977850101 0.062283357644 0.0 0.0
10000 10000 705 290 7e-17 0.0325201527142 0.0325140825981 0.0 0.0
10000 10000 705 290 1e-16 0.0127003389831 0.0126985891193 0.0 0.0
10000 10000 705 290 1e-15 4.63062220414e-11 4.63062208758e-11 0.0 0.0
10000 10000 705 290 1e-14 1.96601263612e-57 1.96601263612e-57 0.0 0.0
10000 10000 705 290 1e-12 0.0 0.0 0.0 0.0
10000 10000 705 290 1e-10 0.0 0.0 0.0 0.0
