10000 10000 655 500 1e-22 0.424763359156 0.424749081356 0.424142935931 0.422050300148
10000 10000 655 500 1e-20 0.42458933088 0.424575062022 0.423969195378 0.421877451133
10000 10000 655 500 1e-19 0.423010764618 0.422996576786 0.422393238342 0.420309580531
10000 10000 655 500 2e-19 0.421264193857 0.421250095509 0.42064955317 0.418574841408
10000 10000 655 500 5e-19 0.416070805028 0.416056971725 0.415464736243 0.413416619016
10000 10000 655 500 7e-19 0.412646783224 0.412633123814 0.412046359047 0.410015770444
10000 10000 655 500 1e-18 0.407567383994 0.407553981293 0.406975323175 0.404970729761
10000 10000 655 500 2e-18 0.391115397381 0.391102815689 0.390550339716 0.388629877633
10000 10000 655 500 5e-18 0.345896973135 0.345886562211 0.345405418505 0.343715625407
10000 10000 655 500 7e-18 0.318890578512 0.318881400525 0.318442377744 0.316889904381
10000 10000 655 500 1e-17 0.28253768908 0.282530089829 0.282147124645 0.280778881596
10000 10000 655 500 2e-17 0.190162815279 0.190158753826 0.189914177577 0.189009961922
10000 10000 655 500 5e-17 0.0616637963408 0.0616631613828 0.0615954792684 0.0613188616051
10000 10000 655 500 7e-17 0.030383817534 0.0303836298237 0.0303535357244 0.0302224749225
10000 10000 655 500 1e-16 0.0110540964149 0.0110540654862 0.0110445955631 0.0109995247873
10000 10000 655 500 1e-15 8.60123995796e-12 8.60123995796e-12 8.601140541e-12 8.5903469514e-12
10000 10000 655 500 1e-14 2.64796374293e-60 2.64796374293e-60 2.64796374293e-60 2.64796374293e-60
10000 10000 655 500 1e-12 0.0 0.0 0.0 0.0
10000 10000 655 500 1e-10 0.0 0.0 0.0 0.0
