10000 10000 1155 500 1e-22 0.405710476665 0.405702827753 0.405263316344 0.403609599915
10000 10000 1155 500 1e-20 0.405555003311 0.40554735919 0.405108041973 0.403454985256
10000 10000 1155 500 1e-19 0.404144536162 0.404136935452 0.403699379463 0.402052307222
10000 10000 1155 500 2e-19 0.402583517489 0.40257596472 0.402140356891 0.400499906903
10000 10000 1155 500 5e-19 0.397939129483 0.397931718694 0.397501900473 0.395881146959
10000 10000 1155 500 7e-19 0.394874808984 0.394867491334 0.394441487576 0.392833724439
10000 10000 1155 500 1e-18 0.390325671207 0.390318491036 0.389898141952 0.388309656041
10000 10000 1155 500 2e-18 0.375563208036 0.375556467408 0.375154400602 0.373628407328
10000 10000 1155 500 5e-18 0.33475505679 0.334749477303 0.334397381369 0.333043599192
10000 10000 1155 500 7e-18 0.310205561414 0.310200640797 0.309878175696 0.308627581835
10000 10000 1155 500 1e-17 0.27692683939 0.276922761851 0.276639895934 0.275528636651
10000 10000 1155 500 2e-17 0.190913655543 0.190911465997 0.190727389173 0.189972798487
10000 10000 1155 500 5e-17 0.0658704970985 0.0658701444898 0.0658162270606 0.0655666364724
10000 10000 1155 500 7e-17 0.0335927828318 0.0335926754778 0.0335678003604 0.0334437410868
10000 10000 1155 500 1e-16 0.0127679870661 0.0127679684191 0.0127597248037 0.012714228094
10000 10000 1155 500 1e-15 1.79598820548e-11 1.79598820548e-11 1.79597720201e-11 1.79315711331e-11
10000 10000 1155 500 1e-14 2.97017152981e-58 2.97017152981e-58 2.97017152981e-58 2.97017152981e-58
10000 10000 1155 500 1e-12 0.0 0.0 0.0 0.0
10000 10000 1155 500 1e-10 0.0 0.0 0.0 0.0
