10000 10000 1955 100 1e-22 3.39961917274e-06 0.0 0.0 0.0
10000 10000 1955 100 1e-20 3.3993600765e-06 0.0 0.0 0.0
10000 10000 1955 100 1e-19 3.39700578065e-06 0.0 0.0 0.0
10000 10000 1955 100 2e-19 3.39439227098e-06 0.0 0.0 0.0
10000 10000 1955 100 5e-19 3.38656671118e-06 0.0 0.0 0.0
10000 10000 1955 100 7e-19 3.38136211685e-06 0.0 0.0 0.0
10000 10000 1955 100 1e-18 3.37357383623e-06 0.0 0.0 0.0
10000 10000 1955 100 2e-18 3.34777326727e-06 0.0 0.0 0.0
10000 10000 1955 100 5e-18 3.27182766981e-06 0.0 0.0 0.0
10000 10000 1955 100 7e-18 3.22238313039e-06 0.0 0.0 0.0
10000 10000 1955 100 1e-17 3.14994156364e-06 0.0 0.0 0.0
10000 10000 1955 100 2e-17 2.92260055728e-06 0.0 0.0 0.0
10000 10000 1955 100 5e-17 2.35213044946e-06 0.0 0.0 0.0
10000 10000 1955 100 7e-17 2.04671193451e-06 0.0 0.0 0.0
10000 10000 1955 100 1e-16 1.6734983668e-06 0.0 0.0 0.0
10000 10000 1955 100 1e-15 1.14489257346e-08 0.0 0.0 0.0
10000 10000 1955 100 1e-14 3.60115180192e-28 0.0 0.0 0.0
10000 10000 1955 100 1e-12 0.0 0.0 0.0 0.0
10000 10000 1955 100 1e-10 0.0 0.0 0.0 0.0
