10000 10000 555 450 1e-22 0.446758952957 0.446719895069 0.445793557452 0.0
10000 10000 555 450 1e-20 0.446576060519 0.44653702705 0.445611102256 0.0
10000 10000 555 450 1e-19 0.44491708856 0.444878276361 0.443956095586 0.0
10000 10000 555 450 2e-19 0.443081552168 0.44304298433 0.442124944781 0.0
10000 10000 555 450 5e-19 0.437623609322 0.437585765217 0.436680031624 0.0
10000 10000 555 450 7e-19 0.434025150938 0.433987781632 0.433090154887 0.0
10000 10000 555 450 1e-18 0.428686957237 0.428650288797 0.427764678582 0.0
10000 10000 555 450 2e-18 0.411396499331 0.411362072018 0.41051530192 0.0
10000 10000 555 450 5e-18 0.363870627986 0.36384212345 0.363101426872 0.0
10000 10000 555 450 7e-18 0.335483086856 0.335457944621 0.334780081113 0.0
10000 10000 555 450 1e-17 0.29726576145 0.2972449231 0.296650949695 0.0
10000 10000 555 450 2e-17 0.200109509116 0.200098314327 0.19971315685 0.0
10000 10000 555 450 5e-17 0.0647711636756 0.0647693540066 0.0646578092792 0.0
10000 10000 555 450 7e-17 0.0317995523922 0.0317989965127 0.0317479934804 0.0
10000 10000 555 450 1e-16 0.0114707367755 0.0114706373005 0.0114539985407 0.0
10000 10000 555 450 1e-15 7.06425504031e-12 7.06425504031e-12 7.06382584625e-12 0.0
10000 10000 555 450 1e-14 1.070328208e-60 1.070328208e-60 1.070328208e-60 0.0
10000 10000 555 450 1e-12 0.0 0.0 0.0 0.0
10000 10000 555 450 1e-10 0.0 0.0 0.0 0.0
