10000 10000 455 270 1e-22 0.422109818975 0.42170846393 0.0 0.0
10000 10000 455 270 1e-20 0.421943586233 0.421542422859 0.0 0.0
10000 10000 455 270 1e-19 0.420435607518 0.420036182174 0.0 0.0
10000 10000 455 270 2e-19 0.418766876269 0.418369372721 0.0 0.0
10000 10000 455 270 5e-19 0.413803312226 0.413411515538 0.0 0.0
10000 10000 455 270 7e-19 0.410529468694 0.410141428328 0.0 0.0
10000 10000 455 270 1e-18 0.405670858157 0.405288380931 0.0 0.0
10000 10000 455 270 2e-18 0.389917262145 0.389552726761 0.0 0.0
10000 10000 455 270 5e-18 0.346477953568 0.346162093601 0.0 0.0
10000 10000 455 270 7e-18 0.320426773848 0.320139505326 0.0 0.0
10000 10000 455 270 1e-17 0.285217125752 0.28496772022 0.0 0.0
10000 10000 455 270 2e-17 0.194847493023 0.194690499422 0.0 0.0
10000 10000 455 270 5e-17 0.0657100649057 0.065668147926 0.0 0.0
10000 10000 455 270 7e-17 0.0330924537814 0.0330742269874 0.0 0.0
10000 10000 455 270 1e-16 0.0123806065772 0.0123750844201 0.0 0.0
10000 10000 455 270 1e-15 1.66363219875e-11 1.66363186842e-11 0.0 0.0
10000 10000 455 270 1e-14 1.15936378594e-59 1.15936378594e-59 0.0 0.0
10000 10000 455 270 1e-12 0.0 0.0 0.0 0.0
10000 10000 455 270 1e-10 0.0 0.0 0.0 0.0
