10000 10000 1355 700 1e-22 0.425221497543 0.425221246086 0.425075992432 0.424468247526
10000 10000 1355 700 1e-20 0.42504492348 0.425044672187 0.424899493711 0.424292013061
10000 10000 1355 700 1e-19 0.423443308288 0.423443058476 0.4232985616 0.422693477665
10000 10000 1355 700 2e-19 0.421671326594 0.421671078419 0.421527334992 0.42092490227
10000 10000 1355 700 5e-19 0.416402947775 0.416402704447 0.416261197064 0.415666644032
10000 10000 1355 700 7e-19 0.41292995423 0.41292971408 0.412789677367 0.412200316447
10000 10000 1355 700 1e-18 0.407778602006 0.407778366546 0.407640506242 0.407058843174
10000 10000 1355 700 2e-18 0.391099374216 0.391099153736 0.390968298676 0.390411531519
10000 10000 1355 700 5e-18 0.345304789145 0.345304608124 0.345192640847 0.344703990543
10000 10000 1355 700 7e-18 0.317990967296 0.317990808573 0.317889845605 0.317441642571
10000 10000 1355 700 1e-17 0.281272483639 0.281272353319 0.281185842361 0.280791775088
10000 10000 1355 700 2e-17 0.188269699055 0.188269631502 0.18821763178 0.187959186625
10000 10000 1355 700 5e-17 0.0600540138751 0.0600540044548 0.0600421197179 0.0599648255046
10000 10000 1355 700 7e-17 0.0292716963586 0.0292716938228 0.0292670764384 0.0292310823207
10000 10000 1355 700 1e-16 0.0104840456491 0.0104840452945 0.010482869885 0.01047086725
10000 10000 1355 700 1e-15 5.81189164894e-12 5.81189164894e-12 5.8118915881e-12 5.81143032812e-12
10000 10000 1355 700 1e-14 2.43321866833e-62 2.43321866833e-62 2.43321866833e-62 2.43321866833e-62
10000 10000 1355 700 1e-12 0.0 0.0 0.0 0.0
10000 10000 1355 700 1e-10 0.0 0.0 0.0 0.0
