10000 10000 1055 950 1e-22 0.307776083411 0.307775957682 0.307737545507 0.307468894852
10000 10000 1055 950 1e-20 0.307633564135 0.307633438489 0.307595049612 0.307326532003
10000 10000 1055 950 1e-19 0.306341163728 0.306341038835 0.306302861085 0.306035549828
10000 10000 1055 950 2e-19 0.304911963568 0.304911839506 0.304873894948 0.304607917413
10000 10000 1055 950 5e-19 0.300666941827 0.300666820224 0.30062956651 0.3003675484
10000 10000 1055 950 7e-19 0.2978720352 0.29787191521 0.297835114879 0.297575701982
10000 10000 1055 950 1e-18 0.293731597608 0.293731479997 0.293695349156 0.293439793218
10000 10000 1055 950 2e-18 0.280368414415 0.280368304398 0.280334316332 0.280091188029
10000 10000 1055 950 5e-18 0.244033041743 0.244032951691 0.244004642873 0.24379513319
10000 10000 1055 950 7e-18 0.222627205003 0.222627126205 0.222602053989 0.22241221687
10000 10000 1055 950 1e-17 0.194195872393 0.194195807895 0.19417489529 0.194011010141
10000 10000 1055 950 2e-17 0.124271264885 0.124271231798 0.124259738899 0.124158564479
10000 10000 1055 950 5e-17 0.0351192107431 0.0351192062767 0.0351171948928 0.0350917545414
10000 10000 1055 950 7e-17 0.0159590947516 0.0159590935763 0.0159584386013 0.0159477827069
10000 10000 1055 950 1e-16 0.00521268323067 0.005212683072 0.00521255497969 0.00520947154222
10000 10000 1055 950 1e-15 4.34210054057e-13 4.34210054057e-13 4.34210054057e-13 4.34205271646e-13
10000 10000 1055 950 1e-14 7.46118517486e-85 7.46118517486e-85 7.46118517486e-85 7.46118517486e-85
10000 10000 1055 950 1e-12 0.0 0.0 0.0 0.0
10000 10000 1055 950 1e-10 0.0 0.0 0.0 0.0
