10000 10000 2955 1650 1e-22 0.101546017289 0.101546017289 0.101546017289 0.101533607591
10000 10000 2955 1650 1e-20 0.101499544578 0.101499544578 0.101499544578 0.101487141041
10000 10000 2955 1650 1e-19 0.101078092971 0.101078092971 0.101078092971 0.101065745297
10000 10000 2955 1650 2e-19 0.100611977496 0.100611977496 0.100611977496 0.100599691588
10000 10000 2955 1650 5e-19 0.0992271847183 0.0992271847183 0.0992271847183 0.0992150822128
10000 10000 2955 1650 7e-19 0.0983151687177 0.0983151687177 0.0983151687177 0.0983031869167
10000 10000 2955 1650 1e-18 0.0969636852506 0.0969636852506 0.0969636852506 0.0969518821932
10000 10000 2955 1650 2e-18 0.092598471716 0.092598471716 0.092598471716 0.0925872449469
10000 10000 2955 1650 5e-18 0.0807024495506 0.0807024495506 0.0807024495506 0.0806927844228
10000 10000 2955 1650 7e-18 0.0736750006867 0.0736750006867 0.0736750006867 0.0736662511862
10000 10000 2955 1650 1e-17 0.064317529546 0.064317529546 0.064317529546 0.0643099898877
10000 10000 2955 1650 2e-17 0.0411790187558 0.0411790187558 0.0411790187558 0.0411744098756
10000 10000 2955 1650 5e-17 0.0114316499275 0.0114316499275 0.0114316499275 0.0114305648548
10000 10000 2955 1650 7e-17 0.00506071163326 0.00506071163326 0.00506071163326 0.00506028982904
10000 10000 2955 1650 1e-16 0.00156306730575 0.00156306730575 0.00156306730575 0.00156296304772
10000 10000 2955 1650 1e-15 1.61687898786e-15 1.61687898786e-15 1.61687898786e-15 1.61687898758e-15
10000 10000 2955 1650 1e-14 4.03892691601e-110 4.03892691601e-110 4.03892691601e-110 4.03892691601e-110
10000 10000 2955 1650 1e-12 0.0 0.0 0.0 0.0
10000 10000 2955 1650 1e-10 0.0 0.0 0.0 0.0
