10000 10000 1255 100 1e-22 5.978163548e-06 0.0 0.0 0.0
10000 10000 1255 100 1e-20 5.97781785093e-06 0.0 0.0 0.0
10000 10000 1255 100 1e-19 5.97467612514e-06 0.0 0.0 0.0
10000 10000 1255 100 2e-19 5.97118737797e-06 0.0 0.0 0.0
10000 10000 1255 100 5e-19 5.96073412773e-06 0.0 0.0 0.0
10000 10000 1255 100 7e-19 5.95377610541e-06 0.0 0.0 0.0
10000 10000 1255 100 1e-18 5.94335525904e-06 0.0 0.0 0.0
10000 10000 1255 100 2e-18 5.90875891213e-06 0.0 0.0 0.0
10000 10000 1255 100 5e-18 5.80624780074e-06 0.0 0.0 0.0
10000 10000 1255 100 7e-18 5.73895752738e-06 0.0 0.0 0.0
10000 10000 1255 100 1e-17 5.63956938001e-06 0.0 0.0 0.0
10000 10000 1255 100 2e-17 5.32123899199e-06 0.0 0.0 0.0
10000 10000 1255 100 5e-17 4.47507241327e-06 0.0 0.0 0.0
10000 10000 1255 100 7e-17 3.99045212054e-06 0.0 0.0 0.0
10000 10000 1255 100 1e-16 3.36378572867e-06 0.0 0.0 0.0
10000 10000 1255 100 1e-15 2.55405039151e-08 0.0 0.0 0.0
10000 10000 1255 100 1e-14 4.72145758811e-28 0.0 0.0 0.0
10000 10000 1255 100 1e-12 0.0 0.0 0.0 0.0
10000 10000 1255 100 1e-10 0.0 0.0 0.0 0.0
