10000 10000 455 100 1e-22 0.0559201581241 0.0 0.0 0.0
10000 10000 455 100 1e-20 0.0559039492757 0.0 0.0 0.0
10000 10000 455 100 1e-19 0.0557568209366 0.0 0.0 0.0
10000 10000 455 100 2e-19 0.0555938191055 0.0 0.0 0.0
10000 10000 455 100 5e-19 0.0551077923563 0.0 0.0 0.0
10000 10000 455 100 7e-19 0.0547862410043 0.0 0.0 0.0
10000 10000 455 100 1e-18 0.0543075823217 0.0 0.0 0.0
10000 10000 455 100 2e-18 0.0527433434411 0.0 0.0 0.0
10000 10000 455 100 5e-18 0.0483266530031 0.0 0.0 0.0
10000 10000 455 100 7e-18 0.0455980806538 0.0 0.0 0.0
10000 10000 455 100 1e-17 0.0418028116305 0.0 0.0 0.0
10000 10000 455 100 2e-17 0.0313624644314 0.0 0.0 0.0
10000 10000 455 100 5e-17 0.013512037808 0.0 0.0 0.0
10000 10000 455 100 7e-17 0.00782580029745 0.0 0.0 0.0
10000 10000 455 100 1e-16 0.00351987188185 0.0 0.0 0.0
10000 10000 455 100 1e-15 3.49274300636e-09 0.0 0.0 0.0
10000 10000 455 100 1e-14 6.62936886334e-31 0.0 0.0 0.0
10000 10000 455 100 1e-12 0.0 0.0 0.0 0.0
10000 10000 455 100 1e-10 0.0 0.0 0.0 0.0
