10000 10000 555 460 1e-22 0.410839038785 0.410807134907 0.410060784957 0.0
10000 10000 555 460 1e-20 0.410670497128 0.410638613662 0.409892593345 0.0
10000 10000 555 460 1e-19 0.409141714483 0.409110015976 0.408366985237 0.0
10000 10000 555 460 2e-19 0.407450259082 0.407418764801 0.406679040911 0.0
10000 10000 555 460 5e-19 0.402420961048 0.402390071432 0.401660174719 0.0
10000 10000 555 460 7e-19 0.399105293587 0.399074800492 0.398351378198 0.0
10000 10000 555 460 1e-18 0.394186879661 0.394156971639 0.393443146959 0.0
10000 10000 555 460 2e-18 0.378258321783 0.378230282632 0.377547486209 0.0
10000 10000 555 460 5e-18 0.334493964431 0.334470848517 0.33387284772 0.0
10000 10000 555 460 7e-18 0.308366376283 0.308346043939 0.307798316518 0.0
10000 10000 555 460 1e-17 0.273207890554 0.273191107526 0.272710562122 0.0
10000 10000 555 460 2e-17 0.183917518076 0.183908616457 0.183595694719 0.0
10000 10000 555 460 5e-17 0.0597372554959 0.0597358607594 0.0596441480035 0.0
10000 10000 555 460 7e-17 0.0294715112605 0.0294710894814 0.0294288708361 0.0
10000 10000 555 460 1e-16 0.0107416815132 0.0107416073076 0.0107277230081 0.0
10000 10000 555 460 1e-15 5.53853851467e-12 5.53853851467e-12 5.53826815428e-12 0.0
10000 10000 555 460 1e-14 4.73555453475e-67 4.73555453475e-67 4.73555453475e-67 0.0
10000 10000 555 460 1e-12 0.0 0.0 0.0 0.0
10000 10000 555 460 1e-10 0.0 0.0 0.0 0.0
