10000 10000 555 100 1e-22 0.0231757588613 0.0 0.0 0.0
10000 10000 555 100 1e-20 0.0231689400925 0.0 0.0 0.0
10000 10000 555 100 1e-19 0.0231070471786 0.0 0.0 0.0
10000 10000 555 100 2e-19 0.0230384794857 0.0 0.0 0.0
10000 10000 555 100 5e-19 0.022834046851 0.0 0.0 0.0
10000 10000 555 100 7e-19 0.0226988103526 0.0 0.0 0.0
10000 10000 555 100 1e-18 0.0224975200356 0.0 0.0 0.0
10000 10000 555 100 2e-18 0.0218398952666 0.0 0.0 0.0
10000 10000 555 100 5e-18 0.0199846923259 0.0 0.0 0.0
10000 10000 555 100 7e-18 0.0188398829961 0.0 0.0 0.0
10000 10000 555 100 1e-17 0.0172493884487 0.0 0.0 0.0
10000 10000 555 100 2e-17 0.0128876140178 0.0 0.0 0.0
10000 10000 555 100 5e-17 0.00549964285267 0.0 0.0 0.0
10000 10000 555 100 7e-17 0.00317659926489 0.0 0.0 0.0
10000 10000 555 100 1e-16 0.00143279550959 0.0 0.0 0.0
10000 10000 555 100 1e-15 1.65963059003e-08 0.0 0.0 0.0
10000 10000 555 100 1e-14 7.22134270893e-30 0.0 0.0 0.0
10000 10000 555 100 1e-12 0.0 0.0 0.0 0.0
10000 10000 555 100 1e-10 0.0 0.0 0.0 0.0
