10000 10000 455 440 1e-22 0.390313123524 0.390275622212 0.389349397537 0.0
10000 10000 455 440 1e-20 0.390153285923 0.390115806591 0.389189982987 0.0
10000 10000 455 440 1e-19 0.388703427306 0.388666147187 0.387743961277 0.0
10000 10000 455 440 2e-19 0.387099236384 0.387062176348 0.386144014628 0.0
10000 10000 455 440 5e-19 0.382329049343 0.382292641644 0.38138644164 0.0
10000 10000 455 440 7e-19 0.379183913699 0.379147934378 0.378249617366 0.0
10000 10000 455 440 1e-18 0.374518036515 0.374482690151 0.373596062165 0.0
10000 10000 455 440 2e-18 0.359403830949 0.359370513664 0.358521703165 0.0
10000 10000 455 440 5e-18 0.31784957991 0.317821666143 0.317076432063 0.0
10000 10000 455 440 7e-18 0.293022623096 0.292997807267 0.292314147956 0.0
10000 10000 455 440 1e-17 0.259592915543 0.259572103753 0.258970938925 0.0
10000 10000 455 440 2e-17 0.174595745038 0.174584119388 0.174189985857 0.0
10000 10000 455 440 5e-17 0.0563353526112 0.0563332486756 0.056215944798 0.0
10000 10000 455 440 7e-17 0.0276274356835 0.0276267423969 0.0275723124576 0.0
10000 10000 455 440 1e-16 0.00997753235374 0.00997739571994 0.00995930153104 0.0
10000 10000 455 440 1e-15 1.16763930954e-11 1.16763930954e-11 1.16760735026e-11 0.0
10000 10000 455 440 1e-14 5.92877492976e-60 5.92877492976e-60 5.92877492976e-60 0.0
10000 10000 455 440 1e-12 0.0 0.0 0.0 0.0
10000 10000 455 440 1e-10 0.0 0.0 0.0 0.0
