10000 10000 805 360 1e-22 0.383717164569 0.383644498193 0.382308373999 0.0
10000 10000 805 360 1e-20 0.383576806695 0.383504178887 0.382168569204 0.0
10000 10000 805 360 1e-19 0.382303361918 0.382231083757 0.380900141794 0.0
10000 10000 805 360 2e-19 0.380893766826 0.380821875111 0.379496099173 0.0
10000 10000 805 360 5e-19 0.376698493819 0.376627748617 0.375317343274 0.0
10000 10000 805 360 7e-19 0.373929332679 0.373859341253 0.372559077674 0.0
10000 10000 805 360 1e-18 0.369816648532 0.369747772162 0.368462565125 0.0
10000 10000 805 360 2e-18 0.356455994267 0.356390703327 0.355154361249 0.0
10000 10000 805 360 5e-18 0.319399566016 0.319343913049 0.318242686736 0.0
10000 10000 805 360 7e-18 0.297011546465 0.296961487437 0.295941569846 0.0
10000 10000 805 360 1e-17 0.266533826727 0.266491087699 0.265581417642 0.0
10000 10000 805 360 2e-17 0.186914932413 0.186889526756 0.186264893908 0.0
10000 10000 805 360 5e-17 0.0676253297915 0.0676196739321 0.0674086038321 0.0
10000 10000 805 360 7e-17 0.0354619548742 0.0354597864144 0.0353543708945 0.0
10000 10000 805 360 1e-16 0.0139750546058 0.0139745112702 0.0139360223194 0.0
10000 10000 805 360 1e-15 3.42144868292e-11 3.42144868269e-11 3.42129278925e-11 0.0
10000 10000 805 360 1e-14 2.90300759147e-57 2.90300759147e-57 2.90300759147e-57 0.0
10000 10000 805 360 1e-12 0.0 0.0 0.0 0.0
10000 10000 805 360 1e-10 0.0 0.0 0.0 0.0
