10000 10000 1055 550 1e-22 0.455037840816 0.455032147296 0.4546028082 0.453237338203
10000 10000 1055 550 1e-20 0.454852123147 0.454846433229 0.45441729524 0.453052393615
10000 10000 1055 550 1e-19 0.453167511915 0.453161854639 0.452734540357 0.451374794154
10000 10000 1055 550 2e-19 0.45130358162 0.451297960392 0.450872662897 0.449518620518
10000 10000 1055 550 5e-19 0.445761049061 0.4457555346 0.445336227623 0.443999143694
10000 10000 1055 550 7e-19 0.442106688003 0.442101243585 0.441685880939 0.440359976342
10000 10000 1055 550 1e-18 0.436685370276 0.43668002925 0.4362705101 0.434961187458
10000 10000 1055 550 2e-18 0.419124065989 0.419119055569 0.418728398263 0.417472766115
10000 10000 1055 550 5e-18 0.370840759952 0.370836623074 0.370497264441 0.369389052181
10000 10000 1055 550 7e-18 0.341991393867 0.34198775265 0.341678618753 0.340658338793
10000 10000 1055 550 1e-17 0.303140630617 0.303137623375 0.302868629702 0.30196656392
10000 10000 1055 550 2e-17 0.204307006554 0.204305415243 0.204135016253 0.203532377325
10000 10000 1055 550 5e-17 0.066400935873 0.0664006977062 0.0663546892572 0.0661644175439
10000 10000 1055 550 7e-17 0.0327115617694 0.0327114941276 0.0326913997246 0.0325996258411
10000 10000 1055 550 1e-16 0.0118722607815 0.0118722504434 0.0118661153969 0.011833906456
10000 10000 1055 550 1e-15 5.63103408965e-12 5.63103408965e-12 5.63101566854e-12 5.62650803821e-12
10000 10000 1055 550 1e-14 4.16064313816e-65 4.16064313816e-65 4.16064313816e-65 4.16064313816e-65
10000 10000 1055 550 1e-12 0.0 0.0 0.0 0.0
10000 10000 1055 550 1e-10 0.0 0.0 0.0 0.0
