10000 10000 1355 380 1e-22 0.151055731892 0.151043461845 0.150741434889 0.0
10000 10000 1355 380 1e-20 0.151006164198 0.150993900427 0.150691982919 0.0
10000 10000 1355 380 1e-19 0.150556348936 0.150544142063 0.150243217612 0.0
10000 10000 1355 380 2e-19 0.150058240727 0.150046096759 0.149746271632 0.0
10000 10000 1355 380 5e-19 0.148574501065 0.148562543837 0.148265991135 0.0
10000 10000 1355 380 7e-19 0.14759409444 0.147582260078 0.147287867879 0.0
10000 10000 1355 380 1e-18 0.146136480189 0.146124827718 0.145833644956 0.0
10000 10000 1355 380 2e-18 0.141388257723 0.141377191239 0.141096440736 0.0
10000 10000 1355 380 5e-18 0.128109519586 0.128100037226 0.127848269607 0.0
10000 10000 1355 380 7e-18 0.120003130503 0.119994573978 0.119760352161 0.0
10000 10000 1355 380 1e-17 0.108855402094 0.108848064846 0.108637773196 0.0
10000 10000 1355 380 2e-17 0.0790081312481 0.0790037216075 0.0788561943663 0.0
10000 10000 1355 380 5e-17 0.0313014641053 0.0313004780722 0.0312476109085 0.0
10000 10000 1355 380 7e-17 0.0172949883281 0.0172946162266 0.0172672740766 0.0
10000 10000 1355 380 1e-16 0.00730685794914 0.00730676866691 0.00729630573807 0.0
10000 10000 1355 380 1e-15 4.5567072896e-11 4.5567072896e-11 4.556622494e-11 0.0
10000 10000 1355 380 1e-14 7.59737327902e-59 7.59737327902e-59 7.59737327902e-59 0.0
10000 10000 1355 380 1e-12 0.0 0.0 0.0 0.0
10000 10000 1355 380 1e-10 0.0 0.0 0.0 0.0
