10000 10000 705 340 1e-22 0.400084601774 0.399946308587 0.397969035707 0.0
10000 10000 705 340 1e-20 0.399929970649 0.399791751176 0.397815268092 0.0
10000 10000 705 340 1e-19 0.398527188761 0.398389637541 0.396420319032 0.0
10000 10000 705 340 2e-19 0.396974769171 0.39683795652 0.394876566204 0.0
10000 10000 705 340 5e-19 0.392356547398 0.392221925819 0.3902841167 0.0
10000 10000 705 340 7e-19 0.389309969139 0.389176787987 0.387254531725 0.0
10000 10000 705 340 1e-18 0.384787873448 0.384656822969 0.382757647143 0.0
10000 10000 705 340 2e-18 0.370118979612 0.369994779072 0.368170429933 0.0
10000 10000 705 340 5e-18 0.329616370915 0.329510574269 0.32789246469 0.0
10000 10000 705 340 7e-18 0.305284456925 0.30518933518 0.3036948322 0.0
10000 10000 705 340 1e-17 0.272342060326 0.272260898843 0.270933335574 0.0
10000 10000 705 340 2e-17 0.187424847183 0.187376696249 0.186476631764 0.0
10000 10000 705 340 5e-17 0.0645629945195 0.0645523282164 0.0642574090438 0.0
10000 10000 705 340 7e-17 0.0329443577128 0.0329402793447 0.0327951490338 0.0
10000 10000 705 340 1e-16 0.0125476205584 0.0125466019484 0.0124943951577 0.0
10000 10000 705 340 1e-15 3.50831254654e-11 3.5083125462e-11 3.50801729772e-11 0.0
10000 10000 705 340 1e-14 3.3566287452e-58 3.3566287452e-58 3.3566287452e-58 0.0
10000 10000 705 340 1e-12 0.0 0.0 0.0 0.0
10000 10000 705 340 1e-10 0.0 0.0 0.0 0.0
