10000 10000 1055 400 1e-22 0.323186033089 0.323158722269 0.322479814895 0.0
10000 10000 1055 400 1e-20 0.32306868661 0.32304139056 0.322362756815 0.0
10000 10000 1055 400 1e-19 0.322004012405 0.321976850257 0.321300698593 0.0
10000 10000 1055 400 2e-19 0.3208254913 0.320798477136 0.320125071882 0.0
10000 10000 1055 400 5e-19 0.317317837317 0.317291262128 0.316626024291 0.0
10000 10000 1055 400 7e-19 0.315002459292 0.314976172654 0.314316320482 0.0
10000 10000 1055 400 1e-18 0.311563583782 0.311537723915 0.310885862435 0.0
10000 10000 1055 400 2e-18 0.300390700441 0.300366212179 0.299740243031 0.0
10000 10000 1055 400 5e-18 0.269391261097 0.269370454269 0.268815743186 0.0
10000 10000 1055 400 7e-18 0.250653433649 0.250634759275 0.250122679821 0.0
10000 10000 1055 400 1e-17 0.225131197387 0.225115307755 0.224660714994 0.0
10000 10000 1055 400 2e-17 0.158355802425 0.158346471411 0.158038625077 0.0
10000 10000 1055 400 5e-17 0.0577936786761 0.0577916906614 0.0576906476834 0.0
10000 10000 1055 400 7e-17 0.0304607896295 0.030460053087 0.0304101974986 0.0
10000 10000 1055 400 1e-16 0.0120845058743 0.0120843314042 0.0120663394308 0.0
10000 10000 1055 400 1e-15 2.61462155456e-11 2.61462155456e-11 2.61453157025e-11 0.0
10000 10000 1055 400 1e-14 4.16871564056e-59 4.16871564056e-59 4.16871564056e-59 0.0
10000 10000 1055 400 1e-12 0.0 0.0 0.0 0.0
10000 10000 1055 400 1e-10 0.0 0.0 0.0 0.0
