10000 10000 1455 290 1e-22 0.0466458739353 0.0466389433412 0.0 0.0
10000 10000 1455 290 1e-20 0.0466318680439 0.0466249400136 0.0 0.0
10000 10000 1455 290 1e-19 0.0465047427322 0.0464978379645 0.0 0.0
10000 10000 1455 290 2e-19 0.0463639161562 0.0463570371426 0.0 0.0
10000 10000 1455 290 5e-19 0.0459440984984 0.0459372961624 0.0 0.0
10000 10000 1455 290 7e-19 0.0456664238707 0.0456596721694 0.0 0.0
10000 10000 1455 290 1e-18 0.0452531887081 0.0452465122409 0.0 0.0
10000 10000 1455 290 2e-18 0.043903673891 0.0438972420997 0.0 0.0
10000 10000 1455 290 5e-18 0.040101205765 0.0400954546591 0.0 0.0
10000 10000 1455 290 7e-18 0.0377582950294 0.0377529565495 0.0 0.0
10000 10000 1455 290 1e-17 0.0345079551008 0.0345031798377 0.0 0.0
10000 10000 1455 290 2e-17 0.0256250352114 0.0256217368474 0.0 0.0
10000 10000 1455 290 5e-17 0.0107170110986 0.0107159074031 0.0 0.0
10000 10000 1455 290 7e-17 0.00609129867374 0.00609075965034 0.0 0.0
10000 10000 1455 290 1e-16 0.0026676851351 0.00266749735506 0.0 0.0
10000 10000 1455 290 1e-15 1.10106135441e-10 1.10106134428e-10 0.0 0.0
10000 10000 1455 290 1e-14 1.99889736745e-57 1.99889736745e-57 0.0 0.0
10000 10000 1455 290 1e-12 0.0 0.0 0.0 0.0
10000 10000 1455 290 1e-10 0.0 0.0 0.0 0.0
