10000 10000 1055 330 1e-22 0.234475664775 0.234434109733 0.0 0.0
10000 10000 1055 330 1e-20 0.234396583977 0.234355048502 0.0 0.0
10000 10000 1055 330 1e-19 0.233678960647 0.233637602615 0.0 0.0
10000 10000 1055 330 2e-19 0.232884326852 0.232843165058 0.0 0.0
10000 10000 1055 330 5e-19 0.230517531653 0.230476952791 0.0 0.0
10000 10000 1055 330 7e-19 0.228953814661 0.228913619654 0.0 0.0
10000 10000 1055 330 1e-18 0.226629243505 0.22658961723 0.0 0.0
10000 10000 1055 330 2e-18 0.21905927411 0.219021484022 0.0 0.0
10000 10000 1055 330 5e-18 0.197911085504 0.197878292434 0.0 0.0
10000 10000 1055 330 7e-18 0.185018873075 0.184989026201 0.0 0.0
10000 10000 1055 330 1e-17 0.167317083415 0.167291151218 0.0 0.0
10000 10000 1055 330 2e-17 0.120131638215 0.120115325826 0.0 0.0
10000 10000 1055 330 5e-17 0.0459135655233 0.0459093309937 0.0 0.0
10000 10000 1055 330 7e-17 0.0247375688643 0.0247357929477 0.0 0.0
10000 10000 1055 330 1e-16 0.0100629742369 0.0100624733037 0.0 0.0
10000 10000 1055 330 1e-15 7.14280715648e-11 7.14280715078e-11 0.0 0.0
10000 10000 1055 330 1e-14 1.31136237326e-57 1.31136237326e-57 0.0 0.0
10000 10000 1055 330 1e-12 0.0 0.0 0.0 0.0
10000 10000 1055 330 1e-10 0.0 0.0 0.0 0.0
