10000 10000 1255 370 1e-22 0.208710707698 0.208688794741 0.20814320568 0.0
10000 10000 1255 370 1e-20 0.208639606143 0.208617704222 0.2080723173 0.0
10000 10000 1255 370 1e-19 0.207994406837 0.207972604973 0.207429052062 0.0
10000 10000 1255 370 2e-19 0.207280002626 0.207258311384 0.206716788631 0.0
10000 10000 1255 370 5e-19 0.205152378515 0.205131015674 0.204595535532 0.0
10000 10000 1255 370 7e-19 0.203746852258 0.203725705494 0.203194214208 0.0
10000 10000 1255 370 1e-18 0.201657698233 0.201636871363 0.201111304687 0.0
10000 10000 1255 370 2e-18 0.194856511246 0.194836715069 0.194330399067 0.0
10000 10000 1255 370 5e-18 0.175874063137 0.17585705448 0.175404157142 0.0
10000 10000 1255 370 7e-18 0.164315739355 0.164300361088 0.163879751393 0.0
10000 10000 1255 370 1e-17 0.148463332912 0.148450103945 0.148073457678 0.0
10000 10000 1255 370 2e-17 0.106319570405 0.106311520565 0.106049666851 0.0
10000 10000 1255 370 5e-17 0.0404451078234 0.0404432157659 0.0403519814604 0.0
10000 10000 1255 370 7e-17 0.0217717723629 0.0217710294852 0.0217247036485 0.0
10000 10000 1255 370 1e-16 0.0088681601938 0.00886797048033 0.00885069691959 0.0
10000 10000 1255 370 1e-15 6.87378369886e-11 6.87378369886e-11 6.87368890557e-11 0.0
10000 10000 1255 370 1e-14 1.94462235151e-57 1.94462235151e-57 1.94462235151e-57 0.0
10000 10000 1255 370 1e-12 0.0 0.0 0.0 0.0
10000 10000 1255 370 1e-10 0.0 0.0 0.0 0.0
