10000 10000 2955 1950 1e-22 0.0229235623079 0.0229235623079 0.0229235623079 0.0229235623079
10000 10000 2955 1950 1e-20 0.0229117505046 0.0229117505046 0.0229117505046 0.0229117505046
10000 10000 2955 1950 1e-19 0.0228046616296 0.0228046616296 0.0228046616296 0.0228046616296
10000 10000 2955 1950 2e-19 0.0226862869446 0.0226862869446 0.0226862869446 0.0226862869446
10000 10000 2955 1950 5e-19 0.0223349984889 0.0223349984889 0.0223349984889 0.0223349984889
10000 10000 2955 1950 7e-19 0.0221039664708 0.0221039664708 0.0221039664708 0.0221039664708
10000 10000 2955 1950 1e-18 0.0217620877298 0.0217620877298 0.0217620877298 0.0217620877298
10000 10000 2955 1950 2e-18 0.0206618332403 0.0206618332403 0.0206618332403 0.0206618332403
10000 10000 2955 1950 5e-18 0.0176963158729 0.0176963158729 0.0176963158729 0.0176963158729
10000 10000 2955 1950 7e-18 0.0159690686586 0.0159690686586 0.0159690686586 0.0159690686586
10000 10000 2955 1950 1e-17 0.0137008841417 0.0137008841417 0.0137008841417 0.0137008841417
10000 10000 2955 1950 2e-17 0.00828135582573 0.00828135582573 0.00828135582573 0.00828135582573
10000 10000 2955 1950 5e-17 0.00194039116629 0.00194039116629 0.00194039116629 0.00194039116629
10000 10000 2955 1950 7e-17 0.00076878663183 0.00076878663183 0.00076878663183 0.00076878663183
10000 10000 2955 1950 1e-16 0.000201402049652 0.000201402049652 0.000201402049652 0.000201402049652
10000 10000 2955 1950 1e-15 4.61139369984e-18 4.61139369984e-18 4.61139369984e-18 4.61139369984e-18
10000 10000 2955 1950 1e-14 2.22313887738e-139 2.22313887738e-139 2.22313887738e-139 2.22313887738e-139
10000 10000 2955 1950 1e-12 0.0 0.0 0.0 0.0
10000 10000 2955 1950 1e-10 0.0 0.0 0.0 0.0
