10000 10000 455 360 1e-22 0.418450958287 0.418336939562 0.416603130646 0.0
10000 10000 455 360 1e-20 0.41828632663 0.418172367548 0.416439271751 0.0
10000 10000 455 360 1e-19 0.416792849907 0.416679431563 0.414952804443 0.0
10000 10000 455 360 2e-19 0.415140119913 0.415027299278 0.413307829614 0.0
10000 10000 455 360 5e-19 0.410223861617 0.410112814625 0.408414629523 0.0
10000 10000 455 360 7e-19 0.406980983402 0.406871102789 0.405186952335 0.0
10000 10000 455 360 1e-18 0.402167982379 0.40205982762 0.40039649941 0.0
10000 10000 455 360 2e-18 0.386559453629 0.386456851889 0.384860985672 0.0
10000 10000 455 360 5e-18 0.343498350844 0.343410704972 0.342000406518 0.0
10000 10000 455 360 7e-18 0.317659251324 0.317580306848 0.31628093387 0.0
10000 10000 455 360 1e-17 0.282719954783 0.282652422448 0.281502463619 0.0
10000 10000 455 360 2e-17 0.19297557773 0.192935208052 0.192165226477 0.0
10000 10000 455 360 5e-17 0.0647516854129 0.0647426068573 0.0644994046156 0.0
10000 10000 455 360 7e-17 0.0324800647711 0.0324765717966 0.0323595572256 0.0
10000 10000 455 360 1e-16 0.0120835021274 0.0120826220854 0.0120417716649 0.0
10000 10000 455 360 1e-15 2.08476572706e-11 2.08476572439e-11 2.0846177054e-11 0.0
10000 10000 455 360 1e-14 1.56412542205e-58 1.56412542205e-58 1.56412542205e-58 0.0
10000 10000 455 360 1e-12 0.0 0.0 0.0 0.0
10000 10000 455 360 1e-10 0.0 0.0 0.0 0.0
