10000 10000 455 340 1e-22 0.416768461226 0.416596932258 0.41438106488 0.0
10000 10000 455 340 1e-20 0.41660401797 0.416432580437 0.414217611096 0.0
10000 10000 455 340 1e-19 0.415112283961 0.414941675352 0.412734852178 0.0
10000 10000 455 340 2e-19 0.413461553059 0.413291860626 0.411094051265 0.0
10000 10000 455 340 5e-19 0.408551679256 0.408384704998 0.40621370213 0.0
10000 10000 455 340 7e-19 0.405313370976 0.405148183828 0.402994857987 0.0
10000 10000 455 340 1e-18 0.400507677498 0.400345134074 0.398218036413 0.0
10000 10000 455 340 2e-18 0.384927153681 0.384773111501 0.382731007822 0.0
10000 10000 455 340 5e-18 0.341977158808 0.341845970825 0.340037819057 0.0
10000 10000 455 340 7e-18 0.316228168616 0.316110245305 0.3144420769 0.0
10000 10000 455 340 1e-17 0.281437691285 0.281337122937 0.279857712966 0.0
10000 10000 455 340 2e-17 0.192202317958 0.192142804793 0.1911449619 0.0
10000 10000 455 340 5e-17 0.064820415075 0.064807394597 0.0644849105308 0.0
10000 10000 455 340 7e-17 0.0326528744505 0.0326479385533 0.0324905731123 0.0
10000 10000 455 340 1e-16 0.0122135542574 0.0122123320339 0.0121564054916 0.0
10000 10000 455 340 1e-15 1.74334927655e-11 1.74334927455e-11 1.74307488896e-11 0.0
10000 10000 455 340 1e-14 3.13732960983e-58 3.13732960983e-58 3.13732960983e-58 0.0
10000 10000 455 340 1e-12 0.0 0.0 0.0 0.0
10000 10000 455 340 1e-10 0.0 0.0 0.0 0.0
