10000 10000 2955 700 1e-22 0.0641980064873 0.0641980064873 0.0641911683022 0.0641307994269
10000 10000 2955 700 1e-20 0.0641773615624 0.0641773615624 0.0641705268343 0.0641101801954
10000 10000 2955 700 1e-19 0.0639900109962 0.0639900109962 0.0639832076115 0.0639230627125
10000 10000 2955 700 2e-19 0.0637825404626 0.0637825404626 0.0637757717284 0.0637158501224
10000 10000 2955 700 5e-19 0.0631645016777 0.0631645016777 0.0631578357973 0.0630985786631
10000 10000 2955 700 7e-19 0.0627560916899 0.0627560916899 0.0627494934737 0.0626906748549
10000 10000 2955 700 1e-18 0.0621488447626 0.0621488447626 0.0621423467054 0.0620841792403
10000 10000 2955 700 2e-18 0.0601703228264 0.0601703228264 0.0601641473563 0.0601080942984
10000 10000 2955 700 5e-18 0.0546335751167 0.0546335751167 0.0546282711437 0.0545780750267
10000 10000 2955 700 7e-18 0.0512503576267 0.0512503576267 0.0512455627473 0.0511989000704
10000 10000 2955 700 1e-17 0.0465930371044 0.0465930371044 0.0465889126445 0.0465470544241
10000 10000 2955 700 2e-17 0.0340854799839 0.0340854799839 0.0340829680145 0.0340536336809
10000 10000 2955 700 5e-17 0.013865243902 0.013865243902 0.0138646473603 0.0138540343867
10000 10000 2955 700 7e-17 0.00780441398001 0.00780441398001 0.00780417705408 0.00779861263823
10000 10000 2955 700 1e-16 0.00338945198395 0.00338945198395 0.00338939002982 0.00338719978499
10000 10000 2955 700 1e-15 3.60314538178e-11 3.60314538178e-11 3.60314538084e-11 3.60309600261e-11
10000 10000 2955 700 1e-14 1.11211004232e-57 1.11211004232e-57 1.11211004232e-57 1.11211004232e-57
10000 10000 2955 700 1e-12 0.0 0.0 0.0 0.0
10000 10000 2955 700 1e-10 0.0 0.0 0.0 0.0
