10000 10000 1255 300 1e-22 0.0988885158801 0.0988781626731 0.0 0.0
10000 10000 1255 300 1e-20 0.0988578692217 0.0988475202735 0.0 0.0
10000 10000 1255 300 1e-19 0.0985797197925 0.0985694094788 0.0 0.0
10000 10000 1255 300 2e-19 0.0982716274594 0.0982613599002 0.0 0.0
10000 10000 1255 300 5e-19 0.0973533957939 0.0973432554153 0.0 0.0
10000 10000 1255 300 7e-19 0.0967462444781 0.0967361879919 0.0 0.0
10000 10000 1255 300 1e-18 0.0958429534597 0.0958330214854 0.0 0.0
10000 10000 1255 300 2e-18 0.0928953294346 0.092885801247 0.0 0.0
10000 10000 1255 300 5e-18 0.0846092634187 0.0846008488994 0.0 0.0
10000 10000 1255 300 7e-18 0.079518537663 0.0795107908874 0.0 0.0
10000 10000 1255 300 1e-17 0.0724758108011 0.0724689657483 0.0 0.0
10000 10000 1255 300 2e-17 0.0533569336929 0.0533523916521 0.0 0.0
10000 10000 1255 300 5e-17 0.0218105292137 0.0218091736542 0.0 0.0
10000 10000 1255 300 7e-17 0.0122266393897 0.0122260236393 0.0 0.0
10000 10000 1255 300 1e-16 0.00524800913785 0.00524781617719 0.0 0.0
10000 10000 1255 300 1e-15 1.16945618886e-10 1.1694561888e-10 0.0 0.0
10000 10000 1255 300 1e-14 3.79694458327e-57 3.79694458327e-57 0.0 0.0
10000 10000 1255 300 1e-12 0.0 0.0 0.0 0.0
10000 10000 1255 300 1e-10 0.0 0.0 0.0 0.0
