10000 10000 1255 1150 1e-22 0.228399894613 0.228399894613 0.228390453821 0.228278326826
10000 10000 1255 1150 1e-20 0.228287803985 0.228287803985 0.228278369758 0.228166302423
10000 10000 1255 1150 1e-19 0.227271477459 0.227271477459 0.227262102695 0.227150576208
10000 10000 1255 1150 2e-19 0.226147866467 0.226147866467 0.226138557326 0.226027628598
10000 10000 1255 1150 5e-19 0.222812336316 0.222812336316 0.222803221243 0.222694065875
10000 10000 1255 1150 7e-19 0.220617742612 0.220617742612 0.22060875462 0.220500765085
10000 10000 1255 1150 1e-18 0.217368848272 0.217368848272 0.217360047522 0.217253782504
10000 10000 1255 1150 2e-18 0.206901650501 0.206901650501 0.206893445644 0.206792724999
10000 10000 1255 1150 5e-18 0.178593189863 0.178593189863 0.178586537458 0.178500714787
10000 10000 1255 1150 7e-18 0.162030290128 0.162030290128 0.162024503085 0.161947323286
10000 10000 1255 1150 1e-17 0.140178739241 0.140178739241 0.140174040588 0.140108165891
10000 10000 1255 1150 2e-17 0.0873148101585 0.0873148101585 0.0873124507728 0.0872733234348
10000 10000 1255 1150 5e-17 0.0228602868543 0.0228602868543 0.0228599750276 0.0228512740797
10000 10000 1255 1150 7e-17 0.00991557694148 0.00991557694148 0.00991549380687 0.00991215627909
10000 10000 1255 1150 1e-16 0.00304264338769 0.00304264338769 0.00304263161147 0.00304179265841
10000 10000 1255 1150 1e-15 9.9923388356e-14 9.9923388356e-14 9.9923388356e-14 9.99233851062e-14
10000 10000 1255 1150 1e-14 1.18359266351e-95 1.18359266351e-95 1.18359266351e-95 1.18359266351e-95
10000 10000 1255 1150 1e-12 0.0 0.0 0.0 0.0
10000 10000 1255 1150 1e-10 0.0 0.0 0.0 0.0
