10000 10000 705 440 1e-22 0.446543938204 0.4465150922 0.445631493711 0.0
10000 10000 705 440 1e-20 0.44636651714 0.446337688497 0.445454469827 0.0
10000 10000 705 440 1e-19 0.444757063371 0.444728392079 0.44384861836 0.0
10000 10000 705 440 2e-19 0.442976081212 0.44294758373 0.44207162099 0.0
10000 10000 705 440 5e-19 0.437678892309 0.437650909854 0.436786275147 0.0
10000 10000 705 440 7e-19 0.434185213817 0.434157569447 0.43330040019 0.0
10000 10000 705 440 1e-18 0.429000673934 0.428973528922 0.428127429671 0.0
10000 10000 705 440 2e-18 0.412192996546 0.412167450792 0.411357167478 0.0
10000 10000 705 440 5e-18 0.365870442213 0.365849142865 0.365136968435 0.0
10000 10000 705 440 7e-18 0.338108497687 0.338089623601 0.337435789381 0.0
10000 10000 705 440 1e-17 0.300612034141 0.300596282824 0.300020638678 0.0
10000 10000 705 440 2e-17 0.204545813518 0.20453715931 0.204158009983 0.0
10000 10000 705 440 5e-17 0.0680659094257 0.0680644208704 0.0679496720664 0.0
10000 10000 705 440 7e-17 0.0339472647336 0.0339467906492 0.0338929131228 0.0
10000 10000 705 440 1e-16 0.0125063167024 0.0125062278968 0.0124880146706 0.0
10000 10000 705 440 1e-15 1.23800894778e-11 1.23800894778e-11 1.23795477859e-11 0.0
10000 10000 705 440 1e-14 1.8450783597e-61 1.8450783597e-61 1.8450783597e-61 0.0
10000 10000 705 440 1e-12 0.0 0.0 0.0 0.0
10000 10000 705 440 1e-10 0.0 0.0 0.0 0.0
