10000 10000 1405 440 1e-22 0.238832237551 0.238828707131 0.238521517172 0.0
10000 10000 1405 440 1e-20 0.23875106875 0.238747540328 0.238440468216 0.0
10000 10000 1405 440 1e-19 0.238014506979 0.238010996671 0.237704993728 0.0
10000 10000 1405 440 2e-19 0.237198921934 0.237195431644 0.236890612091 0.0
10000 10000 1405 440 5e-19 0.234769846487 0.234766415557 0.23446511748 0.0
10000 10000 1405 440 7e-19 0.233165083037 0.233161691113 0.232862716976 0.0
10000 10000 1405 440 1e-18 0.230779644422 0.230776310167 0.230480786779 0.0
10000 10000 1405 440 2e-18 0.223012736557 0.223009587471 0.222725268231 0.0
10000 10000 1405 440 5e-18 0.201325331 0.201322677392 0.201069377684 0.0
10000 10000 1405 440 7e-18 0.188112993561 0.188110625729 0.187876019654 0.0
10000 10000 1405 440 1e-17 0.169983424707 0.16998142834 0.169772200082 0.0
10000 10000 1405 440 2e-17 0.121737353377 0.121736220375 0.121592748128 0.0
10000 10000 1405 440 5e-17 0.0462081945341 0.0462079828705 0.046160018753 0.0
10000 10000 1405 440 7e-17 0.0248016179963 0.0248015475597 0.0247778284686 0.0
10000 10000 1405 440 1e-16 0.0100446987058 0.01004468481 0.0100361587334 0.0
10000 10000 1405 440 1e-15 3.14535189636e-11 3.14535189636e-11 3.1453065433e-11 0.0
10000 10000 1405 440 1e-14 4.00698664914e-59 4.00698664914e-59 4.00698664914e-59 0.0
10000 10000 1405 440 1e-12 0.0 0.0 0.0 0.0
10000 10000 1405 440 1e-10 0.0 0.0 0.0 0.0
