10000 10000 355 320 1e-22 0.368891088304 0.368655690268 0.0 0.0
10000 10000 355 320 1e-20 0.368745343459 0.368510066808 0.0 0.0
10000 10000 355 320 1e-19 0.367423233973 0.367189057841 0.0 0.0
10000 10000 355 320 2e-19 0.365960214148 0.365727254542 0.0 0.0
10000 10000 355 320 5e-19 0.361608705215 0.361379355931 0.0 0.0
10000 10000 355 320 7e-19 0.358738702503 0.358511727753 0.0 0.0
10000 10000 355 320 1e-18 0.354479632 0.354256171251 0.0 0.0
10000 10000 355 320 2e-18 0.340671743008 0.340459592735 0.0 0.0
10000 10000 355 320 5e-18 0.302611658834 0.302430004475 0.0 0.0
10000 10000 355 320 7e-18 0.279796594268 0.27963270846 0.0 0.0
10000 10000 355 320 1e-17 0.248973100971 0.248832553951 0.0 0.0
10000 10000 355 320 2e-17 0.169928797238 0.169844020864 0.0 0.0
10000 10000 355 320 5e-17 0.0571648905591 0.0571452099525 0.0 0.0
10000 10000 355 320 7e-17 0.0287331410572 0.0287253914104 0.0 0.0
10000 10000 355 320 1e-16 0.0107089144604 0.0107068959447 0.0 0.0
10000 10000 355 320 1e-15 1.8844875879e-11 1.88448757971e-11 0.0 0.0
10000 10000 355 320 1e-14 3.87327380436e-58 3.87327380436e-58 0.0 0.0
10000 10000 355 320 1e-12 0.0 0.0 0.0 0.0
10000 10000 355 320 1e-10 0.0 0.0 0.0 0.0
