10000 10000 705 370 1e-22 0.44277013547 0.442683380289 0.441134986075 0.0
10000 10000 705 370 1e-20 0.442597902021 0.442511194411 0.440963436311 0.0
10000 10000 705 370 1e-19 0.441035432595 0.44094915623 0.43940716826 0.0
10000 10000 705 370 2e-19 0.439306285411 0.439220485622 0.437684882113 0.0
10000 10000 705 370 5e-19 0.434162290749 0.434077904516 0.43256128645 0.0
10000 10000 705 370 7e-19 0.430768841623 0.43068538444 0.429181284689 0.0
10000 10000 705 370 1e-18 0.425731845738 0.425649762458 0.424164234789 0.0
10000 10000 705 370 2e-18 0.409392505913 0.40931483671 0.407889476882 0.0
10000 10000 705 370 5e-18 0.364277747662 0.36421191304 0.362952029591 0.0
10000 10000 705 370 7e-18 0.337177126599 0.33711813685 0.335957153231 0.0
10000 10000 705 370 1e-17 0.300492258178 0.300442192944 0.299414412947 0.0
10000 10000 705 370 2e-17 0.206002121513 0.205972984895 0.20528396997 0.0
10000 10000 705 370 5e-17 0.0699097111329 0.0699036820748 0.0696850636958 0.0
10000 10000 705 370 7e-17 0.0352602387751 0.0352580477136 0.0351525978737 0.0
10000 10000 705 370 1e-16 0.0131817895548 0.0131812840665 0.013144405291 0.0
10000 10000 705 370 1e-15 3.20047260208e-11 3.20047260205e-11 3.20036003975e-11 0.0
10000 10000 705 370 1e-14 3.68679389012e-58 3.68679389012e-58 3.68679389012e-58 0.0
10000 10000 705 370 1e-12 0.0 0.0 0.0 0.0
10000 10000 705 370 1e-10 0.0 0.0 0.0 0.0
