10000 10000 1255 360 1e-22 0.18865203291 0.188625160491 0.18806012763 0.0
10000 10000 1255 360 1e-20 0.188588367545 0.188561509263 0.187996682848 0.0
10000 10000 1255 360 1e-19 0.188010642374 0.187983912256 0.187420958954 0.0
10000 10000 1255 360 2e-19 0.187370940458 0.187344351994 0.186783472226 0.0
10000 10000 1255 360 5e-19 0.185465734822 0.185439566626 0.184884859126 0.0
10000 10000 1255 360 7e-19 0.184207091006 0.184181199124 0.183630566524 0.0
10000 10000 1255 360 1e-18 0.182336186594 0.182310703474 0.181766123967 0.0
10000 10000 1255 360 2e-18 0.176244855466 0.176220686818 0.175695781197 0.0
10000 10000 1255 360 5e-18 0.159237569802 0.159216935788 0.158746672102 0.0
10000 10000 1255 360 7e-18 0.148876646323 0.148858065024 0.148420866409 0.0
10000 10000 1255 360 1e-17 0.134658433398 0.134642540203 0.134250415363 0.0
10000 10000 1255 360 2e-17 0.0967960116116 0.0967864997577 0.0965124121524 0.0
10000 10000 1255 360 5e-17 0.037256918624 0.0372547533341 0.037157639613 0.0
10000 10000 1255 360 7e-17 0.020205952343 0.0202051115747 0.0201552276379 0.0
10000 10000 1255 360 1e-16 0.0083127081146 0.00831249496248 0.00829356722028 0.0
10000 10000 1255 360 1e-15 6.9951679685e-11 6.99516796849e-11 6.99506695845e-11 0.0
10000 10000 1255 360 1e-14 1.82445154662e-57 1.82445154662e-57 1.82445154662e-57 0.0
10000 10000 1255 360 1e-12 0.0 0.0 0.0 0.0
10000 10000 1255 360 1e-10 0.0 0.0 0.0 0.0
