10000 10000 2955 2950 1e-22 0.00140426674795 0.00140426674795 0.00140426674795 0.00140426674795
10000 10000 2955 2950 1e-20 0.00140325917331 0.00140325917331 0.00140325917331 0.00140325917331
10000 10000 2955 2950 1e-19 0.00139413288836 0.00139413288836 0.00139413288836 0.00139413288836
10000 10000 2955 2950 2e-19 0.00138406298371 0.00138406298371 0.00138406298371 0.00138406298371
10000 10000 2955 2950 5e-19 0.00135429263643 0.00135429263643 0.00135429263643 0.00135429263643
10000 10000 2955 2950 7e-19 0.00133480649729 0.00133480649729 0.00133480649729 0.00133480649729
10000 10000 2955 2950 1e-18 0.00130610784657 0.00130610784657 0.00130610784657 0.00130610784657
10000 10000 2955 2950 2e-18 0.00121487756926 0.00121487756926 0.00121487756926 0.00121487756926
10000 10000 2955 2950 5e-18 0.00097804510436 0.00097804510436 0.00097804510436 0.00097804510436
10000 10000 2955 2950 7e-18 0.000846676588019 0.000846676588019 0.000846676588019 0.000846676588019
10000 10000 2955 2950 1e-17 0.000682296088141 0.000682296088141 0.000682296088141 0.000682296088141
10000 10000 2955 2950 2e-17 0.000333787103686 0.000333787103686 0.000333787103686 0.000333787103686
10000 10000 2955 2950 5e-17 4.10063845169e-05 4.10063845169e-05 4.10063845169e-05 4.10063845169e-05
10000 10000 2955 2950 7e-17 1.06207721325e-05 1.06207721325e-05 1.06207721325e-05 1.06207721325e-05
10000 10000 2955 2950 1e-16 1.51779130296e-06 1.51779130296e-06 1.51779130296e-06 1.51779130296e-06
10000 10000 2955 2950 1e-15 2.09216599162e-26 2.09216599162e-26 2.09216599162e-26 2.09216599162e-26
10000 10000 2955 2950 1e-14 2.85758942882e-218 2.85758942882e-218 2.85758942882e-218 2.85758942882e-218
10000 10000 2955 2950 1e-12 0.0 0.0 0.0 0.0
10000 10000 2955 2950 1e-10 0.0 0.0 0.0 0.0
