10000 10000 955 550 1e-22 0.447103553379 0.447091861912 0.446626706855 0.44521975533
10000 10000 955 550 1e-20 0.44691950102 0.446907817108 0.44644288453 0.445036538277
10000 10000 955 550 1e-19 0.445250043468 0.445238428018 0.444775512868 0.443374656283
10000 10000 955 550 2e-19 0.443402980744 0.443391440886 0.442930756562 0.441535972646
10000 10000 955 550 5e-19 0.437911233771 0.437899917731 0.437445858495 0.436069123681
10000 10000 955 550 7e-19 0.434290874605 0.434279705339 0.433830007264 0.432465165825
10000 10000 955 550 1e-18 0.428920762164 0.428909809467 0.428466570951 0.427119363295
10000 10000 955 550 2e-18 0.411531666369 0.411521405453 0.411099005057 0.409808832674
10000 10000 955 550 5e-18 0.363773584208 0.363765145516 0.363399316151 0.362265243189
10000 10000 955 550 7e-18 0.335276088046 0.335268679297 0.334936102817 0.333894760677
10000 10000 955 550 1e-17 0.29694708093 0.296940984682 0.296652466357 0.295735298933
10000 10000 955 550 2e-17 0.199714396932 0.199711207373 0.199530265794 0.198924668728
10000 10000 955 550 5e-17 0.0648168907678 0.0648164257475 0.0647689272604 0.0645825428805
10000 10000 955 550 7e-17 0.0319984978277 0.0319983673911 0.0319779503819 0.0318889588113
10000 10000 955 550 1e-16 0.0116810369247 0.0116810172579 0.0116749012344 0.0116439192933
10000 10000 955 550 1e-15 4.70538920309e-12 4.70538920309e-12 4.70537974086e-12 4.69925373384e-12
10000 10000 955 550 1e-14 3.09382916757e-67 3.09382916757e-67 3.09382916757e-67 3.09382916757e-67
10000 10000 955 550 1e-12 0.0 0.0 0.0 0.0
10000 10000 955 550 1e-10 0.0 0.0 0.0 0.0
