10000 10000 1355 50 1e-22 5.77295243916e-06 0.0 0.0 0.0
10000 10000 1355 50 1e-20 5.77277415906e-06 0.0 0.0 0.0
10000 10000 1355 50 1e-19 5.77115368379e-06 0.0 0.0 0.0
10000 10000 1355 50 2e-19 5.76935369009e-06 0.0 0.0 0.0
10000 10000 1355 50 5e-19 5.76395708225e-06 0.0 0.0 0.0
10000 10000 1355 50 7e-19 5.76036215299e-06 0.0 0.0 0.0
10000 10000 1355 50 1e-18 5.75497396954e-06 0.0 0.0 0.0
10000 10000 1355 50 2e-18 5.73704979141e-06 0.0 0.0 0.0
10000 10000 1355 50 5e-18 5.68361206102e-06 0.0 0.0 0.0
10000 10000 1355 50 7e-18 5.64826417036e-06 0.0 0.0 0.0
10000 10000 1355 50 1e-17 5.59565477237e-06 0.0 0.0 0.0
10000 10000 1355 50 2e-17 5.42380919421e-06 0.0 0.0 0.0
10000 10000 1355 50 5e-17 4.93934124973e-06 0.0 0.0 0.0
10000 10000 1355 50 7e-17 4.64068669995e-06 0.0 0.0 0.0
10000 10000 1355 50 1e-16 4.22627034772e-06 0.0 0.0 0.0
10000 10000 1355 50 1e-15 2.57104745281e-07 0.0 0.0 0.0
10000 10000 1355 50 1e-14 3.31914784619e-19 0.0 0.0 0.0
10000 10000 1355 50 1e-12 0.0 0.0 0.0 0.0
10000 10000 1355 50 1e-10 0.0 0.0 0.0 0.0
