10000 10000 905 340 1e-22 0.320104553656 0.32004255802 0.318822692357 0.0
10000 10000 905 340 1e-20 0.319992148708 0.319930185529 0.318710764824 0.0
10000 10000 905 340 1e-19 0.318972213592 0.318910544675 0.317695161127 0.0
10000 10000 905 340 2e-19 0.317843015753 0.317781672094 0.316570757602 0.0
10000 10000 905 340 5e-19 0.314480916364 0.314420537851 0.313222925933 0.0
10000 10000 905 340 7e-19 0.31226059027 0.312200846429 0.311012016463 0.0
10000 10000 905 340 1e-18 0.308961371523 0.30890256675 0.307726781512 0.0
10000 10000 905 340 2e-18 0.298229570416 0.29817378685 0.297040395999 0.0
10000 10000 905 340 5e-18 0.268349299675 0.26830165097 0.267285979084 0.0
10000 10000 905 340 7e-18 0.250210064246 0.250167147104 0.249222695448 0.0
10000 10000 905 340 1e-17 0.225403235123 0.225366522254 0.224519148119 0.0
10000 10000 905 340 2e-17 0.159900900256 0.159878950636 0.159285843818 0.0
10000 10000 905 340 5e-17 0.0592578954375 0.0592529623929 0.0590419790586 0.0
10000 10000 905 340 7e-17 0.0313695546823 0.0313676645409 0.0312591593664 0.0
10000 10000 905 340 1e-16 0.0124621815462 0.0124617129392 0.0124205872509 0.0
10000 10000 905 340 1e-15 3.97672079247e-11 3.97672079237e-11 3.97646306059e-11 0.0
10000 10000 905 340 1e-14 1.68628616666e-59 1.68628616666e-59 1.68628616666e-59 0.0
10000 10000 905 340 1e-12 0.0 0.0 0.0 0.0
10000 10000 905 340 1e-10 0.0 0.0 0.0 0.0
