10000 10000 905 360 1e-22 0.342714905427 0.342642969708 0.341441518037 0.0
10000 10000 905 360 1e-20 0.342588948435 0.342517050377 0.341316059787 0.0
10000 10000 905 360 1e-19 0.341446160305 0.341374603694 0.340177796178 0.0
10000 10000 905 360 2e-19 0.340181190506 0.340110011321 0.338917833608 0.0
10000 10000 905 360 5e-19 0.336416352995 0.336346293818 0.335167892283 0.0
10000 10000 905 360 7e-19 0.333931307617 0.333861985002 0.332692674041 0.0
10000 10000 905 360 1e-18 0.330240586178 0.330172353469 0.329016539667 0.0
10000 10000 905 360 2e-18 0.318250788436 0.318186062847 0.317074063204 0.0
10000 10000 905 360 5e-18 0.284997763713 0.28494248587 0.283951716269 0.0
10000 10000 905 360 7e-18 0.26490948025 0.26485970034 0.263941940087 0.0
10000 10000 905 360 1e-17 0.237566549162 0.23752398091 0.23670528236 0.0
10000 10000 905 360 2e-17 0.166180526319 0.166155122985 0.165592886886 0.0
10000 10000 905 360 5e-17 0.0595711872153 0.0595655222577 0.0593760274369 0.0
10000 10000 905 360 7e-17 0.0310339302434 0.0310317670232 0.0309374279509 0.0
10000 10000 905 360 1e-16 0.0121189839942 0.0121184462028 0.0120842036464 0.0
10000 10000 905 360 1e-15 5.29165746739e-11 5.29165746562e-11 5.29155866831e-11 0.0
10000 10000 905 360 1e-14 2.47104304817e-58 2.47104304817e-58 2.47104304817e-58 0.0
10000 10000 905 360 1e-12 0.0 0.0 0.0 0.0
10000 10000 905 360 1e-10 0.0 0.0 0.0 0.0
