10000 10000 905 260 1e-22 0.156132428018 0.156056780358 0.0 0.0
10000 10000 905 260 1e-20 0.156079825187 0.156004208205 0.0 0.0
10000 10000 905 260 1e-19 0.155602488598 0.155527149902 0.0 0.0
10000 10000 905 260 2e-19 0.155073950335 0.154998919589 0.0 0.0
10000 10000 905 260 5e-19 0.153499855365 0.15342574058 0.0 0.0
10000 10000 905 260 7e-19 0.152459983369 0.15238647271 0.0 0.0
10000 10000 905 260 1e-18 0.150914313386 0.150841699259 0.0 0.0
10000 10000 905 260 2e-18 0.145882234541 0.145812527027 0.0 0.0
10000 10000 905 260 5e-18 0.131835164501 0.131773468077 0.0 0.0
10000 10000 905 260 7e-18 0.123279489442 0.123222593464 0.0 0.0
10000 10000 905 260 1e-17 0.111540680023 0.111490264963 0.0 0.0
10000 10000 905 260 2e-17 0.080288910448 0.080255062315 0.0 0.0
10000 10000 905 260 5e-17 0.0311136815368 0.0311030371664 0.0 0.0
10000 10000 905 260 7e-17 0.0169793876234 0.0169743318721 0.0 0.0
10000 10000 905 260 1e-16 0.00706319451444 0.00706148620165 0.0 0.0
10000 10000 905 260 1e-15 7.6316272157e-11 7.63162613739e-11 0.0 0.0
10000 10000 905 260 1e-14 1.46008483358e-57 1.46008483358e-57 0.0 0.0
10000 10000 905 260 1e-12 0.0 0.0 0.0 0.0
10000 10000 905 260 1e-10 0.0 0.0 0.0 0.0
