10000 10000 1355 900 1e-22 0.372461816892 0.372461816892 0.372408257967 0.372075609234
10000 10000 1355 900 1e-20 0.372291603848 0.372291603848 0.372238076741 0.371905590268
10000 10000 1355 900 1e-19 0.370748020514 0.370748020514 0.370694781768 0.370363766593
10000 10000 1355 900 2e-19 0.369040946966 0.369040946966 0.368988026748 0.368658638351
10000 10000 1355 900 5e-19 0.363969941428 0.363969941428 0.363917965088 0.363593406966
10000 10000 1355 900 7e-19 0.360630680881 0.360630680881 0.360579324159 0.360257944948
10000 10000 1355 900 1e-18 0.355683043339 0.355683043339 0.355632601836 0.355315929966
10000 10000 1355 900 2e-18 0.3397081244 0.3397081244 0.339660614314 0.339359118645
10000 10000 1355 900 5e-18 0.296217701006 0.296217701006 0.296177977854 0.295917604903
10000 10000 1355 900 7e-18 0.270556608607 0.270556608607 0.270521336204 0.270285077224
10000 10000 1355 900 1e-17 0.236421669177 0.236421669177 0.236392133356 0.236187748219
10000 10000 1355 900 2e-17 0.152161002369 0.152161002369 0.1521445514 0.152017538097
10000 10000 1355 900 5e-17 0.0436923722854 0.0436923722854 0.0436893641029 0.0436568145004
10000 10000 1355 900 7e-17 0.0200545034919 0.0200545034919 0.0200534913999 0.0200396672742
10000 10000 1355 900 1e-16 0.00664695830939 0.00664695830939 0.00664674924654 0.00664264891064
10000 10000 1355 900 1e-15 6.42320636402e-13 6.42320636402e-13 6.423206364e-13 6.42303652971e-13
10000 10000 1355 900 1e-14 3.65720554685e-82 3.65720554685e-82 3.65720554685e-82 3.65720554685e-82
10000 10000 1355 900 1e-12 0.0 0.0 0.0 0.0
10000 10000 1355 900 1e-10 0.0 0.0 0.0 0.0
