10000 10000 1055 800 1e-22 0.398753171804 0.398752668889 0.398657022794 0.398216252458
10000 10000 1055 800 1e-20 0.398573241732 0.398572739144 0.398477148372 0.398036589762
10000 10000 1055 800 1e-19 0.396941489491 0.396940989859 0.396845900521 0.396407261779
10000 10000 1055 800 2e-19 0.395136803957 0.395136307591 0.395041772232 0.394605256345
10000 10000 1055 800 5e-19 0.389775180655 0.389774693956 0.389681800724 0.389251588706
10000 10000 1055 800 7e-19 0.386244008993 0.386243528633 0.386151713844 0.38572565107
10000 10000 1055 800 1e-18 0.381011227277 0.381010756272 0.380920535082 0.380500617305
10000 10000 1055 800 2e-18 0.364108966752 0.364108525632 0.364023414175 0.363623314194
10000 10000 1055 800 5e-18 0.318038588362 0.318038225975 0.317966731995 0.317620389642
10000 10000 1055 800 7e-18 0.290813357181 0.290813039298 0.290749360953 0.290434587608
10000 10000 1055 800 1e-17 0.254543030619 0.254542769441 0.254489205223 0.254216224036
10000 10000 1055 800 2e-17 0.164679414034 0.164679278285 0.164649006308 0.164477900386
10000 10000 1055 800 5e-17 0.0478754122945 0.0478753931389 0.047869638111 0.0478246217654
10000 10000 1055 800 7e-17 0.0220949476802 0.0220949424666 0.0220929614917 0.0220735435993
10000 10000 1055 800 1e-16 0.00735804093569 0.00735804019079 0.00735761763223 0.00735175708966
10000 10000 1055 800 1e-15 1.00299914444e-12 1.00299914444e-12 1.0029991418e-12 1.00295149724e-12
10000 10000 1055 800 1e-14 1.2335715518e-73 1.2335715518e-73 1.2335715518e-73 1.2335715518e-73
10000 10000 1055 800 1e-12 0.0 0.0 0.0 0.0
10000 10000 1055 800 1e-10 0.0 0.0 0.0 0.0
