10000 10000 455 320 1e-22 0.406067863652 0.405837261538 0.0 0.0
10000 10000 455 320 1e-20 0.40590528274 0.405674800347 0.0 0.0
10000 10000 455 320 1e-19 0.404430482595 0.404201085654 0.0 0.0
10000 10000 455 320 2e-19 0.402798574219 0.402570377172 0.0 0.0
10000 10000 455 320 5e-19 0.397945209715 0.397720573765 0.0 0.0
10000 10000 455 320 7e-19 0.394744605776 0.394522312092 0.0 0.0
10000 10000 455 320 1e-18 0.389995509548 0.389776682267 0.0 0.0
10000 10000 455 320 2e-18 0.374603894631 0.374396225777 0.0 0.0
10000 10000 455 320 5e-18 0.332220474581 0.332042898464 0.0 0.0
10000 10000 455 320 7e-18 0.306846529713 0.306686489519 0.0 0.0
10000 10000 455 320 1e-17 0.272610372684 0.272473363919 0.0 0.0
10000 10000 455 320 2e-17 0.1851044918 0.185022459803 0.0 0.0
10000 10000 455 320 5e-17 0.0614301089674 0.0614116915366 0.0 0.0
10000 10000 455 320 7e-17 0.0306511862675 0.0306441326527 0.0 0.0
10000 10000 455 320 1e-16 0.0113195874495 0.0113178275297 0.0 0.0
10000 10000 455 320 1e-15 2.14776465516e-11 2.14776462878e-11 0.0 0.0
10000 10000 455 320 1e-14 2.87532694976e-59 2.87532694976e-59 0.0 0.0
10000 10000 455 320 1e-12 0.0 0.0 0.0 0.0
10000 10000 455 320 1e-10 0.0 0.0 0.0 0.0
