10000 10000 655 380 1e-22 0.436788420963 0.436699035305 0.435264794132 0.0
10000 10000 655 380 1e-20 0.436616012034 0.436526676193 0.43509303831 0.0
10000 10000 655 380 1e-19 0.435052026101 0.434963141837 0.433534975985 0.0
10000 10000 655 380 2e-19 0.433321359229 0.433232973958 0.431810861976 0.0
10000 10000 655 380 5e-19 0.428173832386 0.428086926831 0.426682812513 0.0
10000 10000 655 380 7e-19 0.424778866849 0.424692933558 0.423300682377 0.0
10000 10000 655 380 1e-18 0.419740819815 0.419656323934 0.418281667105 0.0
10000 10000 655 380 2e-18 0.403408044892 0.403328163851 0.402010459772 0.0
10000 10000 655 380 5e-18 0.358392979298 0.358325445004 0.357163985127 0.0
10000 10000 655 380 7e-18 0.331412216525 0.331351804505 0.330283438026 0.0
10000 10000 655 380 1e-17 0.294965144499 0.294913995567 0.293970644771 0.0
10000 10000 655 380 2e-17 0.201521835595 0.201492285691 0.200864719878 0.0
10000 10000 655 380 5e-17 0.0681983335713 0.0681923219971 0.0679963742205 0.0
10000 10000 655 380 7e-17 0.0344915447458 0.0344893785827 0.0343954452121 0.0
10000 10000 655 380 1e-16 0.0130034410075 0.0130029463552 0.0129702393228 0.0
10000 10000 655 380 1e-15 1.76952429892e-11 1.76952429886e-11 1.76938933654e-11 0.0
10000 10000 655 380 1e-14 1.07066263117e-58 1.07066263117e-58 1.07066263117e-58 0.0
10000 10000 655 380 1e-12 0.0 0.0 0.0 0.0
10000 10000 655 380 1e-10 0.0 0.0 0.0 0.0
