10000 10000 555 320 1e-22 0.424173150099 0.423943052518 0.0 0.0
10000 10000 555 320 1e-20 0.424007386784 0.423777407019 0.0 0.0
10000 10000 555 320 1e-19 0.422503627533 0.422274715983 0.0 0.0
10000 10000 555 320 2e-19 0.420839483717 0.420611753088 0.0 0.0
10000 10000 555 320 5e-19 0.415889055806 0.415664830477 0.0 0.0
10000 10000 555 320 7e-19 0.412623458774 0.412401539432 0.0 0.0
10000 10000 555 320 1e-18 0.407776472948 0.407557966938 0.0 0.0
10000 10000 555 320 2e-18 0.392055502181 0.39184798894 0.0 0.0
10000 10000 555 320 5e-18 0.348665528049 0.348487703385 0.0 0.0
10000 10000 555 320 7e-18 0.322614855325 0.322454363066 0.0 0.0
10000 10000 555 320 1e-17 0.287370543462 0.287232856759 0.0 0.0
10000 10000 555 320 2e-17 0.196720550889 0.196637545647 0.0 0.0
10000 10000 555 320 5e-17 0.0666714761018 0.0666525004361 0.0 0.0
10000 10000 555 320 7e-17 0.0337005886421 0.0336932523325 0.0 0.0
10000 10000 555 320 1e-16 0.0126955017218 0.0126936532383 0.0 0.0
10000 10000 555 320 1e-15 3.42242801104e-11 3.42242800236e-11 0.0 0.0
10000 10000 555 320 1e-14 3.5106124884e-59 3.5106124884e-59 0.0 0.0
10000 10000 555 320 1e-12 0.0 0.0 0.0 0.0
10000 10000 555 320 1e-10 0.0 0.0 0.0 0.0
