10000 10000 2955 1450 1e-22 0.127259272372 0.127259272372 0.127259272372 0.12723199038
10000 10000 2955 1450 1e-20 0.127204699276 0.127204699276 0.127204699276 0.127177434877
10000 10000 2955 1450 1e-19 0.126709726867 0.126709726867 0.126709726867 0.126682621875
10000 10000 2955 1450 2e-19 0.126162172653 0.126162172653 0.126162172653 0.126135243659
10000 10000 2955 1450 5e-19 0.124534640496 0.124534640496 0.124534640496 0.124508232508
10000 10000 2955 1450 7e-19 0.12346210347 0.12346210347 0.12346210347 0.123436037074
10000 10000 2955 1450 1e-18 0.121871778844 0.121871778844 0.121871778844 0.12184621637
10000 10000 2955 1450 2e-18 0.116726965569 0.116726965569 0.116726965569 0.116703011907
10000 10000 2955 1450 5e-18 0.102637703597 0.102637703597 0.102637703597 0.102617981431
10000 10000 2955 1450 7e-18 0.0942615974046 0.0942615974046 0.0942615974046 0.0942442629019
10000 10000 2955 1450 1e-17 0.0830369962219 0.0830369962219 0.0830369962219 0.0830227003769
10000 10000 2955 1450 2e-17 0.0548249830043 0.0548249830043 0.0548249830043 0.0548174054795
10000 10000 2955 1450 5e-17 0.0167493904151 0.0167493904151 0.0167493904151 0.0167481674671
10000 10000 2955 1450 7e-17 0.00791118678117 0.00791118678117 0.00791118678117 0.0079107959629
10000 10000 2955 1450 1e-16 0.002690345017 0.002690345017 0.002690345017 0.00269026588503
10000 10000 2955 1450 1e-15 3.84829388772e-14 3.84829388772e-14 3.84829388772e-14 3.84829388755e-14
10000 10000 2955 1450 1e-14 1.96700259636e-98 1.96700259636e-98 1.96700259636e-98 1.96700259636e-98
10000 10000 2955 1450 1e-12 0.0 0.0 0.0 0.0
10000 10000 2955 1450 1e-10 0.0 0.0 0.0 0.0
