10000 10000 955 800 1e-22 0.367430182622 0.367429931164 0.3673441027 0.366978955663
10000 10000 955 800 1e-20 0.367265759644 0.367265508342 0.367179729176 0.366814754619
10000 10000 955 800 1e-19 0.36577460521 0.365774355314 0.365689022975 0.365325612475
10000 10000 955 800 2e-19 0.364125348337 0.364125099995 0.364040261326 0.363678580359
10000 10000 955 800 5e-19 0.35922506007 0.359224816333 0.359141441138 0.358784896753
10000 10000 955 800 7e-19 0.355997365411 0.355997124696 0.355914710714 0.355561547829
10000 10000 955 800 1e-18 0.351213770665 0.351213534413 0.351132540948 0.350784386885
10000 10000 955 800 2e-18 0.335757993215 0.33575777125 0.335681333746 0.335349340435
10000 10000 955 800 5e-18 0.2935938053 0.293593621218 0.293529335025 0.293241239875
10000 10000 955 800 7e-18 0.268649594607 0.268649432116 0.268592127123 0.268329858256
10000 10000 955 800 1e-17 0.235382808733 0.235382673974 0.235334412135 0.235106396987
10000 10000 955 800 2e-17 0.15275120219 0.152751129971 0.152723743196 0.152579635244
10000 10000 955 800 5e-17 0.0446801088414 0.0446800977248 0.0446748232097 0.0446360715856
10000 10000 955 800 7e-17 0.0206571733945 0.0206571702014 0.0206553371551 0.0206384503401
10000 10000 955 800 1e-16 0.00688236030443 0.00688235981283 0.00688196265988 0.006876828049
10000 10000 955 800 1e-15 1.90085027592e-12 1.90085027592e-12 1.90085027589e-12 1.90082973512e-12
10000 10000 955 800 1e-14 2.09199134697e-63 2.09199134697e-63 2.09199134697e-63 2.09199134697e-63
10000 10000 955 800 1e-12 0.0 0.0 0.0 0.0
10000 10000 955 800 1e-10 0.0 0.0 0.0 0.0
