10000 10000 905 470 1e-22 0.455551788708 0.4555296157 0.454823931924 0.0
10000 10000 905 470 1e-20 0.455368691834 0.455346532882 0.454641160757 0.0
10000 10000 905 470 1e-19 0.453707785738 0.453685754157 0.452983208581 0.0
10000 10000 905 470 2e-19 0.451869941646 0.451848050716 0.451148631786 0.0
10000 10000 905 470 5e-19 0.446404091273 0.446382616844 0.445692490367 0.0
10000 10000 905 470 7e-19 0.442799558581 0.442778357338 0.442094353636 0.0
10000 10000 905 470 1e-18 0.437451084287 0.437430286215 0.436755359798 0.0
10000 10000 905 470 2e-18 0.42011676964 0.420097260072 0.419451687387 0.0
10000 10000 905 470 5e-18 0.3723839326 0.372367822644 0.371802527348 0.0
10000 10000 905 470 7e-18 0.343808920481 0.34379473636 0.343277073754 0.0
10000 10000 905 470 1e-17 0.305258097004 0.305246372923 0.304792403495 0.0
10000 10000 905 470 2e-17 0.206778663719 0.206772423913 0.206477515495 0.0
10000 10000 905 470 5e-17 0.0680401229043 0.0680391461032 0.067953827322 0.0
10000 10000 905 470 7e-17 0.0337639585474 0.0337636663108 0.0337248177115 0.0
10000 10000 905 470 1e-16 0.0123914457589 0.0123913959596 0.0123788323965 0.0
10000 10000 905 470 1e-15 1.09434896095e-11 1.09434896095e-11 1.09434162021e-11 0.0
10000 10000 905 470 1e-14 6.39859836692e-60 6.39859836692e-60 6.39859836692e-60 0.0
10000 10000 905 470 1e-12 0.0 0.0 0.0 0.0
10000 10000 905 470 1e-10 0.0 0.0 0.0 0.0
