10000 10000 2955 2450 1e-22 0.00368968427765 0.00368968427765 0.00368968427765 0.00368968427765
10000 10000 2955 2450 1e-20 0.00368744531643 0.00368744531643 0.00368744531643 0.00368744531643
10000 10000 2955 2450 1e-19 0.00366715465017 0.00366715465017 0.00366715465017 0.00366715465017
10000 10000 2955 2450 2e-19 0.00364474314142 0.00364474314142 0.00364474314142 0.00364474314142
10000 10000 2955 2450 5e-19 0.0035783441292 0.0035783441292 0.0035783441292 0.0035783441292
10000 10000 2955 2450 7e-19 0.00353476554852 0.00353476554852 0.00353476554852 0.00353476554852
10000 10000 2955 2450 1e-18 0.00347041140718 0.00347041140718 0.00347041140718 0.00347041140718
10000 10000 2955 2450 2e-18 0.00326440846634 0.00326440846634 0.00326440846634 0.00326440846634
10000 10000 2955 2450 5e-18 0.00271819590836 0.00271819590836 0.00271819590836 0.00271819590836
10000 10000 2955 2450 7e-18 0.00240677401299 0.00240677401299 0.00240677401299 0.00240677401299
10000 10000 2955 2450 1e-17 0.00200641469237 0.00200641469237 0.00200641469237 0.00200641469237
10000 10000 2955 2450 2e-17 0.00109951665819 0.00109951665819 0.00109951665819 0.00109951665819
10000 10000 2955 2450 5e-17 0.000189037299519 0.000189037299519 0.000189037299519 0.000189037299519
10000 10000 2955 2450 7e-17 6.04556605387e-05 6.04556605387e-05 6.04556605387e-05 6.04556605387e-05
10000 10000 2955 2450 1e-16 1.14391869878e-05 1.14391869878e-05 1.14391869878e-05 1.14391869878e-05
10000 10000 2955 2450 1e-15 1.36362178945e-23 1.36362178945e-23 1.36362178945e-23 1.36362178945e-23
10000 10000 2955 2450 1e-14 1.17973138561e-191 1.17973138561e-191 1.17973138561e-191 1.17973138561e-191
10000 10000 2955 2450 1e-12 0.0 0.0 0.0 0.0
10000 10000 2955 2450 1e-10 0.0 0.0 0.0 0.0
