10000 10000 1305 240 1e-22 0.0230559902716 0.0230434335272 0.0 0.0
10000 10000 1305 240 1e-20 0.0230492728151 0.0230367205788 0.0 0.0
10000 10000 1305 240 1e-19 0.0229882993947 0.0229757880659 0.0 0.0
10000 10000 1305 240 2e-19 0.0229207501326 0.0229082840976 0.0 0.0
10000 10000 1305 240 5e-19 0.02271935239 0.0227070212389 0.0 0.0
10000 10000 1305 240 7e-19 0.0225861221449 0.0225738800912 0.0 0.0
10000 10000 1305 240 1e-18 0.0223878156849 0.022375706052 0.0 0.0
10000 10000 1305 240 2e-18 0.0217399158776 0.0217282372234 0.0 0.0
10000 10000 1305 240 5e-18 0.0199118535831 0.0199013766309 0.0 0.0
10000 10000 1305 240 7e-18 0.0187834644257 0.0187737180417 0.0 0.0
10000 10000 1305 240 1e-17 0.0172151623862 0.0172064160387 0.0 0.0
10000 10000 1305 240 2e-17 0.0129080456059 0.0129019402676 0.0 0.0
10000 10000 1305 240 5e-17 0.00556402699497 0.0055619239443 0.0 0.0
10000 10000 1305 240 7e-17 0.00322634332229 0.00322529917888 0.0 0.0
10000 10000 1305 240 1e-16 0.00145329815562 0.00145292728186 0.0 0.0
10000 10000 1305 240 1e-15 6.55242100321e-11 6.55242076743e-11 0.0 0.0
10000 10000 1305 240 1e-14 1.32983125729e-57 1.32983125729e-57 0.0 0.0
10000 10000 1305 240 1e-12 0.0 0.0 0.0 0.0
10000 10000 1305 240 1e-10 0.0 0.0 0.0 0.0
