10000 10000 1355 420 1e-22 0.205665147391 0.205657440256 0.205345489714 0.0
10000 10000 1355 420 1e-20 0.205597625936 0.205589923269 0.205278087397 0.0
10000 10000 1355 420 1e-19 0.204984876353 0.204977214186 0.204666418711 0.0
10000 10000 1355 420 2e-19 0.204306323847 0.204298706425 0.203989062622 0.0
10000 10000 1355 420 5e-19 0.202284979628 0.20227749485 0.201971278932 0.0
10000 10000 1355 420 7e-19 0.20094925439 0.20094185673 0.200637903651 0.0
10000 10000 1355 420 1e-18 0.198963244207 0.198955975288 0.198655383216 0.0
10000 10000 1355 420 2e-18 0.19249269951 0.192485843465 0.192196172533 0.0
10000 10000 1355 420 5e-18 0.174388900488 0.174383145273 0.174123783064 0.0
10000 10000 1355 420 7e-18 0.163330940337 0.163325817249 0.163084778317 0.0
10000 10000 1355 420 1e-17 0.148117239513 0.148112934726 0.147896852162 0.0
10000 10000 1355 420 2e-17 0.107349268323 0.107346848287 0.107195995591 0.0
10000 10000 1355 420 5e-17 0.0421769097518 0.0421764644387 0.0421230405283 0.0
10000 10000 1355 420 7e-17 0.0231176294685 0.0231174816645 0.0230899848921 0.0
10000 10000 1355 420 1e-16 0.00962631992292 0.00962629073762 0.00961578967162 0.0
10000 10000 1355 420 1e-15 4.78998845188e-11 4.78998845188e-11 4.78979649029e-11 0.0
10000 10000 1355 420 1e-14 1.69448449161e-57 1.69448449161e-57 1.69448449161e-57 0.0
10000 10000 1355 420 1e-12 0.0 0.0 0.0 0.0
10000 10000 1355 420 1e-10 0.0 0.0 0.0 0.0
