10000 10000 255 100 1e-22 0.190871695422 0.0 0.0 0.0
10000 10000 255 100 1e-20 0.190809532013 0.0 0.0 0.0
10000 10000 255 100 1e-19 0.190245380365 0.0 0.0 0.0
10000 10000 255 100 2e-19 0.18962059066 0.0 0.0 0.0
10000 10000 255 100 5e-19 0.187759064753 0.0 0.0 0.0
10000 10000 255 100 7e-19 0.186528673631 0.0 0.0 0.0
10000 10000 255 100 1e-18 0.184698874402 0.0 0.0 0.0
10000 10000 255 100 2e-18 0.178733942946 0.0 0.0 0.0
10000 10000 255 100 5e-18 0.162018193993 0.0 0.0 0.0
10000 10000 255 100 7e-18 0.151789361103 0.0 0.0 0.0
10000 10000 255 100 1e-17 0.137694306211 0.0 0.0 0.0
10000 10000 255 100 2e-17 0.099812073083 0.0 0.0 0.0
10000 10000 255 100 5e-17 0.0390746604499 0.0 0.0 0.0
10000 10000 255 100 7e-17 0.0213611798099 0.0 0.0 0.0
10000 10000 255 100 1e-16 0.00888772220642 0.0 0.0 0.0
10000 10000 255 100 1e-15 5.49329654903e-11 0.0 0.0 0.0
10000 10000 255 100 1e-14 2.50446623538e-61 0.0 0.0 0.0
10000 10000 255 100 1e-12 0.0 0.0 0.0 0.0
10000 10000 255 100 1e-10 0.0 0.0 0.0 0.0
