10000 10000 1955 280 1e-22 0.00594134361853 0.0059401139536 0.0 0.0
10000 10000 1955 280 1e-20 0.00593961641822 0.00593838725519 0.0 0.0
10000 10000 1955 280 1e-19 0.00592393859999 0.0059227139903 0.0 0.0
10000 10000 1955 280 2e-19 0.00590656941739 0.0059053498472 0.0 0.0
10000 10000 1955 280 5e-19 0.0058547798846 0.0058535753088 0.0 0.0
10000 10000 1955 280 7e-19 0.0058205168562 0.00581932217409 0.0 0.0
10000 10000 1955 280 1e-18 0.00576951395748 0.00576833396376 0.0 0.0
10000 10000 1955 280 2e-18 0.00560284496947 0.00560171264521 0.0 0.0
10000 10000 1955 280 5e-18 0.00513230891335 0.00513130835098 0.0 0.0
10000 10000 1955 280 7e-18 0.0048416690632 0.00484074770947 0.0 0.0
10000 10000 1955 280 1e-17 0.0044374842606 0.00443667011936 0.0 0.0
10000 10000 1955 280 2e-17 0.00332621980712 0.00332568077961 0.0 0.0
10000 10000 1955 280 5e-17 0.00142984244885 0.00142968601005 0.0 0.0
10000 10000 1955 280 7e-17 0.000827617337289 0.000827548762132 0.0 0.0
10000 10000 1955 280 1e-16 0.000372764634192 0.000372744732026 0.0 0.0
10000 10000 1955 280 1e-15 9.76306144037e-11 9.76306144037e-11 0.0 0.0
10000 10000 1955 280 1e-14 1.04905221848e-56 1.04905221848e-56 0.0 0.0
10000 10000 1955 280 1e-12 0.0 0.0 0.0 0.0
10000 10000 1955 280 1e-10 0.0 0.0 0.0 0.0
