10000 10000 1155 800 1e-22 0.398879818681 0.398879567224 0.398777713768 0.398382506563
10000 10000 1155 800 1e-20 0.398701276885 0.398701025591 0.398599229947 0.398204208156
10000 10000 1155 800 1e-19 0.397082067772 0.397081817954 0.396980546341 0.396587205954
10000 10000 1155 800 2e-19 0.395291156185 0.395290907999 0.395190215409 0.394798734455
10000 10000 1155 800 5e-19 0.389969841813 0.389969598456 0.38987062273 0.389484665007
10000 10000 1155 800 7e-19 0.386464714462 0.386464474272 0.386366626481 0.385984305496
10000 10000 1155 800 1e-18 0.381269787715 0.381269552199 0.381173371743 0.380796438673
10000 10000 1155 800 2e-18 0.36448369497 0.364483474384 0.364392645033 0.364033104213
10000 10000 1155 800 5e-18 0.318681020344 0.318680839095 0.318604309564 0.318292077177
10000 10000 1155 800 7e-18 0.291578769899 0.291578610888 0.291510316541 0.291225961649
10000 10000 1155 800 1e-17 0.255429186347 0.255429055674 0.255371452185 0.255124123028
10000 10000 1155 800 2e-17 0.165632029425 0.165631961457 0.165599152775 0.165442761929
10000 10000 1155 800 5e-17 0.0483239721459 0.0483239625284 0.0483176402423 0.0482757614605
10000 10000 1155 800 7e-17 0.0223243882073 0.0223243855839 0.022322202104 0.0223040303204
10000 10000 1155 800 1e-16 0.00744308227838 0.00744308190213 0.0074426157976 0.00743711936281
10000 10000 1155 800 1e-15 7.354913662e-13 7.354913662e-13 7.3549136203e-13 7.35470910177e-13
10000 10000 1155 800 1e-14 4.34180700953e-84 4.34180700953e-84 4.34180700953e-84 4.34180700953e-84
10000 10000 1155 800 1e-12 0.0 0.0 0.0 0.0
10000 10000 1155 800 1e-10 0.0 0.0 0.0 0.0
