10000 10000 1255 650 1e-22 0.441205782042 0.441203558118 0.44099236298 0.440252752991
10000 10000 1255 650 1e-20 0.4410266779 0.441024455436 0.440813366495 0.440074067776
10000 10000 1255 650 1e-19 0.439402034674 0.43939982545 0.439189699384 0.438453223965
10000 10000 1255 650 2e-19 0.437604409201 0.437602214593 0.437393153015 0.436659801073
10000 10000 1255 650 5e-19 0.432258748417 0.432256597082 0.432050695335 0.431326629084
10000 10000 1255 650 7e-19 0.428733951284 0.428731828321 0.42852800541 0.427810059687
10000 10000 1255 650 1e-18 0.423504489738 0.423502408634 0.423301663005 0.422592794528
10000 10000 1255 650 2e-18 0.406561702121 0.406559754672 0.406368921203 0.405689434266
10000 10000 1255 650 5e-18 0.359954333071 0.359952737227 0.359788690543 0.359189798585
10000 10000 1255 650 7e-18 0.33208779937 0.332086401886 0.331938009218 0.33138713098
10000 10000 1255 650 1e-17 0.294536491038 0.294535345812 0.294407576077 0.293921169706
10000 10000 1255 650 2e-17 0.198862815363 0.198862225446 0.198784112019 0.198460542257
10000 10000 1255 650 5e-17 0.0648779401093 0.064877859334 0.0648589830604 0.0647580136399
10000 10000 1255 650 7e-17 0.0320119043724 0.0320118828814 0.0320042565426 0.0319559060233
10000 10000 1255 650 1e-16 0.0116359672109 0.011635964255 0.0116339027465 0.0116171057346
10000 10000 1255 650 1e-15 5.72989300554e-12 5.72989300554e-12 5.72989228703e-12 5.72901848492e-12
10000 10000 1255 650 1e-14 3.22490872622e-63 3.22490872622e-63 3.22490872622e-63 3.22490872622e-63
10000 10000 1255 650 1e-12 0.0 0.0 0.0 0.0
10000 10000 1255 650 1e-10 0.0 0.0 0.0 0.0
