10000 10000 1455 320 1e-22 0.0687741568627 0.0687697393325 0.0 0.0
10000 10000 1455 320 1e-20 0.0687532821491 0.0687488665751 0.0 0.0
10000 10000 1455 320 1e-19 0.0685638153903 0.0685594175574 0.0 0.0
10000 10000 1455 320 2e-19 0.0683539364071 0.0683495581966 0.0 0.0
10000 10000 1455 320 5e-19 0.0677283170994 0.0677239971929 0.0 0.0
10000 10000 1455 320 7e-19 0.0673145631072 0.0673102816054 0.0 0.0
10000 10000 1455 320 1e-18 0.0666988758223 0.0666946512403 0.0 0.0
10000 10000 1455 320 2e-18 0.0646887168731 0.0646846762189 0.0 0.0
10000 10000 1455 320 5e-18 0.0590290105894 0.0590254719082 0.0 0.0
10000 10000 1455 320 7e-18 0.0555448989245 0.055541657411 0.0 0.0
10000 10000 1455 320 1e-17 0.050715415968 0.0507125711111 0.0 0.0
10000 10000 1455 320 2e-17 0.0375421710485 0.0375403143134 0.0 0.0
10000 10000 1455 320 5e-17 0.0155401936079 0.0155396448062 0.0 0.0
10000 10000 1455 320 7e-17 0.00876151330724 0.00876126116635 0.0 0.0
10000 10000 1455 320 1e-16 0.00378341895885 0.00378333809262 0.0 0.0
10000 10000 1455 320 1e-15 1.30208882501e-10 1.302088825e-10 0.0 0.0
10000 10000 1455 320 1e-14 4.80655203568e-57 4.80655203568e-57 0.0 0.0
10000 10000 1455 320 1e-12 0.0 0.0 0.0 0.0
10000 10000 1455 320 1e-10 0.0 0.0 0.0 0.0
