10000 10000 655 410 1e-22 0.451110016647 0.451058684646 0.449948769329 0.0
10000 10000 655 410 1e-20 0.450927721193 0.450876417025 0.449766979404 0.0
10000 10000 655 410 1e-19 0.449274114747 0.449223062899 0.448117957931 0.0
10000 10000 655 410 2e-19 0.44744441062 0.447393637641 0.446293325579 0.0
10000 10000 655 410 5e-19 0.44200315905 0.441953213366 0.4408671475 0.0
10000 10000 655 410 7e-19 0.438415168843 0.43836576702 0.437289089267 0.0
10000 10000 655 410 1e-18 0.433091711845 0.433043114483 0.431980357017 0.0
10000 10000 655 410 2e-18 0.415842376004 0.415796364751 0.414778639263 0.0
10000 10000 655 410 5e-18 0.368374957072 0.368335891713 0.367441474739 0.0
10000 10000 655 410 7e-18 0.339981492647 0.339946453529 0.339125329983 0.0
10000 10000 655 410 1e-17 0.301703395745 0.301673617048 0.300950687709 0.0
10000 10000 655 410 2e-17 0.204072826186 0.204055441002 0.203579102654 0.0
10000 10000 655 410 5e-17 0.0669326524403 0.066929072993 0.0667843701981 0.0
10000 10000 655 410 7e-17 0.0331358600602 0.0331345805065 0.0330663728524 0.0
10000 10000 655 410 1e-16 0.0120996900035 0.0120994077184 0.0120761851184 0.0
10000 10000 655 410 1e-15 1.43163558444e-11 1.43163558444e-11 1.43149403299e-11 0.0
10000 10000 655 410 1e-14 2.36074675016e-61 2.36074675016e-61 2.36074675016e-61 0.0
10000 10000 655 410 1e-12 0.0 0.0 0.0 0.0
10000 10000 655 410 1e-10 0.0 0.0 0.0 0.0
