10000 10000 555 260 1e-22 0.370116904551 0.369780098329 0.0 0.0
10000 10000 555 260 1e-20 0.369977213378 0.369640552354 0.0 0.0
10000 10000 555 260 1e-19 0.368709881188 0.368374537151 0.0 0.0
10000 10000 555 260 2e-19 0.367307186502 0.366973299479 0.0 0.0
10000 10000 555 260 5e-19 0.363133292326 0.362803736832 0.0 0.0
10000 10000 555 260 7e-19 0.360378939771 0.360052239349 0.0 0.0
10000 10000 555 260 1e-18 0.356289285459 0.355966819336 0.0 0.0
10000 10000 555 260 2e-18 0.343012206394 0.34270344572 0.0 0.0
10000 10000 555 260 5e-18 0.306262591586 0.305991417948 0.0 0.0
10000 10000 555 260 7e-18 0.284118622071 0.283869829078 0.0 0.0
10000 10000 555 260 1e-17 0.254053447847 0.253834682206 0.0 0.0
10000 10000 555 260 2e-17 0.176050612074 0.175907424686 0.0 0.0
10000 10000 555 260 5e-17 0.0615452186829 0.0615034177663 0.0 0.0
10000 10000 555 260 7e-17 0.031615886138 0.0315969543322 0.0 0.0
10000 10000 555 260 1e-16 0.0121338694867 0.0121278920308 0.0 0.0
10000 10000 555 260 1e-15 3.06472783471e-11 3.06472714823e-11 0.0 0.0
10000 10000 555 260 1e-14 1.3861161411e-58 1.3861161411e-58 0.0 0.0
10000 10000 555 260 1e-12 0.0 0.0 0.0 0.0
10000 10000 555 260 1e-10 0.0 0.0 0.0 0.0
