10000 10000 1455 100 1e-22 5.53698448614e-06 0.0 0.0 0.0
10000 10000 1455 100 1e-20 5.53646240776e-06 0.0 0.0 0.0
10000 10000 1455 100 1e-19 5.53171926349e-06 0.0 0.0 0.0
10000 10000 1455 100 2e-19 5.52645548458e-06 0.0 0.0 0.0
10000 10000 1455 100 5e-19 5.5107043493e-06 0.0 0.0 0.0
10000 10000 1455 100 7e-19 5.50023698991e-06 0.0 0.0 0.0
10000 10000 1455 100 1e-18 5.48458584028e-06 0.0 0.0 0.0
10000 10000 1455 100 2e-18 5.43284438286e-06 0.0 0.0 0.0
10000 10000 1455 100 5e-18 5.28149383236e-06 0.0 0.0 0.0
10000 10000 1455 100 7e-18 5.1837236429e-06 0.0 0.0 0.0
10000 10000 1455 100 1e-17 5.04157492238e-06 0.0 0.0 0.0
10000 10000 1455 100 2e-17 4.60395879027e-06 0.0 0.0 0.0
10000 10000 1455 100 5e-17 3.56264200581e-06 0.0 0.0 0.0
10000 10000 1455 100 7e-17 3.03812087014e-06 0.0 0.0 0.0
10000 10000 1455 100 1e-16 2.42696127091e-06 0.0 0.0 0.0
10000 10000 1455 100 1e-15 1.2235714001e-08 0.0 0.0 0.0
10000 10000 1455 100 1e-14 2.25168875166e-29 0.0 0.0 0.0
10000 10000 1455 100 1e-12 0.0 0.0 0.0 0.0
10000 10000 1455 100 1e-10 0.0 0.0 0.0 0.0
