10000 10000 1055 700 1e-22 0.42419524825 0.424195122522 0.423980397423 0.423291809569
10000 10000 1055 700 1e-20 0.424008398383 0.424008272735 0.423793661882 0.42310538506
10000 10000 1055 700 1e-19 0.422313800293 0.422313675377 0.422100100241 0.421414644133
10000 10000 1055 700 2e-19 0.420439415899 0.420439291792 0.420226861402 0.419544524998
10000 10000 1055 700 5e-19 0.414869518334 0.414869396621 0.414660362605 0.413987294993
10000 10000 1055 700 7e-19 0.411200184522 0.411200064379 0.410993263419 0.410326300507
10000 10000 1055 700 1e-18 0.405761194566 0.405761076741 0.405557579283 0.404899663205
10000 10000 1055 700 2e-18 0.388180599594 0.388180489176 0.387987615242 0.387358924262
10000 10000 1055 700 5e-18 0.340159571079 0.340159480205 0.339995172048 0.339446164973
10000 10000 1055 700 7e-18 0.311704740048 0.311704660241 0.311556936995 0.311055036827
10000 10000 1055 700 1e-17 0.273695772925 0.273695707244 0.273569690592 0.273130568528
10000 10000 1055 700 2e-17 0.178910904432 0.17891087012 0.178836252647 0.178552763024
10000 10000 1055 700 5e-17 0.0535363281817 0.0535363232899 0.0535200559396 0.0534387629423
10000 10000 1055 700 7e-17 0.0251482818458 0.0251482805108 0.0251421664548 0.0251052026454
10000 10000 1055 700 1e-16 0.00858525980703 0.00858525961671 0.00858377987275 0.00857182347778
10000 10000 1055 700 1e-15 3.5418173566e-12 3.5418173566e-12 3.5418172346e-12 3.54155726337e-12
10000 10000 1055 700 1e-14 3.86087088235e-60 3.86087088235e-60 3.86087088235e-60 3.86087088235e-60
10000 10000 1055 700 1e-12 0.0 0.0 0.0 0.0
10000 10000 1055 700 1e-10 0.0 0.0 0.0 0.0
