10000 10000 1955 150 1e-22 1.14328156842e-05 0.0 0.0 0.0
10000 10000 1955 150 1e-20 1.1430842216e-05 0.0 0.0 0.0
10000 10000 1955 150 1e-19 1.14129174014e-05 0.0 0.0 0.0
10000 10000 1955 150 2e-19 1.13930343022e-05 0.0 0.0 0.0
10000 10000 1955 150 5e-19 1.1333595098e-05 0.0 0.0 0.0
10000 10000 1955 150 7e-19 1.12941434171e-05 0.0 0.0 0.0
10000 10000 1955 150 1e-18 1.12352263394e-05 0.0 0.0 0.0
10000 10000 1955 150 2e-18 1.10410732773e-05 0.0 0.0 0.0
10000 10000 1955 150 5e-18 1.04787469539e-05 0.0 0.0 0.0
10000 10000 1955 150 7e-18 1.01200542928e-05 0.0 0.0 0.0
10000 10000 1955 150 1e-17 9.60517715467e-06 0.0 0.0 0.0
10000 10000 1955 150 2e-17 8.07276986398e-06 0.0 0.0 0.0
10000 10000 1955 150 5e-17 4.80435426177e-06 0.0 0.0 0.0
10000 10000 1955 150 7e-17 3.40666061797e-06 0.0 0.0 0.0
10000 10000 1955 150 1e-16 2.04144609975e-06 0.0 0.0 0.0
10000 10000 1955 150 1e-15 5.3031892123e-12 0.0 0.0 0.0
10000 10000 1955 150 1e-14 9.95324563988e-60 0.0 0.0 0.0
10000 10000 1955 150 1e-12 0.0 0.0 0.0 0.0
10000 10000 1955 150 1e-10 0.0 0.0 0.0 0.0
