10000 10000 755 350 1e-22 0.404350197048 0.404230163407 0.402551594463 0.0
10000 10000 755 350 1e-20 0.404199665871 0.40407969666 0.402401785914 0.0
10000 10000 755 350 1e-19 0.402833945685 0.402714560563 0.401042620934 0.0
10000 10000 755 350 2e-19 0.401322263081 0.401203523487 0.399538192098 0.0
10000 10000 755 350 5e-19 0.396823491089 0.396706666436 0.395060994647 0.0
10000 10000 755 350 7e-19 0.393854280054 0.393738714203 0.392106012428 0.0
10000 10000 755 350 1e-18 0.389444905221 0.389331201245 0.387717752317 0.0
10000 10000 755 350 2e-18 0.375123974483 0.375016255127 0.373465268427 0.0
10000 10000 755 350 5e-18 0.335435535278 0.335343885497 0.333965425323 0.0
10000 10000 755 350 7e-18 0.311482796836 0.31140046089 0.31012567341 0.0
10000 10000 755 350 1e-17 0.278911425109 0.27884126027 0.277706836153 0.0
10000 10000 755 350 2e-17 0.194087960114 0.194046519642 0.193273564043 0.0
10000 10000 755 350 5e-17 0.0683994043901 0.0683903798061 0.0681353358876 0.0
10000 10000 755 350 7e-17 0.0352033389279 0.0351999365721 0.0350744890923 0.0
10000 10000 755 350 1e-16 0.0134945031745 0.0134936730619 0.0134488118248 0.0
10000 10000 755 350 1e-15 2.34731472762e-11 2.34731472674e-11 2.34713134727e-11 0.0
10000 10000 755 350 1e-14 7.10751736808e-58 7.10751736808e-58 7.10751736808e-58 0.0
10000 10000 755 350 1e-12 0.0 0.0 0.0 0.0
10000 10000 755 350 1e-10 0.0 0.0 0.0 0.0
