10000 10000 455 300 1e-22 0.389391458277 0.389120339348 0.0 0.0
10000 10000 455 300 1e-20 0.389236827534 0.388965847998 0.0 0.0
10000 10000 455 300 1e-19 0.387834126193 0.38756441046 0.0 0.0
10000 10000 455 300 2e-19 0.386281958044 0.386013639351 0.0 0.0
10000 10000 455 300 5e-19 0.381665499067 0.381401326524 0.0 0.0
10000 10000 455 300 7e-19 0.378620921959 0.378359476455 0.0 0.0
10000 10000 455 300 1e-18 0.374103038464 0.373845628753 0.0 0.0
10000 10000 455 300 2e-18 0.35945822727 0.359213808564 0.0 0.0
10000 10000 455 300 5e-18 0.319109542104 0.318900158247 0.0 0.0
10000 10000 455 300 7e-18 0.294936780842 0.29474781531 0.0 0.0
10000 10000 455 300 1e-17 0.262298155069 0.2621360144 0.0 0.0
10000 10000 455 300 2e-17 0.178721193352 0.178623179935 0.0 0.0
10000 10000 455 300 5e-17 0.0599313962994 0.0599083339805 0.0 0.0
10000 10000 455 300 7e-17 0.0300995524207 0.0300903110125 0.0 0.0
10000 10000 455 300 1e-16 0.0112161767866 0.0112136684989 0.0 0.0
10000 10000 455 300 1e-15 2.82558296175e-11 2.82558274558e-11 0.0 0.0
10000 10000 455 300 1e-14 1.39847914854e-59 1.39847914854e-59 0.0 0.0
10000 10000 455 300 1e-12 0.0 0.0 0.0 0.0
10000 10000 455 300 1e-10 0.0 0.0 0.0 0.0
