10000 10000 2955 900 1e-22 0.157069315702 0.157069315702 0.157064060397 0.156979975266
10000 10000 2955 900 1e-20 0.157016551388 0.157016551388 0.157011299093 0.156927244609
10000 10000 2955 900 1e-19 0.156537730894 0.156537730894 0.156532505887 0.156448729469
10000 10000 2955 900 2e-19 0.156007510565 0.156007510565 0.156002315707 0.155918847107
10000 10000 2955 900 5e-19 0.154428163151 0.154428163151 0.154423057663 0.154340505337
10000 10000 2955 900 7e-19 0.153384621636 0.153384621636 0.153379574843 0.153297627434
10000 10000 2955 900 1e-18 0.151833203377 0.151833203377 0.151828243322 0.151747194488
10000 10000 2955 900 2e-18 0.146779972057 0.146779972057 0.146775290152 0.146697161868
10000 10000 2955 900 5e-18 0.13265405333 0.13265405333 0.132650112998 0.132580096344
10000 10000 2955 900 7e-18 0.1240360693 0.1240360693 0.124032554831 0.12396744709
10000 10000 2955 900 1e-17 0.11219434187 0.11219434187 0.112191378862 0.112132963834
10000 10000 2955 900 2e-17 0.0805757936789 0.0805757936789 0.0805741032329 0.0805332253358
10000 10000 2955 900 5e-17 0.030680934938 0.030680934938 0.0306805975304 0.0306660825625
10000 10000 2955 900 7e-17 0.0164340003337 0.0164340003337 0.0164338781063 0.0164264265797
10000 10000 2955 900 1e-16 0.00660181690882 0.00660181690882 0.0066017879933 0.00659897303692
10000 10000 2955 900 1e-15 6.75895144492e-12 6.75895144492e-12 6.75895143977e-12 6.75892647536e-12
10000 10000 2955 900 1e-14 2.19393915543e-67 2.19393915543e-67 2.19393915543e-67 2.19393915543e-67
10000 10000 2955 900 1e-12 0.0 0.0 0.0 0.0
10000 10000 2955 900 1e-10 0.0 0.0 0.0 0.0
