10000 10000 1455 390 1e-22 0.139232818301 0.139225756727 0.138944050495 0.0
10000 10000 1455 390 1e-20 0.139188203274 0.139181145267 0.138899539823 0.0
10000 10000 1455 390 1e-19 0.138783301782 0.138776276119 0.138495585197 0.0
10000 10000 1455 390 2e-19 0.138334865148 0.138327875247 0.138048196817 0.0
10000 10000 1455 390 5e-19 0.136998684045 0.136991800331 0.136715136502 0.0
10000 10000 1455 390 7e-19 0.136115449424 0.136108635594 0.13583396259 0.0
10000 10000 1455 390 1e-18 0.134801818496 0.13479510815 0.134523393319 0.0
10000 10000 1455 390 2e-18 0.130518569526 0.130512192793 0.130250100063 0.0
10000 10000 1455 390 5e-18 0.118506728711 0.118501255645 0.118265948135 0.0
10000 10000 1455 390 7e-18 0.111149066161 0.111144122526 0.110925068623 0.0
10000 10000 1455 390 1e-17 0.100999658439 0.100995413596 0.100798574209 0.0
10000 10000 1455 390 2e-17 0.0736404214177 0.0736378625496 0.0734995419096 0.0
10000 10000 1455 390 5e-17 0.0293266530129 0.0293260825443 0.0292766186489 0.0
10000 10000 1455 390 7e-17 0.0161885063496 0.0161882933914 0.0161628246881 0.0
10000 10000 1455 390 1e-16 0.00680601351296 0.00680596376826 0.00679629388828 0.0
10000 10000 1455 390 1e-15 5.58973955391e-11 5.58973955391e-11 5.5896599729e-11 0.0
10000 10000 1455 390 1e-14 2.43932091352e-57 2.43932091352e-57 2.43932091352e-57 0.0
10000 10000 1455 390 1e-12 0.0 0.0 0.0 0.0
10000 10000 1455 390 1e-10 0.0 0.0 0.0 0.0
