10000 10000 955 500 1e-22 0.473134502563 0.473120764342 0.472558362691 0.470538878207
10000 10000 955 500 1e-20 0.472944721364 0.47293099194 0.472368842656 0.470350190776
10000 10000 955 500 1e-19 0.471223185429 0.471209535724 0.470649675184 0.468638575637
10000 10000 955 500 2e-19 0.46931826284 0.469304701162 0.468747372101 0.466744628638
10000 10000 955 500 5e-19 0.463652980417 0.463639679396 0.463089872293 0.461111975245
10000 10000 955 500 7e-19 0.459916980292 0.459903850224 0.459358997971 0.457397482078
10000 10000 955 500 1e-18 0.454373504946 0.454360627154 0.453823118692 0.451885903295
10000 10000 955 500 2e-18 0.43640776651 0.436395694814 0.435881917868 0.434023408145
10000 10000 955 500 5e-18 0.386940051266 0.386930104981 0.3864810956 0.384838879423
10000 10000 955 500 7e-18 0.357328397008 0.357319653576 0.356908976133 0.355395910059
10000 10000 955 500 1e-17 0.317379825044 0.31737261645 0.317013073086 0.315673802307
10000 10000 955 500 2e-17 0.215314930553 0.215311132375 0.215078601488 0.214180497027
10000 10000 955 500 5e-17 0.0712805895201 0.0712800209513 0.071213017646 0.070925686906
10000 10000 955 500 7e-17 0.0355253961345 0.0355252330207 0.0354946232198 0.0353544474007
10000 10000 955 500 1e-16 0.0131093374983 0.0131093118582 0.0130993109438 0.013049085499
10000 10000 955 500 1e-15 8.50537619589e-12 8.50537619589e-12 8.50529946258e-12 8.49745554294e-12
10000 10000 955 500 1e-14 1.44778338459e-61 1.44778338459e-61 1.44778338459e-61 1.44778338459e-61
10000 10000 955 500 1e-12 0.0 0.0 0.0 0.0
10000 10000 955 500 1e-10 0.0 0.0 0.0 0.0
