10000 10000 1255 1250 1e-22 0.206731481762 0.206731481762 0.20673092364 0.206640150623
10000 10000 1255 1250 1e-20 0.206630636463 0.206630636463 0.206630078702 0.206539360471
10000 10000 1255 1250 1e-19 0.205716260541 0.205716260541 0.205715706051 0.205625484317
10000 10000 1255 1250 2e-19 0.204705339268 0.204705339268 0.204704788391 0.204615115051
10000 10000 1255 1250 5e-19 0.201704194373 0.201704194373 0.201703654192 0.201615605595
10000 10000 1255 1250 7e-19 0.199729488995 0.199729488995 0.19972895583 0.19964197358
10000 10000 1255 1250 1e-18 0.196805942947 0.196805942947 0.196805420133 0.196720012611
10000 10000 1255 1250 2e-18 0.187385461604 0.187385461604 0.187384971861 0.187304605269
10000 10000 1255 1250 5e-18 0.161895332326 0.161895332326 0.161894929729 0.161827930248
10000 10000 1255 1250 7e-18 0.146971686983 0.146971686983 0.146971333661 0.1469119567
10000 10000 1255 1250 1e-17 0.127269681108 0.127269681108 0.127269390592 0.127219815443
10000 10000 1255 1250 2e-17 0.0795223082862 0.0795223082862 0.079522156842 0.0794948076208
10000 10000 1255 1250 5e-17 0.0209928703565 0.0209928703565 0.0209928487081 0.020987963703
10000 10000 1255 1250 7e-17 0.00913586717062 0.00913586717062 0.00913586120716 0.00913423049758
10000 10000 1255 1250 1e-16 0.00280366855599 0.00280366855599 0.00280366768403 0.0028033298537
10000 10000 1255 1250 1e-15 3.67664811311e-14 3.67664811311e-14 3.67664811311e-14 3.67664811219e-14
10000 10000 1255 1250 1e-14 1.96513382961e-91 1.96513382961e-91 1.96513382961e-91 1.96513382961e-91
10000 10000 1255 1250 1e-12 0.0 0.0 0.0 0.0
10000 10000 1255 1250 1e-10 0.0 0.0 0.0 0.0
