10000 10000 855 600 1e-22 0.465607685858 0.465605398944 0.465236394591 0.464090105017
10000 10000 855 600 1e-20 0.465411212689 0.465408927276 0.465040103954 0.463894306751
10000 10000 855 600 1e-19 0.463629165544 0.463626893733 0.463259711916 0.462118380518
10000 10000 855 600 2e-19 0.461657691411 0.461655434618 0.461290067773 0.460153676711
10000 10000 855 600 5e-19 0.45579701651 0.455794804177 0.455434826387 0.454313120552
10000 10000 855 600 7e-19 0.45193425371 0.451932070528 0.451575639389 0.450463611655
10000 10000 855 600 1e-18 0.446205778811 0.446203638638 0.445852459374 0.444754782893
10000 10000 855 600 2e-18 0.427666322134 0.42766431929 0.42733007161 0.426278829409
10000 10000 855 600 5e-18 0.376833733943 0.376832092384 0.376543721395 0.375619692374
10000 10000 855 600 7e-18 0.346567155408 0.346565717688 0.346304245139 0.345455876455
10000 10000 855 600 1e-17 0.305946906993 0.305945728521 0.30571980382 0.304972855137
10000 10000 855 600 2e-17 0.203474739035 0.203474131425 0.203334430805 0.202842445471
10000 10000 855 600 5e-17 0.0637128684953 0.0637127849349 0.06367785732 0.0635291043635
10000 10000 855 600 7e-17 0.0306855951461 0.0306855728195 0.0306711049653 0.030601328297
10000 10000 855 600 1e-16 0.010800980562 0.010800977465 0.0107968943471 0.0107733234834
10000 10000 855 600 1e-15 3.2455624904e-12 3.2455624904e-12 3.2455566397e-12 3.24331092241e-12
10000 10000 855 600 1e-14 9.5415782714e-72 9.5415782714e-72 9.5415782714e-72 9.5415782714e-72
10000 10000 855 600 1e-12 0.0 0.0 0.0 0.0
10000 10000 855 600 1e-10 0.0 0.0 0.0 0.0
