10000 10000 1255 1000 1e-22 0.300615781507 0.300615781507 0.300583313809 0.300369113051
10000 10000 1255 1000 1e-20 0.300472681715 0.300472681715 0.300440234073 0.300226143446
10000 10000 1255 1000 1e-19 0.299175090239 0.299175090239 0.29914282435 0.298929732224
10000 10000 1255 1000 2e-19 0.297740303635 0.297740303635 0.297708238469 0.297496250135
10000 10000 1255 1000 5e-19 0.293479651764 0.293479651764 0.293448181108 0.293239468771
10000 10000 1255 1000 7e-19 0.290675249397 0.290675249397 0.290644168785 0.290437611288
10000 10000 1255 1000 1e-18 0.28652192195 0.28652192195 0.28649141712 0.286288048789
10000 10000 1255 1000 2e-18 0.273126989976 0.273126989976 0.273098326567 0.272905225504
10000 10000 1255 1000 5e-18 0.236787359798 0.236787359798 0.236763565556 0.236598165985
10000 10000 1255 1000 7e-18 0.215441506862 0.215441506862 0.215420479387 0.215271233045
10000 10000 1255 1000 1e-17 0.187172395175 0.187172395175 0.187154913493 0.187026899271
10000 10000 1255 1000 2e-17 0.118158284736 0.118158284736 0.118148779905 0.118071573317
10000 10000 1255 1000 5e-17 0.0320409613138 0.0320409613138 0.0320393527654 0.0320215269726
10000 10000 1255 1000 7e-17 0.0141746991426 0.0141746991426 0.0141741888377 0.0141672083019
10000 10000 1255 1000 1e-16 0.00445724843631 0.00445724843631 0.00445715328456 0.00445534620565
10000 10000 1255 1000 1e-15 1.71409037934e-13 1.71409037934e-13 1.71409037934e-13 1.71408817688e-13
10000 10000 1255 1000 1e-14 1.0759326166e-87 1.0759326166e-87 1.0759326166e-87 1.0759326166e-87
10000 10000 1255 1000 1e-12 0.0 0.0 0.0 0.0
10000 10000 1255 1000 1e-10 0.0 0.0 0.0 0.0
