10000 10000 705 330 1e-22 0.418942014673 0.418775657169 0.0 0.0
10000 10000 705 330 1e-20 0.418779065304 0.41861279552 0.0 0.0
10000 10000 705 330 1e-19 0.417300836278 0.417135361772 0.0 0.0
10000 10000 705 330 2e-19 0.415664951563 0.415500356099 0.0 0.0
10000 10000 705 330 5e-19 0.410798622482 0.410636635371 0.0 0.0
10000 10000 705 330 7e-19 0.407588528506 0.407428256589 0.0 0.0
10000 10000 705 330 1e-18 0.402823958194 0.402666224036 0.0 0.0
10000 10000 705 330 2e-18 0.387370519552 0.387220949418 0.0 0.0
10000 10000 705 330 5e-18 0.344719160822 0.34459156704 0.0 0.0
10000 10000 705 330 7e-18 0.319110418024 0.318995600746 0.0 0.0
10000 10000 705 330 1e-17 0.284459104675 0.28436103087 0.0 0.0
10000 10000 705 330 2e-17 0.19527316073 0.195214850538 0.0 0.0
10000 10000 705 330 5e-17 0.0668391306741 0.0668262810938 0.0 0.0
10000 10000 705 330 7e-17 0.0340114576285 0.0340065985177 0.0 0.0
10000 10000 705 330 1e-16 0.0129302403454 0.0129290560637 0.0 0.0
10000 10000 705 330 1e-15 1.86261954243e-11 1.86261954183e-11 0.0 0.0
10000 10000 705 330 1e-14 5.02103328233e-65 5.02103328233e-65 0.0 0.0
10000 10000 705 330 1e-12 0.0 0.0 0.0 0.0
10000 10000 705 330 1e-10 0.0 0.0 0.0 0.0
