10000 10000 705 230 1e-22 0.226196947784 0.225900504627 0.0 0.0
10000 10000 705 230 1e-20 0.226116001994 0.225819678486 0.0 0.0
10000 10000 705 230 1e-19 0.225381551979 0.225086313845 0.0 0.0
10000 10000 705 230 2e-19 0.224568490598 0.224274453487 0.0 0.0
10000 10000 705 230 5e-19 0.222148089359 0.221857624321 0.0 0.0
10000 10000 705 230 7e-19 0.220550011583 0.220261902328 0.0 0.0
10000 10000 705 230 1e-18 0.218175923327 0.217891309815 0.0 0.0
10000 10000 705 230 2e-18 0.210457794945 0.210184512607 0.0 0.0
10000 10000 705 230 5e-18 0.189005248975 0.18876318048 0.0 0.0
10000 10000 705 230 7e-18 0.176010225755 0.175786850865 0.0 0.0
10000 10000 705 230 1e-17 0.158275537896 0.158077390543 0.0 0.0
10000 10000 705 230 2e-17 0.111680613952 0.111546934232 0.0 0.0
10000 10000 705 230 5e-17 0.0409561462537 0.0409130901904 0.0 0.0
10000 10000 705 230 7e-17 0.0216184110871 0.0215975000231 0.0 0.0
10000 10000 705 230 1e-16 0.00859149014047 0.00858412833127 0.0 0.0
10000 10000 705 230 1e-15 5.96822083308e-11 5.96818349527e-11 0.0 0.0
10000 10000 705 230 1e-14 3.74482898287e-57 3.74482898287e-57 0.0 0.0
10000 10000 705 230 1e-12 0.0 0.0 0.0 0.0
10000 10000 705 230 1e-10 0.0 0.0 0.0 0.0
