10000 10000 2955 2250 1e-22 0.00434959759182 0.00434959759182 0.00434959759182 0.00434959759182
10000 10000 2955 2250 1e-20 0.00434725229541 0.00434725229541 0.00434725229541 0.00434725229541
10000 10000 2955 2250 1e-19 0.00432599081485 0.00432599081485 0.00432599081485 0.00432599081485
10000 10000 2955 2250 2e-19 0.0043024919863 0.0043024919863 0.0043024919863 0.0043024919863
10000 10000 2955 2250 5e-19 0.00423277787048 0.00423277787048 0.00423277787048 0.00423277787048
10000 10000 2955 2250 7e-19 0.00418694634524 0.00418694634524 0.00418694634524 0.00418694634524
10000 10000 2955 2250 1e-18 0.00411915123433 0.00411915123433 0.00411915123433 0.00411915123433
10000 10000 2955 2250 2e-18 0.00390118784105 0.00390118784105 0.00390118784105 0.00390118784105
10000 10000 2955 2250 5e-18 0.00331558177677 0.00331558177677 0.00331558177677 0.00331558177677
10000 10000 2955 2250 7e-18 0.00297597844468 0.00297597844468 0.00297597844468 0.00297597844468
10000 10000 2955 2250 1e-17 0.00253206064653 0.00253206064653 0.00253206064653 0.00253206064653
10000 10000 2955 2250 2e-17 0.00148473763156 0.00148473763156 0.00148473763156 0.00148473763156
10000 10000 2955 2250 5e-17 0.000311744909962 0.000311744909962 0.000311744909962 0.000311744909962
10000 10000 2955 2250 7e-17 0.000113635594552 0.000113635594552 0.000113635594552 0.000113635594552
10000 10000 2955 2250 1e-16 2.61170275165e-05 2.61170275165e-05 2.61170275165e-05 2.61170275165e-05
10000 10000 2955 2250 1e-15 2.87725030943e-20 2.87725030943e-20 2.87725030943e-20 2.87725030943e-20
10000 10000 2955 2250 1e-14 1.89948193662e-160 1.89948193662e-160 1.89948193662e-160 1.89948193662e-160
10000 10000 2955 2250 1e-12 0.0 0.0 0.0 0.0
10000 10000 2955 2250 1e-10 0.0 0.0 0.0 0.0
