10000 10000 905 440 1e-22 0.437636283187 0.437612163417 0.436838128755 0.0
10000 10000 905 440 1e-20 0.437465424652 0.437441319121 0.436667612617 0.0
10000 10000 905 440 1e-19 0.435915460144 0.435891483664 0.435120753605 0.0
10000 10000 905 440 2e-19 0.434200219012 0.434176385098 0.43340894784 0.0
10000 10000 905 440 5e-19 0.429098011164 0.429074599778 0.428316950955 0.0
10000 10000 905 440 7e-19 0.425732471876 0.425709337923 0.42495814048 0.0
10000 10000 905 440 1e-18 0.420737408428 0.420714684351 0.419973054057 0.0
10000 10000 905 440 2e-18 0.404538270563 0.40451686002 0.403806190488 0.0
10000 10000 905 440 5e-18 0.359844300954 0.359826385123 0.359200588063 0.0
10000 10000 905 440 7e-18 0.333020656166 0.333004741537 0.332429465134 0.0
10000 10000 905 440 1e-17 0.296740174706 0.296726843656 0.296219350998 0.0
10000 10000 905 440 2e-17 0.203448064507 0.203440644945 0.20310401818 0.0
10000 10000 905 440 5e-17 0.0693850763863 0.0693837452643 0.0692795067871 0.0
10000 10000 905 440 7e-17 0.0352038311338 0.0352033943258 0.0351537183409 0.0
10000 10000 905 440 1e-16 0.0133030686826 0.0133029829983 0.0132858617781 0.0
10000 10000 905 440 1e-15 1.06423339062e-11 1.06423339062e-11 1.06420512361e-11 0.0
10000 10000 905 440 1e-14 9.3834233942e-61 9.3834233942e-61 9.3834233942e-61 0.0
10000 10000 905 440 1e-12 0.0 0.0 0.0 0.0
10000 10000 905 440 1e-10 0.0 0.0 0.0 0.0
