10000 10000 1255 950 1e-22 0.310624636628 0.310624636628 0.31057603857 0.310330576508
10000 10000 1255 950 1e-20 0.310478681536 0.310478681536 0.310430112159 0.310184773089
10000 10000 1255 950 1e-19 0.309155174699 0.309155174699 0.309106865265 0.30886264137
10000 10000 1255 950 2e-19 0.307691681522 0.307691681522 0.30764365924 0.307400668235
10000 10000 1255 950 5e-19 0.303345462899 0.303345462899 0.303298291609 0.303058960509
10000 10000 1255 950 7e-19 0.300484472264 0.300484472264 0.300437859691 0.300200936577
10000 10000 1255 950 1e-18 0.296246937789 0.296246937789 0.296201150589 0.295967792222
10000 10000 1255 950 2e-18 0.282577028521 0.282577028521 0.282533885858 0.282312011651
10000 10000 1255 950 5e-18 0.245461805614 0.245461805614 0.24542569497 0.245234869877
10000 10000 1255 950 7e-18 0.223636521647 0.223636521647 0.223604435431 0.223431764858
10000 10000 1255 950 1e-17 0.194698837544 0.194698837544 0.194671944754 0.194523202243
10000 10000 1255 950 2e-17 0.123823942621 0.123823942621 0.123808928782 0.123717851899
10000 10000 1255 950 5e-17 0.0344140006484 0.0344140006484 0.0344112599433 0.0343890839684
10000 10000 1255 950 7e-17 0.0154886371931 0.0154886371931 0.0154877241134 0.0154786752327
10000 10000 1255 950 1e-16 0.00499953433975 0.00499953433975 0.00499935113546 0.00499684325515
10000 10000 1255 950 1e-15 4.06451608914e-13 4.06451608914e-13 4.06451608914e-13 4.06449758981e-13
10000 10000 1255 950 1e-14 1.07671559607e-81 1.07671559607e-81 1.07671559607e-81 1.07671559607e-81
10000 10000 1255 950 1e-12 0.0 0.0 0.0 0.0
10000 10000 1255 950 1e-10 0.0 0.0 0.0 0.0
