10000 10000 1355 470 1e-22 0.317769048588 0.317764612527 0.317412118727 0.0
10000 10000 1355 470 1e-20 0.317657551927 0.317653118725 0.317300764517 0.0
10000 10000 1355 470 1e-19 0.316645852038 0.316641444744 0.316290356878 0.0
10000 10000 1355 470 2e-19 0.315525758306 0.315521379617 0.31517169316 0.0
10000 10000 1355 470 5e-19 0.312190682895 0.312186388896 0.311840871308 0.0
10000 10000 1355 470 7e-19 0.309988135622 0.309983897156 0.309641129615 0.0
10000 10000 1355 470 1e-18 0.306715235505 0.30671107897 0.306372393222 0.0
10000 10000 1355 470 2e-18 0.296068230019 0.29606433514 0.295738888538 0.0
10000 10000 1355 470 5e-18 0.266417637192 0.26641443114 0.266125523322 0.0
10000 10000 1355 470 7e-18 0.248413393838 0.248410576892 0.248143603452 0.0
10000 10000 1355 470 1e-17 0.223786072644 0.223783751376 0.22354644582 0.0
10000 10000 1355 470 2e-17 0.158733391343 0.158732167952 0.158571079109 0.0
10000 10000 1355 470 5e-17 0.0587543307634 0.0587541441227 0.0587015454066 0.0
10000 10000 1355 470 7e-17 0.0310669155957 0.0310668605895 0.0310411589951 0.0
10000 10000 1355 470 1e-16 0.012314940533 0.0123149313656 0.0123058311404 0.0
10000 10000 1355 470 1e-15 2.53235615029e-11 2.53235615029e-11 2.53234388109e-11 0.0
10000 10000 1355 470 1e-14 2.74024522784e-58 2.74024522784e-58 2.74024522784e-58 0.0
10000 10000 1355 470 1e-12 0.0 0.0 0.0 0.0
10000 10000 1355 470 1e-10 0.0 0.0 0.0 0.0
