10000 10000 1455 200 1e-22 0.00266928949098 0.00266799849425 0.0 0.0
10000 10000 1455 200 1e-20 0.00266860340672 0.00266731273352 0.0 0.0
10000 10000 1455 200 1e-19 0.00266237452397 0.00266108678826 0.0 0.0
10000 10000 1455 200 2e-19 0.00265547093929 0.0026541864596 0.0 0.0
10000 10000 1455 200 5e-19 0.00263486957315 0.00263359481214 0.0 0.0
10000 10000 1455 200 7e-19 0.00262122599557 0.00261995767272 0.0 0.0
10000 10000 1455 200 1e-18 0.00260089565488 0.00259963692827 0.0 0.0
10000 10000 1455 200 2e-18 0.00253428243928 0.00253305517799 0.0 0.0
10000 10000 1455 200 5e-18 0.00234469923629 0.00234356172271 0.0 0.0
10000 10000 1455 200 7e-18 0.00222641044674 0.00222532908285 0.0 0.0
10000 10000 1455 200 1e-17 0.00206028638139 0.00205928408047 0.0 0.0
10000 10000 1455 200 2e-17 0.00159244470744 0.00159166646542 0.0 0.0
10000 10000 1455 200 5e-17 0.000741689753939 0.000741325226707 0.0 0.0
10000 10000 1455 200 7e-17 0.000448984629262 0.000448764661465 0.0 0.0
10000 10000 1455 200 1e-16 0.000213963700962 0.000213860513733 0.0 0.0
10000 10000 1455 200 1e-15 1.19205043466e-10 1.19205024125e-10 0.0 0.0
10000 10000 1455 200 1e-14 3.44372547906e-51 3.44372547906e-51 0.0 0.0
10000 10000 1455 200 1e-12 0.0 0.0 0.0 0.0
10000 10000 1455 200 1e-10 0.0 0.0 0.0 0.0
