10000 10000 955 350 1e-22 0.328455469495 0.328403948693 0.327239428434 0.0
10000 10000 955 350 1e-20 0.328340782078 0.328289287701 0.327125196692 0.0
10000 10000 955 350 1e-19 0.327300121274 0.327248866496 0.32608867009 0.0
10000 10000 955 350 2e-19 0.326147945663 0.326096955753 0.324941070535 0.0
10000 10000 955 350 5e-19 0.322717233369 0.322667029593 0.32152397665 0.0
10000 10000 955 350 7e-19 0.320451432083 0.320401745417 0.319267163614 0.0
10000 10000 955 350 1e-18 0.317084400084 0.317035478768 0.315913479502 0.0
10000 10000 955 350 2e-18 0.30613000663 0.306083549514 0.305002438004 0.0
10000 10000 955 350 5e-18 0.275613449414 0.275573642635 0.274606022367 0.0
10000 10000 955 350 7e-18 0.257075713295 0.257039785851 0.256140788216 0.0
10000 10000 955 350 1e-17 0.231708298722 0.231677472224 0.230871948422 0.0
10000 10000 955 350 2e-17 0.164632192304 0.164613583643 0.164052382462 0.0
10000 10000 955 350 5e-17 0.061243800981 0.0612395077245 0.0610426829966 0.0
10000 10000 955 350 7e-17 0.03248998952 0.0324883172773 0.0323879473109 0.0
10000 10000 955 350 1e-16 0.0129438928011 0.0129434678922 0.01290582294 0.0
10000 10000 955 350 1e-15 5.46664730389e-11 5.46664730371e-11 5.46647364666e-11 0.0
10000 10000 955 350 1e-14 4.25451460836e-58 4.25451460836e-58 4.25451460836e-58 0.0
10000 10000 955 350 1e-12 0.0 0.0 0.0 0.0
10000 10000 955 350 1e-10 0.0 0.0 0.0 0.0
