10000 10000 355 50 1e-22 1.28287836812e-06 0.0 0.0 0.0
10000 10000 355 50 1e-20 1.28284353251e-06 0.0 0.0 0.0
10000 10000 355 50 1e-19 1.28252688852e-06 0.0 0.0 0.0
10000 10000 355 50 2e-19 1.28217515361e-06 0.0 0.0 0.0
10000 10000 355 50 5e-19 1.28112052801e-06 0.0 0.0 0.0
10000 10000 355 50 7e-19 1.28041792664e-06 0.0 0.0 0.0
10000 10000 355 50 1e-18 1.27936474759e-06 0.0 0.0 0.0
10000 10000 355 50 2e-18 1.27586040821e-06 0.0 0.0 0.0
10000 10000 355 50 5e-18 1.26540492429e-06 0.0 0.0 0.0
10000 10000 355 50 7e-18 1.25848228421e-06 0.0 0.0 0.0
10000 10000 355 50 1e-17 1.2481693258e-06 0.0 0.0 0.0
10000 10000 355 50 2e-17 1.21439976636e-06 0.0 0.0 0.0
10000 10000 355 50 5e-17 1.11847884934e-06 0.0 0.0 0.0
10000 10000 355 50 7e-17 1.0587818878e-06 0.0 0.0 0.0
10000 10000 355 50 1e-16 9.75161585504e-07 0.0 0.0 0.0
10000 10000 355 50 1e-15 8.28491908951e-08 0.0 0.0 0.0
10000 10000 355 50 1e-14 2.07487353724e-18 0.0 0.0 0.0
10000 10000 355 50 1e-12 0.0 0.0 0.0 0.0
10000 10000 355 50 1e-10 0.0 0.0 0.0 0.0
