10000 10000 1055 650 1e-22 0.426277552104 0.426276565871 0.426044258955 0.425217637648
10000 10000 1055 650 1e-20 0.426097535979 0.426096550408 0.425864361802 0.425038101494
10000 10000 1055 650 1e-19 0.424464755778 0.424463776211 0.424232660285 0.423409674074
10000 10000 1055 650 2e-19 0.422658412353 0.422657439414 0.422427509328 0.421608144775
10000 10000 1055 650 5e-19 0.417288610343 0.41728765702 0.417061246742 0.416252645492
10000 10000 1055 650 7e-19 0.413749367822 0.413748427355 0.413524332533 0.412722822939
10000 10000 1055 650 1e-18 0.408500655353 0.408499733848 0.408279066266 0.407488070008
10000 10000 1055 650 2e-18 0.391513765013 0.391512903994 0.391303273183 0.390546271903
10000 10000 1055 650 5e-18 0.344937730841 0.344937028482 0.344757200755 0.344093157611
10000 10000 1055 650 7e-18 0.317205955725 0.317205342544 0.317042913048 0.316434027167
10000 10000 1055 650 1e-17 0.279989187376 0.279988687186 0.279849152276 0.279314038416
10000 10000 1055 650 2e-17 0.18612268483 0.186122431147 0.186037842928 0.1856872413
10000 10000 1055 650 5e-17 0.0582284654259 0.0582284323304 0.0582086206501 0.058103621756
10000 10000 1055 650 7e-17 0.0280543400029 0.0280543314895 0.0280465187839 0.0279974082164
10000 10000 1055 650 1e-16 0.00989599556216 0.00989599445142 0.00989396362177 0.00987741572337
10000 10000 1055 650 1e-15 5.17314262759e-12 5.17314262759e-12 5.17314247574e-12 5.17265923576e-12
10000 10000 1055 650 1e-14 4.58693801907e-66 4.58693801907e-66 4.58693801907e-66 4.58693801907e-66
10000 10000 1055 650 1e-12 0.0 0.0 0.0 0.0
10000 10000 1055 650 1e-10 0.0 0.0 0.0 0.0
