10000 10000 1205 440 1e-22 0.331657545288 0.331642778355 0.3311956271 0.0
10000 10000 1205 440 1e-20 0.331539102518 0.331524344198 0.331077374727 0.0
10000 10000 1205 440 1e-19 0.330464419903 0.330449739649 0.330004419163 0.0
10000 10000 1205 440 2e-19 0.329274690134 0.329260096127 0.328816600269 0.0
10000 10000 1205 440 5e-19 0.325732865502 0.325718527166 0.325280457676 0.0
10000 10000 1205 440 7e-19 0.323394265684 0.323380095265 0.322945604127 0.0
10000 10000 1205 440 1e-18 0.319919919978 0.319905997698 0.319476815967 0.0
10000 10000 1205 440 2e-18 0.308623660512 0.308610533962 0.308198558024 0.0
10000 10000 1205 440 5e-18 0.277215792398 0.277204786972 0.276840172328 0.0
10000 10000 1205 440 7e-18 0.258182998329 0.258173210428 0.257836933154 0.0
10000 10000 1205 440 1e-17 0.232199258908 0.23219104633 0.231892976032 0.0
10000 10000 1205 440 2e-17 0.163878945262 0.163874354878 0.163673704629 0.0
10000 10000 1205 440 5e-17 0.0600330961852 0.0600322721063 0.05996783314 0.0
10000 10000 1205 440 7e-17 0.0316234796874 0.0316232120112 0.0315918768397 0.0
10000 10000 1205 440 1e-16 0.012507327832 0.0125072769852 0.0124961804787 0.0
10000 10000 1205 440 1e-15 2.54932930364e-11 2.54932930364e-11 2.54929453139e-11 0.0
10000 10000 1205 440 1e-14 4.65998475891e-60 4.65998475891e-60 4.65998475891e-60 0.0
10000 10000 1205 440 1e-12 0.0 0.0 0.0 0.0
10000 10000 1205 440 1e-10 0.0 0.0 0.0 0.0
