10000 10000 2955 2500 1e-22 0.00358669629789 0.00358669629789 0.00358669629789 0.00358669629789
10000 10000 2955 2500 1e-20 0.00358450309345 0.00358450309345 0.00358450309345 0.00358450309345
10000 10000 2955 2500 1e-19 0.00356462762391 0.00356462762391 0.00356462762391 0.00356462762391
10000 10000 2955 2500 2e-19 0.00354267581109 0.00354267581109 0.00354267581109 0.00354267581109
10000 10000 2955 2500 5e-19 0.00347764560126 0.00347764560126 0.00347764560126 0.00347764560126
10000 10000 2955 2500 7e-19 0.00343497101854 0.00343497101854 0.00343497101854 0.00343497101854
10000 10000 2955 2500 1e-18 0.0033719601382 0.0033719601382 0.0033719601382 0.0033719601382
10000 10000 2955 2500 2e-18 0.00317032551964 0.00317032551964 0.00317032551964 0.00317032551964
10000 10000 2955 2500 5e-18 0.0026362424624 0.0026362424624 0.0026362424624 0.0026362424624
10000 10000 2955 2500 7e-18 0.00233213429258 0.00233213429258 0.00233213429258 0.00233213429258
10000 10000 2955 2500 1e-17 0.00194167119122 0.00194167119122 0.00194167119122 0.00194167119122
10000 10000 2955 2500 2e-17 0.00105983337579 0.00105983337579 0.00105983337579 0.00105983337579
10000 10000 2955 2500 5e-17 0.000180862426098 0.000180862426098 0.000180862426098 0.000180862426098
10000 10000 2955 2500 7e-17 5.78381236112e-05 5.78381236112e-05 5.78381236112e-05 5.78381236112e-05
10000 10000 2955 2500 1e-16 1.10491336426e-05 1.10491336426e-05 1.10491336426e-05 1.10491336426e-05
10000 10000 2955 2500 1e-15 6.36458514232e-22 6.36458514232e-22 6.36458514232e-22 6.36458514232e-22
10000 10000 2955 2500 1e-14 1.72967970471e-171 1.72967970471e-171 1.72967970471e-171 1.72967970471e-171
10000 10000 2955 2500 1e-12 0.0 0.0 0.0 0.0
10000 10000 2955 2500 1e-10 0.0 0.0 0.0 0.0
