10000 10000 1055 200 1e-22 0.0280234757458 0.0279801952807 0.0 0.0
10000 10000 1055 200 1e-20 0.0280147780382 0.0279715129079 0.0 0.0
10000 10000 1055 200 1e-19 0.0279358381592 0.0278927121732 0.0 0.0
10000 10000 1055 200 2e-19 0.0278484016683 0.0278054297339 0.0 0.0
10000 10000 1055 200 5e-19 0.0275878159949 0.0275453027439 0.0 0.0
10000 10000 1055 200 7e-19 0.0274155187798 0.0273733084478 0.0 0.0
10000 10000 1055 200 1e-18 0.027159193105 0.0271174328917 0.0 0.0
10000 10000 1055 200 2e-18 0.0263228338294 0.0262825378158 0.0 0.0
10000 10000 1055 200 5e-18 0.0239724569307 0.023936237624 0.0 0.0
10000 10000 1055 200 7e-18 0.022528996955 0.0224952520818 0.0 0.0
10000 10000 1055 200 1e-17 0.0205327764002 0.0205024143723 0.0 0.0
10000 10000 1055 200 2e-17 0.0151182241664 0.0150967807916 0.0 0.0
10000 10000 1055 200 5e-17 0.00619938822089 0.00619154273887 0.0 0.0
10000 10000 1055 200 7e-17 0.00349104314939 0.00348691265128 0.0 0.0
10000 10000 1055 200 1e-16 0.00151378853297 0.00151215033169 0.0 0.0
10000 10000 1055 200 1e-15 6.96478234915e-11 6.96473926227e-11 0.0 0.0
10000 10000 1055 200 1e-14 3.19956873272e-51 3.19956873272e-51 0.0 0.0
10000 10000 1055 200 1e-12 0.0 0.0 0.0 0.0
10000 10000 1055 200 1e-10 0.0 0.0 0.0 0.0
