10000 10000 1455 400 1e-22 0.172750215044 0.172743399419 0.172461121372 0.0
10000 10000 1455 400 1e-20 0.172693781902 0.172686969703 0.172404792925 0.0
10000 10000 1455 400 1e-19 0.172181649591 0.172174868461 0.171893610548 0.0
10000 10000 1455 400 2e-19 0.17161450294 0.171607756162 0.171327515517 0.0
10000 10000 1455 400 5e-19 0.16992492235 0.169918277564 0.169641065549 0.0
10000 10000 1455 400 7e-19 0.168808344373 0.168801766708 0.168526554622 0.0
10000 10000 1455 400 1e-18 0.167148044934 0.167141566655 0.166869326033 0.0
10000 10000 1455 400 2e-18 0.161737633888 0.161731475972 0.161468898739 0.0
10000 10000 1455 400 5e-18 0.146591293571 0.146586003173 0.146350310539 0.0
10000 10000 1455 400 7e-18 0.137333385213 0.137328602955 0.137109213208 0.0
10000 10000 1455 400 1e-17 0.124588136472 0.124584024898 0.124386903855 0.0
10000 10000 1455 400 2e-17 0.0903873528604 0.0903848607379 0.0902463331251 0.0
10000 10000 1455 400 5e-17 0.0355654239686 0.035564855172 0.0355151780849 0.0
10000 10000 1455 400 7e-17 0.0194999787173 0.0194997625175 0.0194741065417 0.0
10000 10000 1455 400 1e-16 0.00812081439003 0.00812076258084 0.00811097496848 0.0
10000 10000 1455 400 1e-15 4.64213214836e-11 4.64213214836e-11 4.64207921107e-11 0.0
10000 10000 1455 400 1e-14 2.70461790882e-57 2.70461790882e-57 2.70461790882e-57 0.0
10000 10000 1455 400 1e-12 0.0 0.0 0.0 0.0
10000 10000 1455 400 1e-10 0.0 0.0 0.0 0.0
