10000 10000 1955 200 1e-22 0.00117223278499 0.001169358277 0.0 0.0
10000 10000 1955 200 1e-20 0.00117184996029 0.00116897664178 0.0 0.0
10000 10000 1955 200 1e-19 0.00116837588871 0.00116551336097 0.0 0.0
10000 10000 1955 200 2e-19 0.00116452877921 0.0011616781937 0.0 0.0
10000 10000 1955 200 5e-19 0.00115306886691 0.00115025380998 0.0 0.0
10000 10000 1955 200 7e-19 0.00114549626573 0.00114270464818 0.0 0.0
10000 10000 1955 200 1e-18 0.00113423737035 0.00113148054643 0.0 0.0
10000 10000 1955 200 2e-18 0.00109755840716 0.0010949144603 0.0 0.0
10000 10000 1955 200 5e-18 0.000994967781507 0.000992635484774 0.0 0.0
10000 10000 1955 200 7e-18 0.000932334771848 0.000930189555037 0.0 0.0
10000 10000 1955 200 1e-17 0.000846211443347 0.000844319089822 0.0 0.0
10000 10000 1955 200 2e-17 0.000615793035973 0.000614547262118 0.0 0.0
10000 10000 1955 200 5e-17 0.000248571822677 0.000248216395994 0.0 0.0
10000 10000 1955 200 7e-17 0.000140627194341 0.000140473157747 0.0 0.0
10000 10000 1955 200 1e-16 6.24920569621e-05 6.24481094067e-05 0.0 0.0
10000 10000 1955 200 1e-15 8.37493683234e-11 8.37493683234e-11 0.0 0.0
10000 10000 1955 200 1e-14 5.70977826092e-48 5.70977826092e-48 0.0 0.0
10000 10000 1955 200 1e-12 0.0 0.0 0.0 0.0
10000 10000 1955 200 1e-10 0.0 0.0 0.0 0.0
