10000 10000 1055 210 1e-22 0.0465613986377 0.0465069869232 0.0 0.0
10000 10000 1055 210 1e-20 0.0465468862604 0.0464924941947 0.0 0.0
10000 10000 1055 210 1e-19 0.0464151758062 0.0463609620181 0.0 0.0
10000 10000 1055 210 2e-19 0.0462692951745 0.046215278739 0.0 0.0
10000 10000 1055 210 5e-19 0.0458345685854 0.045781139607 0.0 0.0
10000 10000 1055 210 7e-19 0.0455471628244 0.0454941216826 0.0 0.0
10000 10000 1055 210 1e-18 0.0451196375268 0.045067172502 0.0 0.0
10000 10000 1055 210 2e-18 0.04372505642 0.0436744639461 0.0 0.0
10000 10000 1055 210 5e-18 0.0398088904569 0.0397634997371 0.0 0.0
10000 10000 1055 210 7e-18 0.0374057914067 0.0373635497315 0.0 0.0
10000 10000 1055 210 1e-17 0.0340846021883 0.034046656045 0.0 0.0
10000 10000 1055 210 2e-17 0.0250854027535 0.0250587337332 0.0 0.0
10000 10000 1055 210 5e-17 0.01026540403 0.0102558266949 0.0 0.0
10000 10000 1055 210 7e-17 0.00575976244413 0.00575482718223 0.0 0.0
10000 10000 1055 210 1e-16 0.00247403629563 0.00247217448522 0.0 0.0
10000 10000 1055 210 1e-15 7.60550943907e-11 7.60550777591e-11 0.0 0.0
10000 10000 1055 210 1e-14 4.29774970053e-54 4.29774970053e-54 0.0 0.0
10000 10000 1055 210 1e-12 0.0 0.0 0.0 0.0
10000 10000 1055 210 1e-10 0.0 0.0 0.0 0.0
