10000 10000 705 410 1e-22 0.459495271266 0.459436450737 0.458260415474 0.0
10000 10000 705 410 1e-20 0.459314137636 0.459255349866 0.45807981335 0.0
10000 10000 705 410 1e-19 0.457670988656 0.457612497844 0.456441485064 0.0
10000 10000 705 410 2e-19 0.455852684128 0.455794521472 0.454628513317 0.0
10000 10000 705 410 5e-19 0.450444261158 0.450387071728 0.44923594118 0.0
10000 10000 705 410 7e-19 0.446877033076 0.446820483203 0.445679158599 0.0
10000 10000 705 410 1e-18 0.441583069722 0.441527465514 0.440400683302 0.0
10000 10000 705 410 2e-18 0.424418315029 0.42436574796 0.423286031602 0.0
10000 10000 705 410 5e-18 0.377091731499 0.377047298156 0.376096635614 0.0
10000 10000 705 410 7e-18 0.34871249988 0.348672763835 0.347798941247 0.0
10000 10000 705 410 1e-17 0.310360939617 0.310327318464 0.309556611305 0.0
10000 10000 705 410 2e-17 0.211958262946 0.211938920711 0.211428183886 0.0
10000 10000 705 410 5e-17 0.0714495534565 0.0714457384808 0.0712881906353 0.0
10000 10000 705 410 7e-17 0.0359764452158 0.0359751178033 0.0359002039905 0.0
10000 10000 705 410 1e-16 0.0134438896507 0.0134436072996 0.0134178374982 0.0
10000 10000 705 410 1e-15 1.47740637159e-11 1.47740637159e-11 1.47736516824e-11 0.0
10000 10000 705 410 1e-14 6.49475437804e-59 6.49475437804e-59 6.49475437804e-59 0.0
10000 10000 705 410 1e-12 0.0 0.0 0.0 0.0
10000 10000 705 410 1e-10 0.0 0.0 0.0 0.0
