10000 10000 1955 370 1e-22 0.0250312868366 0.0250312868366 0.0249840253544 0.0
10000 10000 1955 370 1e-20 0.0250241601586 0.0250241601586 0.0249769133112 0.0
10000 10000 1955 370 1e-19 0.0249594705385 0.0249594705385 0.0249123565229 0.0
10000 10000 1955 370 2e-19 0.0248878005815 0.0248878005815 0.0248408337117 0.0
10000 10000 1955 370 5e-19 0.0246740934977 0.0246740934977 0.0246275652692 0.0
10000 10000 1955 370 7e-19 0.0245327005677 0.0245327005677 0.0244864624516 0.0
10000 10000 1955 370 1e-18 0.0243222145923 0.0243222145923 0.0242764082016 0.0
10000 10000 1955 370 2e-18 0.0236342630573 0.0236342630573 0.0235898663887 0.0
10000 10000 1955 370 5e-18 0.021690797512 0.021690797512 0.021650371125 0.0
10000 10000 1955 370 7e-18 0.0204891407604 0.0204891407604 0.0204511589217 0.0
10000 10000 1955 370 1e-17 0.0188159722059 0.0188159722059 0.0187813786964 0.0
10000 10000 1955 370 2e-17 0.0141978839914 0.0141978839914 0.0141725225035 0.0
10000 10000 1955 370 5e-17 0.00620676005858 0.00620676005858 0.00619667039803 0.0
10000 10000 1955 370 7e-17 0.00361767970433 0.00361767970433 0.003612178479 0.0
10000 10000 1955 370 1e-16 0.00163500376132 0.00163500376132 0.00163276283282 0.0
10000 10000 1955 370 1e-15 5.9265542725e-11 5.9265542725e-11 5.92653098201e-11 0.0
10000 10000 1955 370 1e-14 2.55392177051e-58 2.55392177051e-58 2.55392177051e-58 0.0
10000 10000 1955 370 1e-12 0.0 0.0 0.0 0.0
10000 10000 1955 370 1e-10 0.0 0.0 0.0 0.0
