10000 10000 1055 750 1e-22 0.408435325659 0.408434445558 0.408310138457 0.407791319793
10000 10000 1055 750 1e-20 0.408253117455 0.408252237918 0.408127998273 0.407609421073
10000 10000 1055 750 1e-19 0.406600654643 0.406599780213 0.406476152077 0.405959764512
10000 10000 1055 750 2e-19 0.404772957165 0.404772088373 0.404649136058 0.404135169862
10000 10000 1055 750 5e-19 0.39934230264 0.399341450548 0.399220502956 0.398713728498
10000 10000 1055 750 7e-19 0.395765119895 0.395764278759 0.395644648918 0.395142609284
10000 10000 1055 750 1e-18 0.390463347644 0.390462522675 0.390344841801 0.38984981616
10000 10000 1055 750 2e-18 0.373331522321 0.373330749031 0.373219331791 0.372746941382
10000 10000 1055 750 5e-18 0.326580317953 0.326579681055 0.326485073684 0.326074211732
10000 10000 1055 750 7e-18 0.298911767187 0.298911207558 0.298826335073 0.29845170764
10000 10000 1055 750 1e-17 0.261998356235 0.261997895277 0.261925731573 0.261599214941
10000 10000 1055 750 2e-17 0.170233188294 0.170232946741 0.170190682544 0.169982396955
10000 10000 1055 750 5e-17 0.0499734884495 0.0499734535835 0.0499645184572 0.0499065507096
10000 10000 1055 750 7e-17 0.0231596986532 0.0231596890351 0.023156387969 0.0231304613438
10000 10000 1055 750 1e-16 0.00773990407566 0.00773990267699 0.00773911950159 0.00773091596326
10000 10000 1055 750 1e-15 3.22101708275e-12 3.22101708275e-12 3.22101680791e-12 3.22095603703e-12
10000 10000 1055 750 1e-14 5.0510570771e-60 5.0510570771e-60 5.0510570771e-60 5.0510570771e-60
10000 10000 1055 750 1e-12 0.0 0.0 0.0 0.0
10000 10000 1055 750 1e-10 0.0 0.0 0.0 0.0
