10000 10000 1955 260 1e-22 0.00410517940112 0.00410065926791 0.0 0.0
10000 10000 1955 260 1e-20 0.00410381099888 0.00409929252763 0.0 0.0
10000 10000 1955 260 1e-19 0.0040913930287 0.00408688963812 0.0 0.0
10000 10000 1955 260 2e-19 0.00407764176576 0.00407315507236 0.0 0.0
10000 10000 1955 260 5e-19 0.00403667977033 0.0040322427973 0.0 0.0
10000 10000 1955 260 7e-19 0.00400961313503 0.0040052090019 0.0 0.0
10000 10000 1955 260 1e-18 0.00396937165665 0.00396501632741 0.0 0.0
10000 10000 1955 260 2e-18 0.00383828319162 0.00383408666319 0.0 0.0
10000 10000 1955 260 5e-18 0.00347172529008 0.00346797120691 0.0 0.0
10000 10000 1955 260 7e-18 0.0032480280325 0.00324454264166 0.0 0.0
10000 10000 1955 260 1e-17 0.00294059141564 0.00293747338428 0.0 0.0
10000 10000 1955 260 2e-17 0.00211955467247 0.00211740333486 0.0 0.0
10000 10000 1955 260 5e-17 0.000823700260232 0.000822992696928 0.0 0.0
10000 10000 1955 260 7e-17 0.000452061017705 0.00045172353176 0.0 0.0
10000 10000 1955 260 1e-16 0.000191844264259 0.000191732928591 0.0 0.0
10000 10000 1955 260 1e-15 5.72595760655e-11 5.72595760644e-11 0.0 0.0
10000 10000 1955 260 1e-14 3.93150648901e-57 3.93150648901e-57 0.0 0.0
10000 10000 1955 260 1e-12 0.0 0.0 0.0 0.0
10000 10000 1955 260 1e-10 0.0 0.0 0.0 0.0
