10000 10000 1455 370 1e-22 0.108424807066 0.10841598326 0.108157997769 0.0
10000 10000 1455 370 1e-20 0.108390282264 0.10838146282 0.108123566351 0.0
10000 10000 1455 370 1e-19 0.108076957058 0.10806817717 0.107811088489 0.0
10000 10000 1455 370 2e-19 0.10772994918 0.107721213027 0.10746501875 0.0
10000 10000 1455 370 5e-19 0.106696027435 0.106687421143 0.106433890372 0.0
10000 10000 1455 370 7e-19 0.106012621151 0.106004100325 0.105752328932 0.0
10000 10000 1455 370 1e-18 0.104996238098 0.104987843831 0.104738687322 0.0
10000 10000 1455 370 2e-18 0.101682551177 0.10167456493 0.101433919177 0.0
10000 10000 1455 370 5e-18 0.0923921984266 0.0923853177095 0.0921684096903 0.0
10000 10000 1455 370 7e-18 0.0867029087382 0.0866966761256 0.0864942095882 0.0
10000 10000 1455 370 1e-17 0.0788558150402 0.0788504386882 0.078667762523 0.0
10000 10000 1455 370 2e-17 0.0576981774102 0.0576948751589 0.0575647053851 0.0
10000 10000 1455 370 5e-17 0.0233026179006 0.0233018161157 0.0232532220101 0.0
10000 10000 1455 370 7e-17 0.0130035184429 0.0130031947879 0.012977467384 0.0
10000 10000 1455 370 1e-16 0.00556073758022 0.00556065045755 0.00555049724802 0.0
10000 10000 1455 370 1e-15 8.3562309073e-11 8.35623090726e-11 8.35614939048e-11 0.0
10000 10000 1455 370 1e-14 4.68838760407e-57 4.68838760407e-57 4.68838760407e-57 0.0
10000 10000 1455 370 1e-12 0.0 0.0 0.0 0.0
10000 10000 1455 370 1e-10 0.0 0.0 0.0 0.0
