10000 10000 1255 1050 1e-22 0.268429015333 0.268429015333 0.268409297206 0.268236706003
10000 10000 1255 1050 1e-20 0.268299035511 0.268299035511 0.268279330233 0.268106827915
10000 10000 1255 1050 1e-19 0.267120467364 0.267120467364 0.267100878507 0.266929182037
10000 10000 1255 1050 2e-19 0.265817403887 0.265817403887 0.265797943558 0.265627137868
10000 10000 1255 1050 5e-19 0.261948627916 0.261948627916 0.261929547993 0.261761385813
10000 10000 1255 1050 7e-19 0.25940275429 0.25940275429 0.259383923718 0.259217500121
10000 10000 1255 1050 1e-18 0.255633182177 0.255633182177 0.255614719369 0.255450868548
10000 10000 1255 1050 2e-18 0.243483159273 0.243483159273 0.243465869904 0.243310299264
10000 10000 1255 1050 5e-18 0.21058006177 0.21058006177 0.210565853715 0.210432603276
10000 10000 1255 1050 7e-18 0.1912966089 0.1912966089 0.19128413613 0.191163887882
10000 10000 1255 1050 1e-17 0.165814482 0.165814482 0.165804213925 0.165701042249
10000 10000 1255 1050 2e-17 0.103925862455 0.103925862455 0.103920452773 0.10385809487
10000 10000 1255 1050 5e-17 0.0276909648354 0.0276909648354 0.027690121041 0.0276755220162
10000 10000 1255 1050 7e-17 0.0121455710916 0.0121455710916 0.012145314802 0.0121395283012
10000 10000 1255 1050 1e-16 0.00378844589779 0.00378844589779 0.00378840050284 0.00378687646367
10000 10000 1255 1050 1e-15 2.58497924733e-13 2.58497924733e-13 2.58497924733e-13 2.58497872482e-13
10000 10000 1255 1050 1e-14 1.00730588087e-84 1.00730588087e-84 1.00730588087e-84 1.00730588087e-84
10000 10000 1255 1050 1e-12 0.0 0.0 0.0 0.0
10000 10000 1255 1050 1e-10 0.0 0.0 0.0 0.0
