10000 10000 555 340 1e-22 0.425580475152 0.425406579006 0.423261839725 0.0
10000 10000 555 340 1e-20 0.425412031874 0.425238227823 0.423094382782 0.0
10000 10000 555 340 1e-19 0.423884015315 0.423711046187 0.421575312416 0.0
10000 10000 555 340 2e-19 0.422193141763 0.42202109548 0.419894335929 0.0
10000 10000 555 340 5e-19 0.417163914337 0.416994606262 0.414894529337 0.0
10000 10000 555 340 7e-19 0.413846924609 0.413679417021 0.411596930376 0.0
10000 10000 555 340 1e-18 0.40892452527 0.408759681493 0.406703286806 0.0
10000 10000 555 340 2e-18 0.392966148128 0.392809872687 0.390837967354 0.0
10000 10000 555 340 5e-18 0.348979540278 0.348846319724 0.347106443593 0.0
10000 10000 555 340 7e-18 0.322613568337 0.322493743976 0.320892289678 0.0
10000 10000 555 340 1e-17 0.286996518974 0.286894240696 0.285478888612 0.0
10000 10000 555 340 2e-17 0.195697133131 0.19563646844 0.194692390704 0.0
10000 10000 555 340 5e-17 0.0656751902921 0.0656619177363 0.0653653137901 0.0
10000 10000 555 340 7e-17 0.0329806528335 0.0329756554719 0.032832907665 0.0
10000 10000 555 340 1e-16 0.0122856355478 0.0122844235292 0.0122343789846 0.0
10000 10000 555 340 1e-15 1.69322516468e-11 1.69322516422e-11 1.69296966008e-11 0.0
10000 10000 555 340 1e-14 7.90480922524e-63 7.90480922524e-63 7.90480922524e-63 0.0
10000 10000 555 340 1e-12 0.0 0.0 0.0 0.0
10000 10000 555 340 1e-10 0.0 0.0 0.0 0.0
