10000 10000 1055 240 1e-22 0.0829713626018 0.0829026204028 0.0 0.0
10000 10000 1055 240 1e-20 0.0829452431623 0.0828765258105 0.0 0.0
10000 10000 1055 240 1e-19 0.0827081877916 0.0826396958943 0.0 0.0
10000 10000 1055 240 2e-19 0.082445623773 0.0823773814769 0.0 0.0
10000 10000 1055 240 5e-19 0.0816631492153 0.081595650052 0.0 0.0
10000 10000 1055 240 7e-19 0.081145817112 0.0810788086822 0.0 0.0
10000 10000 1055 240 1e-18 0.0803762352358 0.0803099559482 0.0 0.0
10000 10000 1055 240 2e-18 0.0778656091691 0.0778017012336 0.0 0.0
10000 10000 1055 240 5e-18 0.070813763412 0.0707564536854 0.0 0.0
10000 10000 1055 240 7e-18 0.0664857768079 0.0664324685891 0.0 0.0
10000 10000 1055 240 1e-17 0.0605043208742 0.0604564783629 0.0 0.0
10000 10000 1055 240 2e-17 0.0443077521482 0.0442742841783 0.0 0.0
10000 10000 1055 240 5e-17 0.0177878505533 0.0177760878947 0.0 0.0
10000 10000 1055 240 7e-17 0.00983454418526 0.0098285794345 0.0 0.0
10000 10000 1055 240 1e-16 0.00412561383176 0.00412341460141 0.0 0.0
10000 10000 1055 240 1e-15 7.31725108368e-11 7.31724979878e-11 0.0 0.0
10000 10000 1055 240 1e-14 2.87405267651e-56 2.87405267651e-56 0.0 0.0
10000 10000 1055 240 1e-12 0.0 0.0 0.0 0.0
10000 10000 1055 240 1e-10 0.0 0.0 0.0 0.0
