10000 10000 555 420 1e-22 0.411212812298 0.411163318627 0.410091830362 0.0
10000 10000 555 420 1e-20 0.41104608978 0.41099662326 0.409925593685 0.0
10000 10000 555 420 1e-19 0.409533765977 0.409484545591 0.408417676379 0.0
10000 10000 555 420 2e-19 0.407860432511 0.407811484142 0.406749217457 0.0
10000 10000 555 420 5e-19 0.402884466591 0.40283632511 0.401787740074 0.0
10000 10000 555 420 7e-19 0.399603505195 0.399555894088 0.398516326223 0.0
10000 10000 555 420 1e-18 0.394735902421 0.394689075722 0.393662879722 0.0
10000 10000 555 420 2e-18 0.378966294259 0.378921988331 0.377939063299 0.0
10000 10000 555 420 5e-18 0.335592260353 0.335554717516 0.334690383134 0.0
10000 10000 555 420 7e-18 0.309662861438 0.309629233252 0.308835461766 0.0
10000 10000 555 420 1e-17 0.274725853762 0.274697332692 0.273998185203 0.0
10000 10000 555 420 2e-17 0.185722992471 0.185706457691 0.185245388868 0.0
10000 10000 555 420 5e-17 0.0609697103314 0.0609663748433 0.0608264513035 0.0
10000 10000 555 420 7e-17 0.0302528858392 0.0302517063493 0.0301859228324 0.0
10000 10000 555 420 1e-16 0.01110596087 0.011105702758 0.0110834410498 0.0
10000 10000 555 420 1e-15 1.8215056593e-11 1.82150565929e-11 1.82145439921e-11 0.0
10000 10000 555 420 1e-14 3.12818976094e-59 3.12818976094e-59 3.12818976094e-59 0.0
10000 10000 555 420 1e-12 0.0 0.0 0.0 0.0
10000 10000 555 420 1e-10 0.0 0.0 0.0 0.0
