10000 10000 255 250 1e-22 0.338123380806 0.337613617688 0.0 0.0
10000 10000 255 250 1e-20 0.337988945699 0.337479410587 0.0 0.0
10000 10000 255 250 1e-19 0.336769437567 0.336261970308 0.0 0.0
10000 10000 255 250 2e-19 0.335419967551 0.334914787536 0.0 0.0
10000 10000 255 250 5e-19 0.331406278276 0.330907895029 0.0 0.0
10000 10000 255 250 7e-19 0.328759153787 0.328265248121 0.0 0.0
10000 10000 255 250 1e-18 0.3248309442 0.324343675574 0.0 0.0
10000 10000 255 250 2e-18 0.312096695624 0.311630879834 0.0 0.0
10000 10000 255 250 5e-18 0.277005727669 0.276598502047 0.0 0.0
10000 10000 255 250 7e-18 0.255979355699 0.255606835749 0.0 0.0
10000 10000 255 250 1e-17 0.227586473952 0.22726028676 0.0 0.0
10000 10000 255 250 2e-17 0.154886001272 0.154675088119 0.0 0.0
10000 10000 255 250 5e-17 0.0517277784153 0.0516674358384 0.0 0.0
10000 10000 255 250 7e-17 0.0259274875793 0.0259001849814 0.0 0.0
10000 10000 255 250 1e-16 0.00964989784994 0.00964115524616 0.0 0.0
10000 10000 255 250 1e-15 3.11940738863e-11 3.11939854281e-11 0.0 0.0
10000 10000 255 250 1e-14 3.56330380939e-58 3.56330380939e-58 0.0 0.0
10000 10000 255 250 1e-12 0.0 0.0 0.0 0.0
10000 10000 255 250 1e-10 0.0 0.0 0.0 0.0
