10000 10000 805 320 1e-22 0.341146591857 0.34101722134 0.0 0.0
10000 10000 805 320 1e-20 0.341021385596 0.340892079894 0.0 0.0
10000 10000 805 320 1e-19 0.339885413327 0.33975669532 0.0 0.0
10000 10000 805 320 2e-19 0.338627997751 0.338499929504 0.0 0.0
10000 10000 805 320 5e-19 0.334885702832 0.334759563625 0.0 0.0
10000 10000 805 320 7e-19 0.33241558546 0.332290715592 0.0 0.0
10000 10000 805 320 1e-18 0.328747104838 0.328624114303 0.0 0.0
10000 10000 805 320 2e-18 0.316830124259 0.316713189977 0.0 0.0
10000 10000 805 320 5e-18 0.283783232331 0.283682685885 0.0 0.0
10000 10000 805 320 7e-18 0.263822054365 0.263731099264 0.0 0.0
10000 10000 805 320 1e-17 0.236654479974 0.236576176672 0.0 0.0
10000 10000 805 320 2e-17 0.165729028929 0.165681256169 0.0 0.0
10000 10000 805 320 5e-17 0.0596975124635 0.059686174477 0.0 0.0
10000 10000 805 320 7e-17 0.0312163081823 0.0312118152788 0.0 0.0
10000 10000 805 320 1e-16 0.0122563427402 0.0122551722555 0.0 0.0
10000 10000 805 320 1e-15 4.66396696322e-11 4.66396696011e-11 0.0 0.0
10000 10000 805 320 1e-14 1.0479850579e-57 1.0479850579e-57 0.0 0.0
10000 10000 805 320 1e-12 0.0 0.0 0.0 0.0
10000 10000 805 320 1e-10 0.0 0.0 0.0 0.0
