10000 10000 705 190 1e-22 0.13618308244 0.135874079307 0.0 0.0
10000 10000 705 190 1e-20 0.13613765027 0.135828760446 0.0 0.0
10000 10000 705 190 1e-19 0.135725371063 0.135417509292 0.0 0.0
10000 10000 705 190 2e-19 0.135268843934 0.134962120165 0.0 0.0
10000 10000 705 190 5e-19 0.133909058935 0.133605722335 0.0 0.0
10000 10000 705 190 7e-19 0.133010636664 0.132709535999 0.0 0.0
10000 10000 705 190 1e-18 0.131675030812 0.131377251161 0.0 0.0
10000 10000 705 190 2e-18 0.127325271637 0.1270382829 0.0 0.0
10000 10000 705 190 5e-18 0.115169933105 0.114912889882 0.0 0.0
10000 10000 705 190 7e-18 0.10775679663 0.107517856266 0.0 0.0
10000 10000 705 190 1e-17 0.097573198761 0.0973589143921 0.0 0.0
10000 10000 705 190 2e-17 0.0703869355102 0.0702371060089 0.0 0.0
10000 10000 705 190 5e-17 0.0273570127318 0.0273036115198 0.0 0.0
10000 10000 705 190 7e-17 0.0149253621775 0.0148977405292 0.0 0.0
10000 10000 705 190 1e-16 0.00619114095457 0.00618051643394 0.0 0.0
10000 10000 705 190 1e-15 1.59104293615e-10 1.59103354817e-10 0.0 0.0
10000 10000 705 190 1e-14 1.2630989798e-49 1.2630989798e-49 0.0 0.0
10000 10000 705 190 1e-12 0.0 0.0 0.0 0.0
10000 10000 705 190 1e-10 0.0 0.0 0.0 0.0
