10000 10000 655 210 1e-22 0.214688633912 0.214328574595 0.0 0.0
10000 10000 655 210 1e-20 0.214613716127 0.214253798945 0.0 0.0
10000 10000 655 210 1e-19 0.213933923225 0.213575295481 0.0 0.0
10000 10000 655 210 2e-19 0.213181290987 0.212824090265 0.0 0.0
10000 10000 655 210 5e-19 0.210940292816 0.21058733751 0.0 0.0
10000 10000 655 210 7e-19 0.209460263528 0.209110109048 0.0 0.0
10000 10000 655 210 1e-18 0.207260950744 0.20691495384 0.0 0.0
10000 10000 655 210 2e-18 0.20010602192 0.199773513364 0.0 0.0
10000 10000 655 210 5e-18 0.180177174805 0.179881919209 0.0 0.0
10000 10000 655 210 7e-18 0.168073611014 0.167800736528 0.0 0.0
10000 10000 655 210 1e-17 0.151514196387 0.151271614312 0.0 0.0
10000 10000 655 210 2e-17 0.107748223115 0.107583553963 0.0 0.0
10000 10000 655 210 5e-17 0.0403235308472 0.040269844163 0.0 0.0
10000 10000 655 210 7e-17 0.021536763686 0.0215105342871 0.0 0.0
10000 10000 655 210 1e-16 0.0086976402659 0.00868832100552 0.0 0.0
10000 10000 655 210 1e-15 9.37807142833e-11 9.37802263619e-11 0.0 0.0
10000 10000 655 210 1e-14 2.76096096074e-51 2.76096096074e-51 0.0 0.0
10000 10000 655 210 1e-12 0.0 0.0 0.0 0.0
10000 10000 655 210 1e-10 0.0 0.0 0.0 0.0
