10000 10000 955 420 1e-22 0.414657470245 0.414631711226 0.413814519674 0.0
10000 10000 955 420 1e-20 0.414501548514 0.414475803421 0.41365894721 0.0
10000 10000 955 420 1e-19 0.413086957488 0.413061338649 0.412247524318 0.0
10000 10000 955 420 2e-19 0.411521256506 0.411495777209 0.410685328688 0.0
10000 10000 955 420 5e-19 0.40686219796 0.406837132662 0.406036693468 0.0
10000 10000 955 420 7e-19 0.403787586897 0.403762793786 0.402968954733 0.0
10000 10000 955 420 1e-18 0.399222266627 0.399197876164 0.398413829551 0.0
10000 10000 955 420 2e-18 0.384399685039 0.38437658928 0.383624271422 0.0
10000 10000 955 420 5e-18 0.343361383006 0.343341767023 0.342676744801 0.0
10000 10000 955 420 7e-18 0.318624506633 0.318606909397 0.31799408461 0.0
10000 10000 955 420 1e-17 0.285026730241 0.285011772494 0.284469277808 0.0
10000 10000 955 420 2e-17 0.197775190683 0.197766460516 0.197402965124 0.0
10000 10000 955 420 5e-17 0.0693305241786 0.0693287410094 0.0692139358547 0.0
10000 10000 955 420 7e-17 0.0356303573807 0.0356297268828 0.0355746211539 0.0
10000 10000 955 420 1e-16 0.0136512156141 0.0136510798175 0.013631980713 0.0
10000 10000 955 420 1e-15 2.05905219481e-11 2.05905219481e-11 2.05899496777e-11 0.0
10000 10000 955 420 1e-14 1.51880343309e-59 1.51880343309e-59 1.51880343309e-59 0.0
10000 10000 955 420 1e-12 0.0 0.0 0.0 0.0
10000 10000 955 420 1e-10 0.0 0.0 0.0 0.0
