10000 10000 805 460 1e-22 0.471565866401 0.471539671598 0.470706137564 0.0
10000 10000 805 460 1e-20 0.471377393494 0.471351215234 0.470518041122 0.0
10000 10000 805 460 1e-19 0.469667719001 0.469641690639 0.468811780977 0.0
10000 10000 805 460 2e-19 0.467775908061 0.467750045235 0.466923746791 0.0
10000 10000 805 460 5e-19 0.462149535342 0.462124162764 0.461308598063 0.0
10000 10000 805 460 7e-19 0.458439123236 0.458414072259 0.457605580943 0.0
10000 10000 805 460 1e-18 0.452933507407 0.452908931119 0.452110927825 0.0
10000 10000 805 460 2e-18 0.435089522715 0.435066464021 0.434302388582 0.0
10000 10000 805 460 5e-18 0.385948239213 0.385929188549 0.385258007638 0.0
10000 10000 805 460 7e-18 0.356524356998 0.356507579509 0.355891606304 0.0
10000 10000 805 460 1e-17 0.316817499714 0.31680362891 0.3162616064 0.0
10000 10000 805 460 2e-17 0.215282450065 0.215275071473 0.214918645983 0.0
10000 10000 805 460 5e-17 0.0715672954557 0.0715661541871 0.0714586890298 0.0
10000 10000 805 460 7e-17 0.03572690274 0.0357265663918 0.035676216381 0.0
10000 10000 805 460 1e-16 0.0131926199294 0.013192564249 0.013175607371 0.0
10000 10000 805 460 1e-15 9.47115640124e-12 9.47115640124e-12 9.47090126021e-12 0.0
10000 10000 805 460 1e-14 3.40756813003e-61 3.40756813003e-61 3.40756813003e-61 0.0
10000 10000 805 460 1e-12 0.0 0.0 0.0 0.0
10000 10000 805 460 1e-10 0.0 0.0 0.0 0.0
