10000 10000 1255 390 1e-22 0.22849366942 0.228478965234 0.228000372504 0.0
10000 10000 1255 390 1e-20 0.228416726837 0.22840202994 0.227923613883 0.0
10000 10000 1255 390 1e-19 0.227718510229 0.227703879433 0.22722706635 0.0
10000 10000 1255 390 2e-19 0.226945372816 0.226930815112 0.22645577649 0.0
10000 10000 1255 390 5e-19 0.224642647686 0.224628307049 0.224158550266 0.0
10000 10000 1255 390 7e-19 0.223121296719 0.223107098969 0.22264082908 0.0
10000 10000 1255 390 1e-18 0.220859757308 0.220845771191 0.220384680705 0.0
10000 10000 1255 390 2e-18 0.213495470967 0.213482167491 0.213037909207 0.0
10000 10000 1255 390 5e-18 0.192925082717 0.192913631461 0.192516104015 0.0
10000 10000 1255 390 7e-18 0.180387155262 0.180376791541 0.180007525862 0.0
10000 10000 1255 390 1e-17 0.163173872369 0.163164947202 0.162834182895 0.0
10000 10000 1255 390 2e-17 0.11729607355 0.117290638228 0.11706050793 0.0
10000 10000 1255 390 5e-17 0.0450756589117 0.0450744053813 0.0449940942598 0.0
10000 10000 1255 390 7e-17 0.0244026032912 0.0244021230566 0.0243612869013 0.0
10000 10000 1255 390 1e-16 0.0100084686419 0.0100083513141 0.00999307449108 0.0
10000 10000 1255 390 1e-15 6.11453752119e-11 6.11453752116e-11 6.11442173061e-11 0.0
10000 10000 1255 390 1e-14 1.70272973535e-57 1.70272973535e-57 1.70272973535e-57 0.0
10000 10000 1255 390 1e-12 0.0 0.0 0.0 0.0
10000 10000 1255 390 1e-10 0.0 0.0 0.0 0.0
