10000 10000 1455 420 1e-22 0.17995197731 0.179946584986 0.179675839453 0.0
10000 10000 1455 420 1e-20 0.179892294208 0.17988690486 0.179616261817 0.0
10000 10000 1455 420 1e-19 0.179350691161 0.179345328788 0.179075615575 0.0
10000 10000 1455 420 2e-19 0.178750955827 0.178745623266 0.178476939205 0.0
10000 10000 1455 420 5e-19 0.176964589624 0.1769593455 0.176693723856 0.0
10000 10000 1455 420 7e-19 0.175784296365 0.175779110375 0.175515509659 0.0
10000 10000 1455 420 1e-18 0.174029619756 0.17402451975 0.173763919758 0.0
10000 10000 1455 420 2e-18 0.168314712626 0.168309888976 0.168059031313 0.0
10000 10000 1455 420 5e-18 0.152341363724 0.152337281771 0.152113393522 0.0
10000 10000 1455 420 7e-18 0.142597015318 0.14259336279 0.142385727758 0.0
10000 10000 1455 420 1e-17 0.129206735024 0.129203642753 0.129018077517 0.0
10000 10000 1455 420 2e-17 0.0934256855226 0.0934239070247 0.0932956083057 0.0
10000 10000 1455 420 5e-17 0.0365859221019 0.0365855777321 0.0365412487288 0.0
10000 10000 1455 420 7e-17 0.0200576388475 0.0200575218704 0.0200350187843 0.0
10000 10000 1455 420 1e-16 0.00837388411566 0.00837386042097 0.00836542534564 0.0
10000 10000 1455 420 1e-15 4.01429754671e-11 4.01429754671e-11 4.01424825254e-11 0.0
10000 10000 1455 420 1e-14 5.51163483304e-58 5.51163483304e-58 5.51163483304e-58 0.0
10000 10000 1455 420 1e-12 0.0 0.0 0.0 0.0
10000 10000 1455 420 1e-10 0.0 0.0 0.0 0.0
