10000 10000 1355 500 1e-22 0.330616691229 0.330614801691 0.330253744691 0.328927126634
10000 10000 1355 500 1e-20 0.330498953671 0.330497065406 0.330136154887 0.328810037101
10000 10000 1355 500 1e-19 0.329430650572 0.329428773837 0.329069192105 0.327747613101
10000 10000 1355 500 2e-19 0.328247942929 0.328246078921 0.3278879676 0.326571412415
10000 10000 1355 500 5e-19 0.324726771871 0.324724945522 0.324371207689 0.323069603092
10000 10000 1355 500 7e-19 0.322401602589 0.322399800916 0.322048947572 0.320757210166
10000 10000 1355 500 1e-18 0.318946905736 0.318945140444 0.318598567639 0.31732148291
10000 10000 1355 500 2e-18 0.307712006044 0.307710356727 0.307377660912 0.306148161831
10000 10000 1355 500 5e-18 0.276454214141 0.276452868456 0.276158413366 0.275060750853
10000 10000 1355 500 7e-18 0.257497494261 0.257496318871 0.257224773646 0.256206638024
10000 10000 1355 500 1e-17 0.231599344817 0.23159838485 0.231357762967 0.230447703606
10000 10000 1355 500 2e-17 0.163405247222 0.1634047563 0.163243143064 0.162613968616
10000 10000 1355 500 5e-17 0.0595605104007 0.0595604422944 0.0595093830119 0.0592928149715
10000 10000 1355 500 7e-17 0.0311972412872 0.0311972225331 0.0311728057343 0.0310633201931
10000 10000 1355 500 1e-16 0.0122124815903 0.0122124787875 0.0122040926347 0.0121633376021
10000 10000 1355 500 1e-15 2.08394902461e-11 2.08394902461e-11 2.08394390253e-11 2.08324065602e-11
10000 10000 1355 500 1e-14 1.24839965973e-58 1.24839965973e-58 1.24839965973e-58 1.24839965973e-58
10000 10000 1355 500 1e-12 0.0 0.0 0.0 0.0
10000 10000 1355 500 1e-10 0.0 0.0 0.0 0.0
