10000 10000 655 430 1e-22 0.458509813105 0.458471021372 0.457498588202 0.0
10000 10000 655 430 1e-20 0.458321141489 0.458282372005 0.457310365042 0.0
10000 10000 655 430 1e-19 0.456609756042 0.456571188227 0.45560304685 0.0
10000 10000 655 430 2e-19 0.454716244774 0.454677899784 0.453714034513 0.0
10000 10000 655 430 5e-19 0.449086022518 0.449048338162 0.448097182226 0.0
10000 10000 655 430 7e-19 0.44537407041 0.445336820024 0.444394038792 0.0
10000 10000 655 430 1e-18 0.439867651544 0.439831042586 0.438900678047 0.0
10000 10000 655 430 2e-18 0.42203353577 0.421998984777 0.42110877976 0.0
10000 10000 655 430 5e-18 0.373024957861 0.372995901273 0.372215585311 0.0
10000 10000 655 430 7e-18 0.343762064462 0.343736168179 0.343021102068 0.0
10000 10000 655 430 1e-17 0.304382220861 0.304360422144 0.303732671159 0.0
10000 10000 655 430 2e-17 0.204394020777 0.204381694517 0.203972423622 0.0
10000 10000 655 430 5e-17 0.0657364144587 0.0657341036565 0.0656144488257 0.0
10000 10000 655 430 7e-17 0.0322048059632 0.0322040269937 0.0321492019573 0.0
10000 10000 655 430 1e-16 0.0116289225752 0.0116287639218 0.0116108848509 0.0
10000 10000 655 430 1e-15 1.01929124831e-11 1.01929124831e-11 1.01923657445e-11 0.0
10000 10000 655 430 1e-14 3.92753079663e-61 3.92753079663e-61 3.92753079663e-61 0.0
10000 10000 655 430 1e-12 0.0 0.0 0.0 0.0
10000 10000 655 430 1e-10 0.0 0.0 0.0 0.0
