10000 10000 805 470 1e-22 0.466672652667 0.466649639874 0.465955338565 0.0
10000 10000 805 470 1e-20 0.466484169949 0.466461171698 0.465767178651 0.0
10000 10000 805 470 1e-19 0.464774437704 0.464751571226 0.464060373956 0.0
10000 10000 805 470 2e-19 0.462882628697 0.462859907737 0.462171802957 0.0
10000 10000 805 470 5e-19 0.457256673972 0.457234383968 0.456555469395 0.0
10000 10000 805 470 7e-19 0.453546878672 0.453524871368 0.4528520116 0.0
10000 10000 805 470 1e-18 0.448042684714 0.448021094673 0.447357210537 0.0
10000 10000 805 470 2e-18 0.430207577134 0.430187321024 0.429552454585 0.0
10000 10000 805 470 5e-18 0.381126992514 0.381110258845 0.380554691721 0.0
10000 10000 805 470 7e-18 0.351767608361 0.35175287209 0.351244314445 0.0
10000 10000 805 470 1e-17 0.312185961417 0.312173778757 0.311728027953 0.0
10000 10000 805 470 2e-17 0.211221480483 0.211214999379 0.210925805431 0.0
10000 10000 805 470 5e-17 0.0693592112526 0.0693582057259 0.069274571801 0.0
10000 10000 805 470 7e-17 0.0343799967884 0.0343796989781 0.0343415442877 0.0
10000 10000 805 470 1e-16 0.0125892756955 0.0125892257977 0.0125768273256 0.0
10000 10000 805 470 1e-15 8.8114671124e-12 8.8114671124e-12 8.81130269321e-12 0.0
10000 10000 805 470 1e-14 1.4399775135e-61 1.4399775135e-61 1.4399775135e-61 0.0
10000 10000 805 470 1e-12 0.0 0.0 0.0 0.0
10000 10000 805 470 1e-10 0.0 0.0 0.0 0.0
