10000 10000 1255 400 1e-22 0.232042805684 0.232031221402 0.231542853652 0.0
10000 10000 1255 400 1e-20 0.231962768279 0.231951190673 0.231463011992 0.0
10000 10000 1255 400 1e-19 0.231236511227 0.23122499413 0.230738530696 0.0
10000 10000 1255 400 2e-19 0.230432416214 0.230420965965 0.229936400874 0.0
10000 10000 1255 400 5e-19 0.228038058837 0.228026806726 0.227547889704 0.0
10000 10000 1255 400 7e-19 0.226456640552 0.226445518553 0.22597032812 0.0
10000 10000 1255 400 1e-18 0.224106505906 0.224095576153 0.223625918102 0.0
10000 10000 1255 400 2e-18 0.216459548483 0.216449235014 0.215997530665 0.0
10000 10000 1255 400 5e-18 0.195147921852 0.19513924985 0.194737177267 0.0
10000 10000 1255 400 7e-18 0.182194303498 0.182186573111 0.181814357273 0.0
10000 10000 1255 400 1e-17 0.164456892148 0.164450379997 0.16411863165 0.0
10000 10000 1255 400 2e-17 0.117466742064 0.117463036867 0.117235792616 0.0
10000 10000 1255 400 5e-17 0.0445122676779 0.0445115407554 0.044435272094 0.0
10000 10000 1255 400 7e-17 0.0239398846114 0.0239396281507 0.0239016497528 0.0
10000 10000 1255 400 1e-16 0.00974542040167 0.00974536382402 0.00973151112974 0.0
10000 10000 1255 400 1e-15 4.21305792939e-11 4.21305792939e-11 4.21297457653e-11 0.0
10000 10000 1255 400 1e-14 3.55095843692e-58 3.55095843692e-58 3.55095843692e-58 0.0
10000 10000 1255 400 1e-12 0.0 0.0 0.0 0.0
10000 10000 1255 400 1e-10 0.0 0.0 0.0 0.0
