10000 10000 1255 330 1e-22 0.134082029216 0.134062003836 0.0 0.0
10000 10000 1255 330 1e-20 0.134038448271 0.134018433202 0.0 0.0
10000 10000 1255 330 1e-19 0.133642948935 0.13362302735 0.0 0.0
10000 10000 1255 330 2e-19 0.133204961972 0.133185143732 0.0 0.0
10000 10000 1255 330 5e-19 0.131900145441 0.131880633929 0.0 0.0
10000 10000 1255 330 7e-19 0.131037831176 0.131018521426 0.0 0.0
10000 10000 1255 330 1e-18 0.129755592184 0.129736581055 0.0 0.0
10000 10000 1255 330 2e-18 0.125577010889 0.125558961223 0.0 0.0
10000 10000 1255 330 5e-18 0.113877743315 0.113862288278 0.0 0.0
10000 10000 1255 330 7e-18 0.106725590541 0.106711648794 0.0 0.0
10000 10000 1255 330 1e-17 0.0968774745594 0.0968655221376 0.0 0.0
10000 10000 1255 330 2e-17 0.0704358636991 0.0704286712402 0.0 0.0
10000 10000 1255 330 5e-17 0.0279470966422 0.0279454537505 0.0 0.0
10000 10000 1255 330 7e-17 0.0154285106396 0.0154278731606 0.0 0.0
10000 10000 1255 330 1e-16 0.00650165826551 0.00650149566624 0.0 0.0
10000 10000 1255 330 1e-15 1.06921567752e-10 1.0692156774e-10 0.0 0.0
10000 10000 1255 330 1e-14 8.89356578047e-58 8.89356578047e-58 0.0 0.0
10000 10000 1255 330 1e-12 0.0 0.0 0.0 0.0
10000 10000 1255 330 1e-10 0.0 0.0 0.0 0.0
