10000 10000 455 450 1e-22 0.379161304732 0.379128468678 0.378348179216 0.0
10000 10000 455 450 1e-20 0.379006438849 0.378973623215 0.378193681892 0.0
10000 10000 455 450 1e-19 0.377601694277 0.377569063683 0.376792279704 0.0
10000 10000 455 450 2e-19 0.376047454152 0.376015027913 0.375241736184 0.0
10000 10000 455 450 5e-19 0.371426013182 0.371394192226 0.370631277585 0.0
10000 10000 455 450 7e-19 0.368379124508 0.368347700672 0.367591621875 0.0
10000 10000 455 450 1e-18 0.36385925188 0.363828414287 0.363082467583 0.0
10000 10000 455 450 2e-18 0.349220048458 0.349191085824 0.348477884474 0.0
10000 10000 455 450 5e-18 0.308987170909 0.308963166223 0.30833936268 0.0
10000 10000 455 450 7e-18 0.284959598167 0.284938410203 0.284367539819 0.0
10000 10000 455 450 1e-17 0.252616150341 0.252598570645 0.252098346225 0.0
10000 10000 455 450 2e-17 0.170406374108 0.17039689487 0.170072384259 0.0
10000 10000 455 450 5e-17 0.0557673651014 0.0557658129095 0.0556713454783 0.0
10000 10000 455 450 7e-17 0.0276758598717 0.0276753778505 0.0276319107086 0.0
10000 10000 455 450 1e-16 0.0101799150263 0.0101798267755 0.0101654668744 0.0
10000 10000 455 450 1e-15 8.31640384665e-12 8.31640384664e-12 8.31611506087e-12 0.0
10000 10000 455 450 1e-14 4.0763341984e-65 4.0763341984e-65 4.0763341984e-65 0.0
10000 10000 455 450 1e-12 0.0 0.0 0.0 0.0
10000 10000 455 450 1e-10 0.0 0.0 0.0 0.0
