10000 10000 655 250 1e-22 0.303833654534 0.30352030125 0.0 0.0
10000 10000 655 250 1e-20 0.30372272964 0.303409510542 0.0 0.0
10000 10000 655 250 1e-19 0.302716300875 0.302404298873 0.0 0.0
10000 10000 655 250 2e-19 0.301602217804 0.3012915623 0.0 0.0
10000 10000 655 250 5e-19 0.298286132199 0.297979479656 0.0 0.0
10000 10000 655 250 7e-19 0.296097028954 0.295793014896 0.0 0.0
10000 10000 655 250 1e-18 0.292845443468 0.292545342477 0.0 0.0
10000 10000 655 250 2e-18 0.282279005034 0.281991569646 0.0 0.0
10000 10000 655 250 5e-18 0.252947250105 0.252694550638 0.0 0.0
10000 10000 655 250 7e-18 0.235208607648 0.234976593133 0.0 0.0
10000 10000 655 250 1e-17 0.211039924812 0.21083566773 0.0 0.0
10000 10000 655 250 2e-17 0.147805936549 0.147671604406 0.0 0.0
10000 10000 655 250 5e-17 0.0530025547724 0.0529625083533 0.0 0.0
10000 10000 655 250 7e-17 0.0275709283558 0.0275524441688 0.0 0.0
10000 10000 655 250 1e-16 0.0107289509979 0.0107229058005 0.0 0.0
10000 10000 655 250 1e-15 3.62799570278e-11 3.62799162108e-11 0.0 0.0
10000 10000 655 250 1e-14 2.52563155163e-60 2.52563155163e-60 0.0 0.0
10000 10000 655 250 1e-12 0.0 0.0 0.0 0.0
10000 10000 655 250 1e-10 0.0 0.0 0.0 0.0
