10000 10000 1455 330 1e-22 0.0709456778414 0.0709419478195 0.0 0.0
10000 10000 1455 330 1e-20 0.0709243993996 0.0709206711688 0.0 0.0
10000 10000 1455 330 1e-19 0.0707312662668 0.0707275542779 0.0 0.0
10000 10000 1455 330 2e-19 0.070517321714 0.0705136276849 0.0 0.0
10000 10000 1455 330 5e-19 0.0698795569654 0.0698759162743 0.0 0.0
10000 10000 1455 330 7e-19 0.0694577483448 0.0694541427653 0.0 0.0
10000 10000 1455 330 1e-18 0.0688300418493 0.0688264882762 0.0 0.0
10000 10000 1455 330 2e-18 0.0667803505942 0.0667769647928 0.0 0.0
10000 10000 1455 330 5e-18 0.0610066699844 0.06100373963 0.0 0.0
10000 10000 1455 330 7e-18 0.0574501389439 0.0574474762522 0.0 0.0
10000 10000 1455 330 1e-17 0.0525168980561 0.0525145898714 0.0 0.0
10000 10000 1455 330 2e-17 0.0390346126561 0.0390331687161 0.0 0.0
10000 10000 1455 330 5e-17 0.0163678120476 0.0163674329374 0.0 0.0
10000 10000 1455 330 7e-17 0.00930870470376 0.00930853977256 0.0 0.0
10000 10000 1455 330 1e-16 0.00407079621291 0.00407074489265 0.0 0.0
10000 10000 1455 330 1e-15 1.10826707552e-10 1.10826707529e-10 0.0 0.0
10000 10000 1455 330 1e-14 2.93780023412e-57 2.93780023412e-57 0.0 0.0
10000 10000 1455 330 1e-12 0.0 0.0 0.0 0.0
10000 10000 1455 330 1e-10 0.0 0.0 0.0 0.0
