10000 10000 1055 230 1e-22 0.0649691350674 0.0649036195765 0.0 0.0
10000 10000 1055 230 1e-20 0.0649484995989 0.0648830097534 0.0 0.0
10000 10000 1055 230 1e-19 0.0647612240051 0.0646959668107 0.0 0.0
10000 10000 1055 230 2e-19 0.0645538136998 0.0644888139746 0.0 0.0
10000 10000 1055 230 5e-19 0.063935812306 0.0638715785187 0.0 0.0
10000 10000 1055 230 7e-19 0.0635273102892 0.063463581784 0.0 0.0
10000 10000 1055 230 1e-18 0.0629197547072 0.0628567762055 0.0 0.0
10000 10000 1055 230 2e-18 0.0609388009197 0.0608782553086 0.0 0.0
10000 10000 1055 230 5e-18 0.0553836383005 0.0553298098127 0.0 0.0
10000 10000 1055 230 7e-18 0.0519807560405 0.0519309620805 0.0 0.0
10000 10000 1055 230 1e-17 0.047285983965 0.0472416503867 0.0 0.0
10000 10000 1055 230 2e-17 0.0346199014223 0.0345896223877 0.0 0.0
10000 10000 1055 230 5e-17 0.0139987527862 0.0139886414284 0.0 0.0
10000 10000 1055 230 7e-17 0.00781392501096 0.0078089011101 0.0 0.0
10000 10000 1055 230 1e-16 0.00334005847717 0.00333823492031 0.0 0.0
10000 10000 1055 230 1e-15 5.30365323295e-11 5.30365063481e-11 0.0 0.0
10000 10000 1055 230 1e-14 3.32661292148e-57 3.32661292148e-57 0.0 0.0
10000 10000 1055 230 1e-12 0.0 0.0 0.0 0.0
10000 10000 1055 230 1e-10 0.0 0.0 0.0 0.0
