10000 10000 555 290 1e-22 0.410955758104 0.410715401968 0.0 0.0
10000 10000 555 290 1e-20 0.410798213666 0.410557978246 0.0 0.0
10000 10000 555 290 1e-19 0.409368957248 0.409129816347 0.0 0.0
10000 10000 555 290 2e-19 0.407787143279 0.407549212405 0.0 0.0
10000 10000 555 290 5e-19 0.40308088128 0.402846542273 0.0 0.0
10000 10000 555 290 7e-19 0.399975734081 0.399743758154 0.0 0.0
10000 10000 555 290 1e-18 0.39536598239 0.395137504529 0.0 0.0
10000 10000 555 290 2e-18 0.38040677566 0.380189565457 0.0 0.0
10000 10000 555 290 5e-18 0.339054265314 0.338867505767 0.0 0.0
10000 10000 555 290 7e-18 0.314176804585 0.314007840518 0.0 0.0
10000 10000 555 290 1e-17 0.280452717618 0.280307197824 0.0 0.0
10000 10000 555 290 2e-17 0.193283153402 0.19319408358 0.0 0.0
10000 10000 555 290 5e-17 0.0665616033628 0.0665399166538 0.0 0.0
10000 10000 555 290 7e-17 0.0338798899157 0.0338710522709 0.0 0.0
10000 10000 555 290 1e-16 0.0128364225355 0.0128339928582 0.0 0.0
10000 10000 555 290 1e-15 4.62254247144e-11 4.62254238024e-11 0.0 0.0
10000 10000 555 290 1e-14 6.82307724135e-58 6.82307724135e-58 0.0 0.0
10000 10000 555 290 1e-12 0.0 0.0 0.0 0.0
10000 10000 555 290 1e-10 0.0 0.0 0.0 0.0
