10000 10000 955 950 1e-22 0.29260423739 0.292604111661 0.292566885818 0.292294523291
10000 10000 955 950 1e-20 0.292469780863 0.292469655219 0.292432451288 0.292160223113
10000 10000 955 950 1e-19 0.291250461783 0.291250336908 0.291213331561 0.290942321617
10000 10000 955 950 2e-19 0.289902007723 0.289901883698 0.289865097725 0.28959543471
10000 10000 955 950 5e-19 0.285896377714 0.285896256201 0.285860120368 0.28559445646
10000 10000 955 950 7e-19 0.28325872318 0.283258603314 0.28322289434 0.282959862137
10000 10000 955 950 1e-18 0.279350708749 0.279350591311 0.279315512938 0.279056377483
10000 10000 955 950 2e-18 0.266733251264 0.266733141571 0.266700083813 0.266453508812
10000 10000 955 950 5e-18 0.232389960906 0.232389871515 0.23236218784 0.232149626942
10000 10000 955 950 7e-18 0.212131847472 0.212131769482 0.212107162228 0.211914530546
10000 10000 955 950 1e-17 0.185192965313 0.185192901758 0.185172265622 0.185005953824
10000 10000 955 950 2e-17 0.118764699201 0.118764667074 0.118753120485 0.118650547196
10000 10000 955 950 5e-17 0.0336399026096 0.03363989846 0.033637767051 0.0336123225526
10000 10000 955 950 7e-17 0.0152852197972 0.0152852187369 0.0152844997463 0.0152740203032
10000 10000 955 950 1e-16 0.00499737165558 0.00499737151863 0.00499722322751 0.00499429474433
10000 10000 955 950 1e-15 5.79209519028e-13 5.79209519028e-13 5.79209519027e-13 5.79208237078e-13
10000 10000 955 950 1e-14 3.1924441033e-79 3.1924441033e-79 3.1924441033e-79 3.1924441033e-79
10000 10000 955 950 1e-12 0.0 0.0 0.0 0.0
10000 10000 955 950 1e-10 0.0 0.0 0.0 0.0
