10000 10000 955 470 1e-22 0.435996511527 0.435982808404 0.435359227451 0.0
10000 10000 955 470 1e-20 0.435830047244 0.435816352758 0.435193032995 0.0
10000 10000 955 470 1e-19 0.434319843656 0.434306227437 0.433685276844 0.0
10000 10000 955 470 2e-19 0.432648388483 0.432634858694 0.432016529386 0.0
10000 10000 955 470 5e-19 0.427675087733 0.427661813905 0.42705127871 0.0
10000 10000 955 470 7e-19 0.424393474781 0.424380368853 0.423774972161 0.0
10000 10000 955 470 1e-18 0.41952134347 0.419508485356 0.418910711131 0.0
10000 10000 955 470 2e-18 0.403707297854 0.403695231918 0.403122143848 0.0
10000 10000 955 470 5e-18 0.359964036786 0.359954062445 0.359448795261 0.0
10000 10000 955 470 7e-18 0.333628005359 0.333619216972 0.333154426345 0.0
10000 10000 955 470 1e-17 0.297901214305 0.297893942207 0.297483586194 0.0
10000 10000 955 470 2e-17 0.205411223945 0.205407339563 0.205134855165 0.0
10000 10000 955 470 5e-17 0.0705866557178 0.0705860410492 0.0705023233064 0.0
10000 10000 955 470 7e-17 0.0357925258513 0.035792340576 0.0357528624155 0.0
10000 10000 955 470 1e-16 0.0134527951525 0.0134527631859 0.0134394022899 0.0
10000 10000 955 470 1e-15 1.31422095431e-11 1.31422095431e-11 1.31419588658e-11 0.0
10000 10000 955 470 1e-14 3.35832904209e-62 3.35832904209e-62 3.35832904209e-62 0.0
10000 10000 955 470 1e-12 0.0 0.0 0.0 0.0
10000 10000 955 470 1e-10 0.0 0.0 0.0 0.0
