10000 10000 455 400 1e-22 0.402532592096 0.402474636409 0.40128533453 0.0
10000 10000 455 400 1e-20 0.40237035239 0.402312427513 0.401123624532 0.0
10000 10000 455 400 1e-19 0.400898662306 0.400841016755 0.399656739048 0.0
10000 10000 455 400 2e-19 0.399270226722 0.399212889922 0.398033618882 0.0
10000 10000 455 400 5e-19 0.3944273869 0.394370966267 0.393206581028 0.0
10000 10000 455 400 7e-19 0.39123388588 0.391178067714 0.390023495567 0.0
10000 10000 455 400 1e-18 0.38649556956 0.386440642814 0.385300626237 0.0
10000 10000 455 400 2e-18 0.3711409106 0.371088851731 0.369995965095 0.0
10000 10000 455 400 5e-18 0.328876245652 0.32883190744 0.327868425501 0.0
10000 10000 455 400 7e-18 0.303586473224 0.303546623533 0.302660319588 0.0
10000 10000 455 400 1e-17 0.269481512183 0.269447543446 0.268664971604 0.0
10000 10000 455 400 2e-17 0.182427445566 0.182407424658 0.181887309736 0.0
10000 10000 455 400 5e-17 0.0599230330178 0.0599188058417 0.0597578823123 0.0
10000 10000 455 400 7e-17 0.0296789100061 0.0296773759207 0.0296009637194 0.0
10000 10000 455 400 1e-16 0.0108413241434 0.0108409781175 0.0108148110427 0.0
10000 10000 455 400 1e-15 1.35394927144e-11 1.35394927138e-11 1.35387433506e-11 0.0
10000 10000 455 400 1e-14 2.90907520471e-59 2.90907520471e-59 2.90907520471e-59 0.0
10000 10000 455 400 1e-12 0.0 0.0 0.0 0.0
10000 10000 455 400 1e-10 0.0 0.0 0.0 0.0
