10000 10000 555 310 1e-22 0.416749669379 0.416524738471 0.0 0.0
10000 10000 555 310 1e-20 0.416586384691 0.416361571241 0.0 0.0
10000 10000 555 310 1e-19 0.415105131685 0.414881383141 0.0 0.0
10000 10000 555 310 2e-19 0.413465938261 0.413243366884 0.0 0.0
10000 10000 555 310 5e-19 0.408590003715 0.408370925884 0.0 0.0
10000 10000 555 310 7e-19 0.405373770109 0.405156990032 0.0 0.0
10000 10000 555 310 1e-18 0.400600380022 0.400387000343 0.0 0.0
10000 10000 555 310 2e-18 0.385120817761 0.384918382971 0.0 0.0
10000 10000 555 310 5e-18 0.342418752458 0.342245824986 0.0 0.0
10000 10000 555 310 7e-18 0.316796451958 0.316640711384 0.0 0.0
10000 10000 555 310 1e-17 0.282150075181 0.282016896182 0.0 0.0
10000 10000 555 310 2e-17 0.193132405623 0.193053001417 0.0 0.0
10000 10000 555 310 5e-17 0.0655895588658 0.0655720234673 0.0 0.0
10000 10000 555 310 7e-17 0.0332249533489 0.0332183281158 0.0 0.0
10000 10000 555 310 1e-16 0.0125535102738 0.0125518943949 0.0 0.0
10000 10000 555 310 1e-15 3.20865271859e-11 3.20865269997e-11 0.0 0.0
10000 10000 555 310 1e-14 1.36332875883e-57 1.36332875883e-57 0.0 0.0
10000 10000 555 310 1e-12 0.0 0.0 0.0 0.0
10000 10000 555 310 1e-10 0.0 0.0 0.0 0.0
