10000 10000 1055 1050 1e-22 0.259695386104 0.259695386104 0.259677880112 0.259502952109
10000 10000 1055 1050 1e-20 0.259572500074 0.259572500074 0.259555005538 0.25938016764
10000 10000 1055 1050 1e-19 0.258458192109 0.258458192109 0.258440801373 0.258266780404
10000 10000 1055 1050 2e-19 0.257226047482 0.257226047482 0.257208771339 0.257035653432
10000 10000 1055 1050 5e-19 0.253567021981 0.253567021981 0.253550084997 0.253379647253
10000 10000 1055 1050 7e-19 0.251158511263 0.251158511263 0.251141796588 0.250973121702
10000 10000 1055 1050 1e-18 0.247591344997 0.247591344997 0.247574958193 0.247408892249
10000 10000 1055 1050 2e-18 0.236085539166 0.236085539166 0.23607019845 0.235912531045
10000 10000 1055 1050 5e-18 0.204859933393 0.204859933393 0.204847338998 0.204712325326
10000 10000 1055 1050 7e-18 0.186509421361 0.186509421361 0.186498373104 0.186376565099
10000 10000 1055 1050 1e-17 0.162195340891 0.162195340891 0.162186256291 0.162081801142
10000 10000 1055 1050 2e-17 0.102758367713 0.102758367713 0.102753605111 0.102690648957
10000 10000 1055 1050 5e-17 0.0282439985945 0.0282439985945 0.0282432740493 0.0282287542755
10000 10000 1055 1050 7e-17 0.0126302181373 0.0126302181373 0.0126300034939 0.0126243160388
10000 10000 1055 1050 1e-16 0.00404150186945 0.00404150186945 0.00404146559221 0.00403998929829
10000 10000 1055 1050 1e-15 2.92226520435e-13 2.92226520435e-13 2.92226520435e-13 2.92226399401e-13
10000 10000 1055 1050 1e-14 1.67224255178e-78 1.67224255178e-78 1.67224255178e-78 1.67224255178e-78
10000 10000 1055 1050 1e-12 0.0 0.0 0.0 0.0
10000 10000 1055 1050 1e-10 0.0 0.0 0.0 0.0
