10000 10000 1355 1150 1e-22 0.234887437307 0.234887437307 0.234875020199 0.234744125669
10000 10000 1355 1150 1e-20 0.234771789851 0.234771789851 0.234759381918 0.234628558575
10000 10000 1355 1150 1e-19 0.233723224186 0.233723224186 0.233710899341 0.233580721303
10000 10000 1355 1150 2e-19 0.232563993268 0.232563993268 0.23255176007 0.23242229514
10000 10000 1355 1150 5e-19 0.229122862279 0.229122862279 0.229110899838 0.228983549845
10000 10000 1355 1150 7e-19 0.226858904353 0.226858904353 0.226847118985 0.226721158871
10000 10000 1355 1150 1e-18 0.22350749298 0.22350749298 0.223495968177 0.223372063243
10000 10000 1355 1150 2e-18 0.212711427253 0.212711427253 0.212700728981 0.212583425332
10000 10000 1355 1150 5e-18 0.183525186128 0.183525186128 0.183516620253 0.183417005599
10000 10000 1355 1150 7e-18 0.166457393419 0.166457393419 0.166450001549 0.166360613923
10000 10000 1355 1150 1e-17 0.143950844609 0.143950844609 0.143944912151 0.143868859112
10000 10000 1355 1150 2e-17 0.089565952195 0.089565952195 0.0895630744338 0.0895183433155
10000 10000 1355 1150 5e-17 0.0234289739022 0.0234289739022 0.023428619011 0.023418924457
10000 10000 1355 1150 7e-17 0.010172411413 0.010172411413 0.0101723190391 0.0101686571164
10000 10000 1355 1150 1e-16 0.00312778445063 0.00312778445063 0.00312777157953 0.00312686872815
10000 10000 1355 1150 1e-15 5.69542915545e-14 5.69542915545e-14 5.69542915545e-14 5.69542475205e-14
10000 10000 1355 1150 1e-14 8.70861416267e-102 8.70861416267e-102 8.70861416267e-102 8.70861416267e-102
10000 10000 1355 1150 1e-12 0.0 0.0 0.0 0.0
10000 10000 1355 1150 1e-10 0.0 0.0 0.0 0.0
