10000 10000 905 390 1e-22 0.403513360273 0.403464019539 0.402448453669 0.0
10000 10000 905 390 1e-20 0.403361177495 0.403311863061 0.402296706531 0.0
10000 10000 905 390 1e-19 0.401980512679 0.40193143668 0.4009199934 0.0
10000 10000 905 390 2e-19 0.400452372051 0.400403559589 0.399396225253 0.0
10000 10000 905 390 5e-19 0.395905145262 0.39585711471 0.394862001339 0.0
10000 10000 905 390 7e-19 0.392904387088 0.39285687064 0.391869817161 0.0
10000 10000 905 390 1e-18 0.388448805872 0.388402049987 0.387426956811 0.0
10000 10000 905 390 2e-18 0.373983198189 0.373938888284 0.373002565467 0.0
10000 10000 905 390 5e-18 0.333939200509 0.333901468465 0.333071962551 0.0
10000 10000 905 390 7e-18 0.309806536841 0.309772624172 0.309007102288 0.0
10000 10000 905 390 1e-17 0.277036396209 0.277007482432 0.276328325273 0.0
10000 10000 905 390 2e-17 0.191984296334 0.19196721559 0.191508858519 0.0
10000 10000 905 390 5e-17 0.0670247283842 0.0670210424816 0.0668733800732 0.0
10000 10000 905 390 7e-17 0.0343502677725 0.0343488937439 0.0342772164414 0.0
10000 10000 905 390 1e-16 0.0131087481745 0.0131084198583 0.0130832313736 0.0
10000 10000 905 390 1e-15 3.19986882564e-11 3.19986882561e-11 3.19979287589e-11 0.0
10000 10000 905 390 1e-14 1.19441609805e-58 1.19441609805e-58 1.19441609805e-58 0.0
10000 10000 905 390 1e-12 0.0 0.0 0.0 0.0
10000 10000 905 390 1e-10 0.0 0.0 0.0 0.0
