10000 10000 455 240 1e-22 0.354897723517 0.35439763321 0.0 0.0
10000 10000 455 240 1e-20 0.354760739199 0.354260863813 0.0 0.0
10000 10000 455 240 1e-19 0.353518026771 0.353020100769 0.0 0.0
10000 10000 455 240 2e-19 0.35214271223 0.351646942829 0.0 0.0
10000 10000 455 240 5e-19 0.348051107956 0.347561749572 0.0 0.0
10000 10000 455 240 7e-19 0.345351732347 0.344866599454 0.0 0.0
10000 10000 455 240 1e-18 0.34134470418 0.34086583767 0.0 0.0
10000 10000 455 240 2e-18 0.328344207732 0.327885621159 0.0 0.0
10000 10000 455 240 5e-18 0.29242954662 0.292026555783 0.0 0.0
10000 10000 455 240 7e-18 0.270840997917 0.270471096827 0.0 0.0
10000 10000 455 240 1e-17 0.241598183883 0.241272664495 0.0 0.0
10000 10000 455 240 2e-17 0.166150820416 0.165936976813 0.0 0.0
10000 10000 455 240 5e-17 0.0569502651137 0.0568866327508 0.0 0.0
10000 10000 455 240 7e-17 0.0289247646782 0.0288954134971 0.0 0.0
10000 10000 455 240 1e-16 0.0109296161399 0.0109200329498 0.0 0.0
10000 10000 455 240 1e-15 4.84370572907e-11 4.84370249732e-11 0.0 0.0
10000 10000 455 240 1e-14 1.84936203753e-57 1.84936203753e-57 0.0 0.0
10000 10000 455 240 1e-12 0.0 0.0 0.0 0.0
10000 10000 455 240 1e-10 0.0 0.0 0.0 0.0
