10000 10000 1955 360 1e-22 0.0242902187428 0.0242902187428 0.0242387051838 0.0
10000 10000 1955 360 1e-20 0.0242832809926 0.0242832809926 0.0242317833757 0.0
10000 10000 1955 360 1e-19 0.0242203076794 0.0242203076794 0.0241689547517 0.0
10000 10000 1955 360 2e-19 0.0241505421529 0.0241505421529 0.0240993494895 0.0
10000 10000 1955 360 5e-19 0.0239425320523 0.0239425320523 0.0238918170335 0.0
10000 10000 1955 360 7e-19 0.0238049234896 0.0238049234896 0.0237545242952 0.0
10000 10000 1955 360 1e-18 0.0236000935687 0.0236000935687 0.0235501642394 0.0
10000 10000 1955 360 2e-18 0.0229308168516 0.0229308168516 0.022882420772 0.0
10000 10000 1955 360 5e-18 0.021041697563 0.021041697563 0.0209976117363 0.0
10000 10000 1955 360 7e-18 0.0198748404773 0.0198748404773 0.0198334031327 0.0
10000 10000 1955 360 1e-17 0.0182516663197 0.0182516663197 0.0182138939701 0.0
10000 10000 1955 360 2e-17 0.0137805782209 0.0137805782209 0.0137527660022 0.0
10000 10000 1955 360 5e-17 0.00606281819716 0.00606281819716 0.00605150902411 0.0
10000 10000 1955 360 7e-17 0.00355555538107 0.00355555538107 0.00354927877028 0.0
10000 10000 1955 360 1e-16 0.00162183700581 0.00162183700581 0.00161921063618 0.0
10000 10000 1955 360 1e-15 5.00544342549e-11 5.00544342549e-11 5.00539651871e-11 0.0
10000 10000 1955 360 1e-14 2.15521839255e-58 2.15521839255e-58 2.15521839255e-58 0.0
10000 10000 1955 360 1e-12 0.0 0.0 0.0 0.0
10000 10000 1955 360 1e-10 0.0 0.0 0.0 0.0
