10000 10000 255 240 1e-22 0.349372647186 0.348819465636 0.0 0.0
10000 10000 255 240 1e-20 0.34923479072 0.348681848866 0.0 0.0
10000 10000 255 240 1e-19 0.347984222429 0.347433454644 0.0 0.0
10000 10000 255 240 2e-19 0.346600332126 0.346051969448 0.0 0.0
10000 10000 255 240 5e-19 0.342483954948 0.341942741645 0.0 0.0
10000 10000 255 240 7e-19 0.339768847506 0.339232346023 0.0 0.0
10000 10000 255 240 1e-18 0.335739373307 0.335209858952 0.0 0.0
10000 10000 255 240 2e-18 0.322673667884 0.322166761951 0.0 0.0
10000 10000 255 240 5e-18 0.286642949746 0.286197987774 0.0 0.0
10000 10000 255 240 7e-18 0.265033690105 0.264625568312 0.0 0.0
10000 10000 255 240 1e-17 0.235828051084 0.235469302377 0.0 0.0
10000 10000 255 240 2e-17 0.160890817562 0.1606560417 0.0 0.0
10000 10000 255 240 5e-17 0.0540204179668 0.0539512859472 0.0 0.0
10000 10000 255 240 7e-17 0.0271332758407 0.027101544522 0.0 0.0
10000 10000 255 240 1e-16 0.0101135565693 0.0101032240013 0.0 0.0
10000 10000 255 240 1e-15 2.43662961521e-11 2.43661946934e-11 0.0 0.0
10000 10000 255 240 1e-14 8.66152443027e-59 8.66152443027e-59 0.0 0.0
10000 10000 255 240 1e-12 0.0 0.0 0.0 0.0
10000 10000 255 240 1e-10 0.0 0.0 0.0 0.0
