10000 10000 555 400 1e-22 0.433286758159 0.433225470393 0.432017278636 0.0
10000 10000 555 400 1e-20 0.433116102179 0.433054847747 0.431847157085 0.0
10000 10000 555 400 1e-19 0.431567994354 0.431507042104 0.430303896681 0.0
10000 10000 555 400 2e-19 0.429854848275 0.429794229993 0.428596113409 0.0
10000 10000 555 400 5e-19 0.424759125133 0.424699497559 0.423516333217 0.0
10000 10000 555 400 7e-19 0.421398072252 0.421339095927 0.420165788915 0.0
10000 10000 555 400 1e-18 0.41640997738 0.416351964303 0.415193279144 0.0
10000 10000 555 400 2e-18 0.400236045975 0.40018112898 0.399069794184 0.0
10000 10000 555 400 5e-18 0.355633690678 0.355587085456 0.354605814817 0.0
10000 10000 555 400 7e-18 0.328882118993 0.328840328975 0.327936676946 0.0
10000 10000 555 400 1e-17 0.292722314147 0.292686811928 0.291887557199 0.0
10000 10000 555 400 2e-17 0.19989547724 0.199874770699 0.19934022761 0.0
10000 10000 555 400 5e-17 0.0672238713783 0.0672196049097 0.0670505183047 0.0
10000 10000 555 400 7e-17 0.0337404169324 0.0337388853557 0.0336573348781 0.0
10000 10000 555 400 1e-16 0.0125276140951 0.0125272718161 0.0124987212934 0.0
10000 10000 555 400 1e-15 1.44398407559e-11 1.44398407558e-11 1.44390424474e-11 0.0
10000 10000 555 400 1e-14 2.72000425773e-59 2.72000425773e-59 2.72000425773e-59 0.0
10000 10000 555 400 1e-12 0.0 0.0 0.0 0.0
10000 10000 555 400 1e-10 0.0 0.0 0.0 0.0
