10000 10000 1355 1100 1e-22 0.231672437242 0.231672437242 0.231664291605 0.231526218895
10000 10000 1355 1100 1e-20 0.231560501321 0.231560501321 0.23155236149 0.231414361218
10000 10000 1355 1100 1e-19 0.230545547954 0.230545547954 0.230537460707 0.230400117146
10000 10000 1355 1100 2e-19 0.229423392792 0.229423392792 0.229415363558 0.229278745845
10000 10000 1355 1100 5e-19 0.226091794666 0.226091794666 0.226083936891 0.22594947275
10000 10000 1355 1100 7e-19 0.223899465512 0.223899465512 0.223891719924 0.223758671754
10000 10000 1355 1100 1e-18 0.220653444788 0.220653444788 0.220645864369 0.220514910991
10000 10000 1355 1100 2e-18 0.210191480435 0.210191480435 0.210184424623 0.21006020832
10000 10000 1355 1100 5e-18 0.181863259642 0.181863259642 0.181857562758 0.181751468497
10000 10000 1355 1100 7e-18 0.165262507029 0.165262507029 0.165257562386 0.165161996532
10000 10000 1355 1100 1e-17 0.143325528041 0.143325528041 0.143321523726 0.143239750028
10000 10000 1355 1100 2e-17 0.090028917211 0.090028917211 0.0900269099435 0.0899779008116
10000 10000 1355 1100 5e-17 0.0241843934657 0.0241843934657 0.0241841137093 0.0241728710019
10000 10000 1355 1100 7e-17 0.0106558164029 0.0106558164029 0.0106557361082 0.0106513203295
10000 10000 1355 1100 1e-16 0.00333180449067 0.00333180449067 0.00333179131845 0.00333063588327
10000 10000 1355 1100 1e-15 1.15051202933e-13 1.15051202933e-13 1.15051202933e-13 1.15051162959e-13
10000 10000 1355 1100 1e-14 5.38666138557e-87 5.38666138557e-87 5.38666138557e-87 5.38666138557e-87
10000 10000 1355 1100 1e-12 0.0 0.0 0.0 0.0
10000 10000 1355 1100 1e-10 0.0 0.0 0.0 0.0
