10000 10000 755 100 1e-22 0.00551606896508 0.0 0.0 0.0
10000 10000 755 100 1e-20 0.00551452734834 0.0 0.0 0.0
10000 10000 755 100 1e-19 0.00550053308377 0.0 0.0 0.0
10000 10000 755 100 2e-19 0.00548502699402 0.0 0.0 0.0
10000 10000 755 100 5e-19 0.00543877955863 0.0 0.0 0.0
10000 10000 755 100 7e-19 0.00540817227668 0.0 0.0 0.0
10000 10000 755 100 1e-18 0.0053625951785 0.0 0.0 0.0
10000 10000 755 100 2e-18 0.00521352159123 0.0 0.0 0.0
10000 10000 755 100 5e-18 0.00479150797241 0.0 0.0 0.0
10000 10000 755 100 7e-18 0.00452995132705 0.0 0.0 0.0
10000 10000 755 100 1e-17 0.00416501721117 0.0 0.0 0.0
10000 10000 755 100 2e-17 0.00315372896342 0.0 0.0 0.0
10000 10000 755 100 5e-17 0.00139298163991 0.0 0.0 0.0
10000 10000 755 100 7e-17 0.000819909163377 0.0 0.0 0.0
10000 10000 755 100 1e-16 0.000378772606739 0.0 0.0 0.0
10000 10000 755 100 1e-15 1.42666340952e-08 0.0 0.0 0.0
10000 10000 755 100 1e-14 3.06453432926e-30 0.0 0.0 0.0
10000 10000 755 100 1e-12 0.0 0.0 0.0 0.0
10000 10000 755 100 1e-10 0.0 0.0 0.0 0.0
