10000 10000 2955 2150 1e-22 0.00469969219753 0.00469969219753 0.00469969219753 0.00469969219753
10000 10000 2955 2150 1e-20 0.00469725240385 0.00469725240385 0.00469725240385 0.00469725240385
10000 10000 2955 2150 1e-19 0.00467513245959 0.00467513245959 0.00467513245959 0.00467513245959
10000 10000 2955 2150 2e-19 0.00465068106096 0.00465068106096 0.00465068106096 0.00465068106096
10000 10000 2955 2150 5e-19 0.00457811739342 0.00457811739342 0.00457811739342 0.00457811739342
10000 10000 2955 2150 7e-19 0.0045303930494 0.0045303930494 0.0045303930494 0.0045303930494
10000 10000 2955 2150 1e-18 0.00445976919593 0.00445976919593 0.00445976919593 0.00445976919593
10000 10000 2955 2150 2e-18 0.00423247000684 0.00423247000684 0.00423247000684 0.00423247000684
10000 10000 2955 2150 5e-18 0.00361977370084 0.00361977370084 0.00361977370084 0.00361977370084
10000 10000 2955 2150 7e-18 0.00326292460286 0.00326292460286 0.00326292460286 0.00326292460286
10000 10000 2955 2150 1e-17 0.00279442492537 0.00279442492537 0.00279442492537 0.00279442492537
10000 10000 2955 2150 2e-17 0.00167655686184 0.00167655686184 0.00167655686184 0.00167655686184
10000 10000 2955 2150 5e-17 0.000380282382308 0.000380282382308 0.000380282382308 0.000380282382308
10000 10000 2955 2150 7e-17 0.000146608280198 0.000146608280198 0.000146608280198 0.000146608280198
10000 10000 2955 2150 1e-16 3.66918053032e-05 3.66918053032e-05 3.66918053032e-05 3.66918053032e-05
10000 10000 2955 2150 1e-15 2.5621182382e-20 2.5621182382e-20 2.5621182382e-20 2.5621182382e-20
10000 10000 2955 2150 1e-14 4.98097539142e-162 4.98097539142e-162 4.98097539142e-162 4.98097539142e-162
10000 10000 2955 2150 1e-12 0.0 0.0 0.0 0.0
10000 10000 2955 2150 1e-10 0.0 0.0 0.0 0.0
