10000 10000 1305 260 1e-22 0.0403730804212 0.0403474491883 0.0 0.0
10000 10000 1305 260 1e-20 0.0403600421102 0.0403344214779 0.0 0.0
10000 10000 1305 260 1e-19 0.0402417175158 0.0402161930475 0.0 0.0
10000 10000 1305 260 2e-19 0.0401106789552 0.0400852609027 0.0 0.0
10000 10000 1305 260 5e-19 0.039720282879 0.0396951813585 0.0 0.0
10000 10000 1305 260 7e-19 0.0394622684802 0.0394373757378 0.0 0.0
10000 10000 1305 260 1e-18 0.0390785882807 0.0390540053795 0.0 0.0
10000 10000 1305 260 2e-18 0.0378280848933 0.0378045065924 0.0 0.0
10000 10000 1305 260 5e-18 0.0343256304646 0.0343048212452 0.0 0.0
10000 10000 1305 260 7e-18 0.0321835680947 0.0321644179456 0.0 0.0
10000 10000 1305 260 1e-17 0.0292329937308 0.0292160824032 0.0 0.0
10000 10000 1305 260 2e-17 0.021304825725 0.0212936229428 0.0 0.0
10000 10000 1305 260 5e-17 0.00853888805835 0.00853555378947 0.0 0.0
10000 10000 1305 260 7e-17 0.00475950973293 0.00475799498926 0.0 0.0
10000 10000 1305 260 1e-16 0.00204268591372 0.00204220956937 0.0 0.0
10000 10000 1305 260 1e-15 9.25363379932e-11 9.25363378569e-11 0.0 0.0
10000 10000 1305 260 1e-14 6.14415066678e-57 6.14415066678e-57 0.0 0.0
10000 10000 1305 260 1e-12 0.0 0.0 0.0 0.0
10000 10000 1305 260 1e-10 0.0 0.0 0.0 0.0
