10000 10000 655 370 1e-22 0.420017319052 0.419917367016 0.418411177248 0.0
10000 10000 655 370 1e-20 0.419852637692 0.41975274032 0.418247171398 0.0
10000 10000 655 370 1e-19 0.41835873698 0.418259335143 0.416759397744 0.0
10000 10000 655 370 2e-19 0.416705594154 0.416606739939 0.415113033387 0.0
10000 10000 655 370 5e-19 0.4117884562 0.411691226258 0.410216046797 0.0
10000 10000 655 370 7e-19 0.408545281397 0.40844911899 0.406986154354 0.0
10000 10000 655 370 1e-18 0.403732252312 0.403637668594 0.402192823917 0.0
10000 10000 655 370 2e-18 0.388126963552 0.388037451782 0.386651294843 0.0
10000 10000 655 370 5e-18 0.345099757441 0.345023843956 0.343798970622 0.0
10000 10000 655 370 7e-18 0.319296883551 0.319228835345 0.318100269689 0.0
10000 10000 655 370 1e-17 0.28442213278 0.284364340597 0.283365384897 0.0
10000 10000 655 370 2e-17 0.194881282789 0.194847554529 0.194177708142 0.0
10000 10000 655 370 5e-17 0.0665338750893 0.0665268016657 0.066313128321 0.0
10000 10000 655 370 7e-17 0.0338315858479 0.0338289814848 0.0337252897897 0.0
10000 10000 655 370 1e-16 0.01283962286 0.0128390062826 0.0128023469049 0.0
10000 10000 655 370 1e-15 2.27417576569e-11 2.27417576491e-11 2.27405733669e-11 0.0
10000 10000 655 370 1e-14 1.63390275799e-60 1.63390275799e-60 1.63390275799e-60 0.0
10000 10000 655 370 1e-12 0.0 0.0 0.0 0.0
10000 10000 655 370 1e-10 0.0 0.0 0.0 0.0
