10000 10000 1455 360 1e-22 0.108045734303 0.108041082636 0.107769370812 0.0
10000 10000 1455 360 1e-20 0.108012348282 0.108007698667 0.107736076523 0.0
10000 10000 1455 360 1e-19 0.107709335573 0.107704704571 0.10743389629 0.0
10000 10000 1455 360 2e-19 0.107373701732 0.107369091319 0.107099184357 0.0
10000 10000 1455 360 5e-19 0.106373375219 0.106368825982 0.10610160431 0.0
10000 10000 1455 360 7e-19 0.105711932234 0.105707423295 0.105441976375 0.0
10000 10000 1455 360 1e-18 0.104727854784 0.104723405575 0.10446059784 0.0
10000 10000 1455 360 2e-18 0.101516485292 0.101512229127 0.101258023408 0.0
10000 10000 1455 360 5e-18 0.0924878215972 0.0924840925932 0.0922539807103 0.0
10000 10000 1455 360 7e-18 0.0869398132823 0.0869363966266 0.0867210193419 0.0
10000 10000 1455 360 1e-17 0.0792628197053 0.0792598203655 0.079064734743 0.0
10000 10000 1455 360 2e-17 0.0584089916926 0.0584070345619 0.0582664015536 0.0
10000 10000 1455 360 5e-17 0.0239281289975 0.0239275578863 0.0238737540345 0.0
10000 10000 1455 360 7e-17 0.0134227897029 0.0134225317173 0.013393742208 0.0
10000 10000 1455 360 1e-16 0.00576003275807 0.00575995254318 0.0057484642686 0.0
10000 10000 1455 360 1e-15 8.10913622388e-11 8.1091362238e-11 8.10905584781e-11 0.0
10000 10000 1455 360 1e-14 4.57205805647e-57 4.57205805647e-57 4.57205805647e-57 0.0
10000 10000 1455 360 1e-12 0.0 0.0 0.0 0.0
10000 10000 1455 360 1e-10 0.0 0.0 0.0 0.0
