10000 10000 855 750 1e-22 0.350649032232 0.350648529317 0.350529875949 0.35009851506
10000 10000 855 750 1e-20 0.350492854503 0.350492351921 0.350373762336 0.349942603582
10000 10000 855 750 1e-19 0.349076471967 0.349075972393 0.348957961056 0.348528635295
10000 10000 855 750 2e-19 0.347509905558 0.347509409306 0.347392037087 0.34696473832
10000 10000 855 750 5e-19 0.342855249736 0.342854763318 0.342739287311 0.342318009003
10000 10000 855 750 7e-19 0.339789298371 0.3397888184 0.339674589115 0.33925727454
10000 10000 855 750 1e-18 0.335245342131 0.33524487167 0.33513248673 0.334721043943
10000 10000 855 750 2e-18 0.320563215075 0.320562774976 0.320456321006 0.320063827713
10000 10000 855 750 5e-18 0.280504092675 0.2805037324 0.2804132237 0.280072239462
10000 10000 855 750 7e-18 0.25680068386 0.256800368583 0.256719114061 0.256408459858
10000 10000 855 750 1e-17 0.225181968539 0.225181710443 0.225112561026 0.224842166681
10000 10000 855 750 2e-17 0.146592672079 0.146592539611 0.146551988557 0.146380402217
10000 10000 855 750 5e-17 0.0434923337115 0.0434923157905 0.0434838451131 0.0434369712224
10000 10000 855 750 7e-17 0.0203780337876 0.0203780290625 0.0203749639617 0.0203542327669
10000 10000 855 750 1e-16 0.00695764590953 0.00695764526935 0.00695695208264 0.0069504623073
10000 10000 855 750 1e-15 1.07519757332e-12 1.07519757332e-12 1.07519747337e-12 1.07511592471e-12
10000 10000 855 750 1e-14 2.23288700371e-73 2.23288700371e-73 2.23288700371e-73 2.23288700371e-73
10000 10000 855 750 1e-12 0.0 0.0 0.0 0.0
10000 10000 855 750 1e-10 0.0 0.0 0.0 0.0
