10000 10000 1305 190 1e-22 0.00652723957411 0.00651353314559 0.0 0.0
10000 10000 1305 190 1e-20 0.00652543635504 0.00651173403232 0.0 0.0
10000 10000 1305 190 1e-19 0.0065090669904 0.00649540193592 0.0 0.0
10000 10000 1305 190 2e-19 0.00649092844628 0.0064773046802 0.0 0.0
10000 10000 1305 190 5e-19 0.00643682480858 0.00642332414899 0.0 0.0
10000 10000 1305 190 7e-19 0.00640101417596 0.00638759495901 0.0 0.0
10000 10000 1305 190 1e-18 0.00634768286405 0.00633438487638 0.0 0.0
10000 10000 1305 190 2e-18 0.00617319642967 0.00616029456395 0.0 0.0
10000 10000 1305 190 5e-18 0.00567880552106 0.00566702159611 0.0 0.0
10000 10000 1305 190 7e-18 0.00537204830974 0.00536095452781 0.0 0.0
10000 10000 1305 190 1e-17 0.00494357644724 0.00493344174334 0.0 0.0
10000 10000 1305 190 2e-17 0.00375293801269 0.00374543351856 0.0 0.0
10000 10000 1305 190 5e-17 0.00166428956725 0.00166121662295 0.0 0.0
10000 10000 1305 190 7e-17 0.000978234953366 0.000976528583942 0.0 0.0
10000 10000 1305 190 1e-16 0.00044747377948 0.000446760493202 0.0 0.0
10000 10000 1305 190 1e-15 6.64511805208e-11 6.64511135424e-11 0.0 0.0
10000 10000 1305 190 1e-14 3.34443872877e-52 3.34443872877e-52 0.0 0.0
10000 10000 1305 190 1e-12 0.0 0.0 0.0 0.0
10000 10000 1305 190 1e-10 0.0 0.0 0.0 0.0
