10000 10000 1305 430 1e-22 0.269677433868 0.269670271427 0.269248765248 0.0
10000 10000 1305 430 1e-20 0.269584446537 0.269577287986 0.269155945398 0.0
10000 10000 1305 430 1e-19 0.268740670814 0.26873354753 0.268313689071 0.0
10000 10000 1305 430 2e-19 0.267806437858 0.267799353552 0.267381137672 0.0
10000 10000 1305 430 5e-19 0.265024419285 0.265017450622 0.264604122004 0.0
10000 10000 1305 430 7e-19 0.263186837897 0.263179945266 0.262769841386 0.0
10000 10000 1305 430 1e-18 0.26045584305 0.260449062895 0.260043746546 0.0
10000 10000 1305 430 2e-18 0.25156816994 0.251561751457 0.251171973077 0.0
10000 10000 1305 430 5e-18 0.226787325282 0.226781878874 0.226435064518 0.0
10000 10000 1305 430 7e-18 0.211717244709 0.211712362178 0.211391399494 0.0
10000 10000 1305 430 1e-17 0.191072959355 0.191068813898 0.19078289505 0.0
10000 10000 1305 430 2e-17 0.136342464406 0.136340055847 0.136144632332 0.0
10000 10000 1305 430 5e-17 0.0513707494897 0.0513702656641 0.0513053014182 0.0
10000 10000 1305 430 7e-17 0.0274850691311 0.027484899678 0.027452813101 0.0
10000 10000 1305 430 1e-16 0.0110894376014 0.0110894012696 0.0110778646433 0.0
10000 10000 1305 430 1e-15 2.52880294861e-11 2.52880294861e-11 2.52877680502e-11 0.0
10000 10000 1305 430 1e-14 1.99282841204e-59 1.99282841204e-59 1.99282841204e-59 0.0
10000 10000 1305 430 1e-12 0.0 0.0 0.0 0.0
10000 10000 1305 430 1e-10 0.0 0.0 0.0 0.0
