10000 10000 1355 430 1e-22 0.246048120079 0.246039857283 0.245683455408 0.0
10000 10000 1355 430 1e-20 0.245963878772 0.245955620326 0.245599353603 0.0
10000 10000 1355 430 1e-19 0.245199456971 0.245191237967 0.244836197409 0.0
10000 10000 1355 430 2e-19 0.244353067553 0.244344892148 0.243991208773 0.0
10000 10000 1355 430 5e-19 0.241832524744 0.241824478733 0.241474834143 0.0
10000 10000 1355 430 7e-19 0.240167561825 0.24015960092 0.239812621786 0.0
10000 10000 1355 430 1e-18 0.237692973718 0.237685138759 0.237342117672 0.0
10000 10000 1355 430 2e-18 0.229638573995 0.22963114443 0.229300976342 0.0
10000 10000 1355 430 5e-18 0.207170821653 0.207164485021 0.206869918223 0.0
10000 10000 1355 430 7e-18 0.193499170701 0.193493470584 0.193220373808 0.0
10000 10000 1355 430 1e-17 0.174758987008 0.174754122228 0.174510196578 0.0
10000 10000 1355 430 2e-17 0.124996249886 0.124993373392 0.124825225043 0.0
10000 10000 1355 430 5e-17 0.0473824497315 0.0473818405874 0.0473247699094 0.0
10000 10000 1355 430 7e-17 0.0254350024681 0.0254347820454 0.0254063304982 0.0
10000 10000 1355 430 1e-16 0.0103091302627 0.0103090811076 0.0102987651944 0.0
10000 10000 1355 430 1e-15 4.00472975036e-11 4.00472975036e-11 4.00467575653e-11 0.0
10000 10000 1355 430 1e-14 7.97207958124e-58 7.97207958124e-58 7.97207958124e-58 0.0
10000 10000 1355 430 1e-12 0.0 0.0 0.0 0.0
10000 10000 1355 430 1e-10 0.0 0.0 0.0 0.0
