10000 10000 1355 650 1e-22 0.431607097323 0.431606478478 0.431432764213 0.430736414661
10000 10000 1355 650 1e-20 0.431434611548 0.431433993088 0.431260365706 0.430564304111
10000 10000 1355 650 1e-19 0.429869939815 0.42986932485 0.429696485233 0.429003035615
10000 10000 1355 650 2e-19 0.428138538007 0.428137926901 0.427965958213 0.427275398536
10000 10000 1355 650 5e-19 0.422988977495 0.422988377823 0.422818994583 0.422137027932
10000 10000 1355 650 7e-19 0.419592798988 0.41959220682 0.419424524681 0.418748223316
10000 10000 1355 650 1e-18 0.414553147009 0.41455256592 0.414387402125 0.413719504797
10000 10000 1355 650 2e-18 0.398216883691 0.398216338059 0.398059287846 0.397418609222
10000 10000 1355 650 5e-18 0.353208447405 0.353207995677 0.353072886148 0.352507003222
10000 10000 1355 650 7e-18 0.326246041248 0.326245642961 0.326123365795 0.325602141041
10000 10000 1355 650 1e-17 0.289846334518 0.289846004774 0.289740645961 0.289279514606
10000 10000 1355 650 2e-17 0.196706845917 0.196706670202 0.19664211662 0.196333517308
10000 10000 1355 650 5e-17 0.0649175852914 0.0649175586886 0.0649018684194 0.0648042555108
10000 10000 1355 650 7e-17 0.0321936739064 0.0321936663464 0.0321873022833 0.0321402641637
10000 10000 1355 650 1e-16 0.0117582515272 0.0117582503813 0.0117565191114 0.0117400680653
10000 10000 1355 650 1e-15 6.6298165503e-12 6.6298165503e-12 6.62981605455e-12 6.62855915432e-12
10000 10000 1355 650 1e-14 2.5072167229e-66 2.5072167229e-66 2.5072167229e-66 2.5072167229e-66
10000 10000 1355 650 1e-12 0.0 0.0 0.0 0.0
10000 10000 1355 650 1e-10 0.0 0.0 0.0 0.0
