10000 10000 1455 410 1e-22 0.172624409706 0.172618486607 0.172330845999 0.0
10000 10000 1455 410 1e-20 0.17256732367 0.172561403681 0.172273866704 0.0
10000 10000 1455 410 1e-19 0.172049276896 0.172043385103 0.171756788416 0.0
10000 10000 1455 410 2e-19 0.171475602721 0.171469742099 0.17118418636 0.0
10000 10000 1455 410 5e-19 0.169766715875 0.169760947765 0.169478490925 0.0
10000 10000 1455 410 7e-19 0.168637495077 0.168631787821 0.168351377119 0.0
10000 10000 1455 410 1e-18 0.166958568971 0.166952951779 0.166675580916 0.0
10000 10000 1455 410 2e-18 0.161488923297 0.16148359607 0.16121610862 0.0
10000 10000 1455 410 5e-18 0.146189416856 0.146184871876 0.145944862314 0.0
10000 10000 1455 410 7e-18 0.136847864905 0.136843775842 0.13662041541 0.0
10000 10000 1455 410 1e-17 0.124001227266 0.123997736911 0.123797101645 0.0
10000 10000 1455 410 2e-17 0.0896222176294 0.0896201539356 0.0894792237682 0.0
10000 10000 1455 410 5e-17 0.0349337729672 0.0349333371451 0.034882730851 0.0
10000 10000 1455 410 7e-17 0.0190683433443 0.0190681857895 0.0190419835571 0.0
10000 10000 1455 410 1e-16 0.00790938146184 0.0079093461364 0.00789928960149 0.0
10000 10000 1455 410 1e-15 3.99580872073e-11 3.99580872072e-11 3.99569070849e-11 0.0
10000 10000 1455 410 1e-14 3.34127931321e-58 3.34127931321e-58 3.34127931321e-58 0.0
10000 10000 1455 410 1e-12 0.0 0.0 0.0 0.0
10000 10000 1455 410 1e-10 0.0 0.0 0.0 0.0
