10000 10000 1155 650 1e-22 0.453729325632 0.453728832515 0.4535014339 0.452661623964
10000 10000 1155 650 1e-20 0.453540214928 0.453539722142 0.453312438398 0.452472982844
10000 10000 1155 650 1e-19 0.451824893789 0.451824403993 0.451598161786 0.450761920591
10000 10000 1155 650 2e-19 0.449927127248 0.449926640754 0.449701550018 0.44886886498
10000 10000 1155 650 5e-19 0.444284872529 0.444284395807 0.444062723233 0.443240610447
10000 10000 1155 650 7e-19 0.440565499709 0.440565029392 0.44034560571 0.439530461682
10000 10000 1155 650 1e-18 0.435048831071 0.435048370201 0.434832275683 0.434027467192
10000 10000 1155 650 2e-18 0.417187870418 0.417187439688 0.416982069777 0.416210718026
10000 10000 1155 650 5e-18 0.368158559412 0.368158207783 0.367981827238 0.367302264135
10000 10000 1155 650 7e-18 0.338923550779 0.338923243639 0.338763807264 0.338138933705
10000 10000 1155 650 1e-17 0.299634177266 0.299633926531 0.299496812821 0.298945377915
10000 10000 1155 650 2e-17 0.200203466686 0.200203339196 0.200119936941 0.199753933509
10000 10000 1155 650 5e-17 0.0635070157638 0.0635069990041 0.0634872827463 0.063374083298
10000 10000 1155 650 7e-17 0.0308394908806 0.0308394865475 0.0308316599834 0.0307778274404
10000 10000 1155 650 1e-16 0.0109817051703 0.0109817046007 0.0109796469611 0.0109611676394
10000 10000 1155 650 1e-15 6.09857922996e-12 6.09857922996e-12 6.09857902143e-12 6.09831414437e-12
10000 10000 1155 650 1e-14 4.39426237456e-61 4.39426237456e-61 4.39426237456e-61 4.39426237456e-61
10000 10000 1155 650 1e-12 0.0 0.0 0.0 0.0
10000 10000 1155 650 1e-10 0.0 0.0 0.0 0.0
