10000 10000 705 210 1e-22 0.179501777098 0.179222871597 0.0 0.0
10000 10000 705 210 1e-20 0.179441066445 0.179162266547 0.0 0.0
10000 10000 705 210 1e-19 0.178890157485 0.17861231566 0.0 0.0
10000 10000 705 210 2e-19 0.178280156881 0.178003375472 0.0 0.0
10000 10000 705 210 5e-19 0.176463461741 0.176189835815 0.0 0.0
10000 10000 705 210 7e-19 0.175263333704 0.174991790147 0.0 0.0
10000 10000 705 210 1e-18 0.173479472715 0.173211021148 0.0 0.0
10000 10000 705 210 2e-18 0.167672062823 0.167413650205 0.0 0.0
10000 10000 705 210 5e-18 0.151461777213 0.151231157737 0.0 0.0
10000 10000 705 210 7e-18 0.141589512316 0.141375644428 0.0 0.0
10000 10000 705 210 1e-17 0.128045770819 0.127854651939 0.0 0.0
10000 10000 705 210 2e-17 0.0920015009931 0.0918694250899 0.0 0.0
10000 10000 705 210 5e-17 0.0353834861757 0.0353380041466 0.0 0.0
10000 10000 705 210 7e-17 0.0191812855687 0.0191582861644 0.0 0.0
10000 10000 705 210 1e-16 0.0078843504172 0.00787579646475 0.0 0.0
10000 10000 705 210 1e-15 4.83738596755e-11 4.83732684232e-11 0.0 0.0
10000 10000 705 210 1e-14 3.53753782047e-58 3.53753782047e-58 0.0 0.0
10000 10000 705 210 1e-12 0.0 0.0 0.0 0.0
10000 10000 705 210 1e-10 0.0 0.0 0.0 0.0
