10000 10000 855 400 1e-22 0.414555146388 0.414509141636 0.41357374624 0.0
10000 10000 855 400 1e-20 0.41439575813 0.414349778276 0.413414768128 0.0
10000 10000 855 400 1e-19 0.412949799084 0.412904044937 0.411972529303 0.0
10000 10000 855 400 2e-19 0.411349551497 0.411304046803 0.410376397667 0.0
10000 10000 855 400 5e-19 0.406588767936 0.406544003252 0.405627851481 0.0
10000 10000 855 400 7e-19 0.403447913076 0.403403634855 0.402495063686 0.0
10000 10000 855 400 1e-18 0.39878554154 0.398741982856 0.397844657702 0.0
10000 10000 855 400 2e-18 0.383658805963 0.383617560197 0.38275666447 0.0
10000 10000 855 400 5e-18 0.341869251394 0.341834216528 0.341073476865 0.0
10000 10000 855 400 7e-18 0.316747632579 0.316716197253 0.31601529325 0.0
10000 10000 855 400 1e-17 0.282715442376 0.282688709574 0.28206836562 0.0
10000 10000 855 400 2e-17 0.194871422563 0.194855771001 0.194440144578 0.0
10000 10000 855 400 5e-17 0.0674047285075 0.0674014581747 0.0672696543895 0.0
10000 10000 855 400 7e-17 0.0344873629437 0.0344861768051 0.0344225699426 0.0
10000 10000 855 400 1e-16 0.0131894378804 0.0131891685709 0.0131668772532 0.0
10000 10000 855 400 1e-15 1.94609244598e-11 1.94609244597e-11 1.94596190862e-11 0.0
10000 10000 855 400 1e-14 8.23697912168e-60 8.23697912168e-60 8.23697912168e-60 0.0
10000 10000 855 400 1e-12 0.0 0.0 0.0 0.0
10000 10000 855 400 1e-10 0.0 0.0 0.0 0.0
