10000 10000 1255 250 1e-22 0.0442407869741 0.04421078532 0.0 0.0
10000 10000 1255 250 1e-20 0.0442273656585 0.044197374486 0.0 0.0
10000 10000 1255 250 1e-19 0.0441055473282 0.0440756512707 0.0 0.0
10000 10000 1255 250 2e-19 0.0439706019106 0.043940811173 0.0 0.0
10000 10000 1255 250 5e-19 0.043568330401 0.0435388533419 0.0 0.0
10000 10000 1255 250 7e-19 0.0433022725966 0.0432730027698 0.0 0.0
10000 10000 1255 250 1e-18 0.0429063427427 0.0428773809621 0.0 0.0
10000 10000 1255 250 2e-18 0.0416134887355 0.0415855299403 0.0 0.0
10000 10000 1255 250 5e-18 0.0379719586348 0.0379468001526 0.0 0.0
10000 10000 1255 250 7e-18 0.0357292495407 0.0357057965171 0.0 0.0
10000 10000 1255 250 1e-17 0.0326194078751 0.0325982937554 0.0 0.0
10000 10000 1255 250 2e-17 0.024131558616 0.0241166537592 0.0 0.0
10000 10000 1255 250 5e-17 0.00995319582342 0.00994787155272 0.0 0.0
10000 10000 1255 250 7e-17 0.00559361179785 0.00559090322013 0.0 0.0
10000 10000 1255 250 1e-16 0.00240245251411 0.00240145762771 0.0 0.0
10000 10000 1255 250 1e-15 7.95844940582e-11 7.95844913546e-11 0.0 0.0
10000 10000 1255 250 1e-14 3.78983994083e-57 3.78983994083e-57 0.0 0.0
10000 10000 1255 250 1e-12 0.0 0.0 0.0 0.0
10000 10000 1255 250 1e-10 0.0 0.0 0.0 0.0
