10000 10000 455 350 1e-22 0.391361445416 0.391191232391 0.389237137032 0.0
10000 10000 455 350 1e-20 0.391202247138 0.391032127028 0.389078860146 0.0
10000 10000 455 350 1e-19 0.389758178808 0.389588900967 0.387643148607 0.0
10000 10000 455 350 2e-19 0.388160375743 0.387992028691 0.386054589784 0.0
10000 10000 455 350 5e-19 0.383409065111 0.383243478726 0.381330754514 0.0
10000 10000 455 350 7e-19 0.380276276545 0.3801125045 0.378216070495 0.0
10000 10000 455 350 1e-18 0.37562856837 0.37546747929 0.373595204783 0.0
10000 10000 455 350 2e-18 0.360571946082 0.360419475852 0.35862539925 0.0
10000 10000 455 350 5e-18 0.319164657726 0.319035289321 0.317455680869 0.0
10000 10000 455 350 7e-18 0.294416095933 0.294300086411 0.292848207802 0.0
10000 10000 455 350 1e-17 0.26107816493 0.260979572693 0.259699136266 0.0
10000 10000 455 350 2e-17 0.17621262857 0.176154910051 0.175306831777 0.0
10000 10000 455 350 5e-17 0.0575982043903 0.0575859188078 0.057324961987 0.0
10000 10000 455 350 7e-17 0.028536344444 0.0285317657567 0.0284078313879 0.0
10000 10000 455 350 1e-16 0.0104821947092 0.0104810913402 0.0104384382008 0.0
10000 10000 455 350 1e-15 2.57949428391e-11 2.57949428361e-11 2.57929663964e-11 0.0
10000 10000 455 350 1e-14 1.05155955563e-57 1.05155955563e-57 1.05155955563e-57 0.0
10000 10000 455 350 1e-12 0.0 0.0 0.0 0.0
10000 10000 455 350 1e-10 0.0 0.0 0.0 0.0
