10000 10000 1305 460 1e-22 0.298538924452 0.298530283107 0.298157791062 0.0
10000 10000 1305 460 1e-20 0.298434113552 0.29842547764 0.298053132329 0.0
10000 10000 1305 460 1e-19 0.297483101156 0.297474514471 0.2971035003 0.0
10000 10000 1305 460 2e-19 0.296430243489 0.296421711166 0.296052170114 0.0
10000 10000 1305 460 5e-19 0.293295651894 0.293287280571 0.292922121737 0.0
10000 10000 1305 460 7e-19 0.291225744221 0.291217478513 0.290855210482 0.0
10000 10000 1305 460 1e-18 0.288150287202 0.288142177383 0.287784200095 0.0
10000 10000 1305 460 2e-18 0.278148417358 0.278140805923 0.277796745802 0.0
10000 10000 1305 460 5e-18 0.250316755599 0.250310460506 0.250004813698 0.0
10000 10000 1305 460 7e-18 0.233432335848 0.233426787466 0.233144203674 0.0
10000 10000 1305 460 1e-17 0.210354198268 0.21034960499 0.210098221642 0.0
10000 10000 1305 460 2e-17 0.149472118133 0.149469660913 0.149298487469 0.0
10000 10000 1305 460 5e-17 0.0558951845629 0.055894794101 0.0558382007315 0.0
10000 10000 1305 460 7e-17 0.0298235758683 0.0298234578315 0.0297955168921 0.0
10000 10000 1305 460 1e-16 0.0119980088148 0.0119979883281 0.0119879211119 0.0
10000 10000 1305 460 1e-15 2.2997188217e-11 2.2997188217e-11 2.29970412789e-11 0.0
10000 10000 1305 460 1e-14 8.20304286184e-59 8.20304286184e-59 8.20304286184e-59 0.0
10000 10000 1305 460 1e-12 0.0 0.0 0.0 0.0
10000 10000 1305 460 1e-10 0.0 0.0 0.0 0.0
