10000 10000 2955 2850 1e-22 0.001918299708 0.001918299708 0.001918299708 0.001918299708
10000 10000 2955 2850 1e-20 0.00191695834639 0.00191695834639 0.00191695834639 0.00191695834639
10000 10000 2955 2850 1e-19 0.00190480768044 0.00190480768044 0.00190480768044 0.00190480768044
10000 10000 2955 2850 2e-19 0.00189139848673 0.00189139848673 0.00189139848673 0.00189139848673
10000 10000 2955 2850 5e-19 0.00185174228985 0.00185174228985 0.00185174228985 0.00185174228985
10000 10000 2955 2850 7e-19 0.00182577412479 0.00182577412479 0.00182577412479 0.00182577412479
10000 10000 2955 2850 1e-18 0.00178751234286 0.00178751234286 0.00178751234286 0.00178751234286
10000 10000 2955 2850 2e-18 0.00166574508758 0.00166574508758 0.00166574508758 0.00166574508758
10000 10000 2955 2850 5e-18 0.00134855047779 0.00134855047779 0.00134855047779 0.00134855047779
10000 10000 2955 2850 7e-18 0.00117180901727 0.00117180901727 0.00117180901727 0.00117180901727
10000 10000 2955 2850 1e-17 0.000949659172572 0.000949659172572 0.000949659172572 0.000949659172572
10000 10000 2955 2850 2e-17 0.000473418207261 0.000473418207261 0.000473418207261 0.000473418207261
10000 10000 2955 2850 5e-17 6.11972853002e-05 6.11972853002e-05 6.11972853002e-05 6.11972853002e-05
10000 10000 2955 2850 7e-17 1.62131996814e-05 1.62131996814e-05 1.62131996814e-05 1.62131996814e-05
10000 10000 2955 2850 1e-16 2.32964500662e-06 2.32964500662e-06 2.32964500662e-06 2.32964500662e-06
10000 10000 2955 2850 1e-15 6.79196722811e-28 6.79196722811e-28 6.79196722811e-28 6.79196722811e-28
10000 10000 2955 2850 1e-14 2.40010936835e-234 2.40010936835e-234 2.40010936835e-234 2.40010936835e-234
10000 10000 2955 2850 1e-12 0.0 0.0 0.0 0.0
10000 10000 2955 2850 1e-10 0.0 0.0 0.0 0.0
