10000 10000 955 410 1e-22 0.385507175453 0.385481608162 0.384679494501 0.0
10000 10000 955 410 1e-20 0.385364301405 0.385338747842 0.384536950398 0.0
10000 10000 955 410 1e-19 0.384068054957 0.384042625864 0.383243697072 0.0
10000 10000 955 410 2e-19 0.382633277631 0.382607986117 0.381812231978 0.0
10000 10000 955 410 5e-19 0.37836341531 0.378338532033 0.377552221983 0.0
10000 10000 955 410 7e-19 0.375545317046 0.375520702216 0.374740622257 0.0
10000 10000 955 410 1e-18 0.37136039357 0.371336175927 0.370565343324 0.0
10000 10000 955 410 2e-18 0.35776877605 0.357745836133 0.357004999245 0.0
10000 10000 955 410 5e-18 0.32010340989 0.320083908647 0.319425876025 0.0
10000 10000 955 410 7e-18 0.297372089292 0.297354586086 0.296746275889 0.0
10000 10000 955 410 1e-17 0.266460446304 0.266445559135 0.265904522239 0.0
10000 10000 955 410 2e-17 0.185930625216 0.185921927344 0.185553850875 0.0
10000 10000 955 410 5e-17 0.0662626660972 0.0662608974085 0.0661396860146 0.0
10000 10000 955 410 7e-17 0.0344097382483 0.0344091171785 0.0343494512876 0.0
10000 10000 955 410 1e-16 0.0133749829563 0.0133748508947 0.0133534366176 0.0
10000 10000 955 410 1e-15 2.52179466248e-11 2.52179466248e-11 2.52173118332e-11 0.0
10000 10000 955 410 1e-14 1.12908448554e-57 1.12908448554e-57 1.12908448554e-57 0.0
10000 10000 955 410 1e-12 0.0 0.0 0.0 0.0
10000 10000 955 410 1e-10 0.0 0.0 0.0 0.0
