10000 10000 555 380 1e-22 0.440739742374 0.440644015472 0.439247280742 0.0
10000 10000 555 380 1e-20 0.440562013987 0.440466338184 0.4390701814 0.0
10000 10000 555 380 1e-19 0.438949817406 0.438854604863 0.437463690537 0.0
10000 10000 555 380 2e-19 0.437165895003 0.437071194506 0.435686080701 0.0
10000 10000 555 380 5e-19 0.431860555191 0.431767374015 0.430399508643 0.0
10000 10000 555 380 7e-19 0.428361992854 0.428269810701 0.426913317864 0.0
10000 10000 555 380 1e-18 0.423170936347 0.423080232255 0.421740610942 0.0
10000 10000 555 380 2e-18 0.406348295746 0.406262345977 0.404977377354 0.0
10000 10000 555 380 5e-18 0.360036922786 0.359963765093 0.358829053208 0.0
10000 10000 555 380 7e-18 0.332322419417 0.332256693538 0.331211743118 0.0
10000 10000 555 380 1e-17 0.294945220334 0.294889225689 0.293965110264 0.0
10000 10000 555 380 2e-17 0.199544202429 0.199511255445 0.198894011885 0.0
10000 10000 555 380 5e-17 0.0654489166207 0.0654419893059 0.0652486435049 0.0
10000 10000 555 380 7e-17 0.0324246020555 0.0324220946063 0.0323296929694 0.0
10000 10000 555 380 1e-16 0.0118800957677 0.0118795326465 0.0118476526616 0.0
10000 10000 555 380 1e-15 1.48064477461e-11 1.4806447746e-11 1.48050904197e-11 0.0
10000 10000 555 380 1e-14 3.67305785873e-58 3.67305785873e-58 3.67305785873e-58 0.0
10000 10000 555 380 1e-12 0.0 0.0 0.0 0.0
10000 10000 555 380 1e-10 0.0 0.0 0.0 0.0
