10000 10000 455 230 1e-22 0.387664633922 0.387008904708 0.0 0.0
10000 10000 455 230 1e-20 0.387518788291 0.386863331811 0.0 0.0
10000 10000 455 230 1e-19 0.386195604497 0.385542621934 0.0 0.0
10000 10000 455 230 2e-19 0.384731059087 0.384080813787 0.0 0.0
10000 10000 455 230 5e-19 0.380372910136 0.379730804332 0.0 0.0
10000 10000 455 230 7e-19 0.377496794597 0.376860055437 0.0 0.0
10000 10000 455 230 1e-18 0.373226090966 0.372597313351 0.0 0.0
10000 10000 455 230 2e-18 0.359359096877 0.358756109018 0.0 0.0
10000 10000 455 230 5e-18 0.320958970661 0.320426881462 0.0 0.0
10000 10000 455 230 7e-18 0.297807274784 0.297317534033 0.0 0.0
10000 10000 455 230 1e-17 0.266356997033 0.265924254788 0.0 0.0
10000 10000 455 230 2e-17 0.184660984884 0.184372900144 0.0 0.0
10000 10000 455 230 5e-17 0.0644464964015 0.0643575382453 0.0 0.0
10000 10000 455 230 7e-17 0.0329925035007 0.0329505343716 0.0 0.0
10000 10000 455 230 1e-16 0.0125620470129 0.0125479069218 0.0 0.0
10000 10000 455 230 1e-15 1.97916376046e-11 1.97915034247e-11 0.0 0.0
10000 10000 455 230 1e-14 6.47924842299e-60 6.47924842299e-60 0.0 0.0
10000 10000 455 230 1e-12 0.0 0.0 0.0 0.0
10000 10000 455 230 1e-10 0.0 0.0 0.0 0.0
