10000 10000 355 250 1e-22 0.380261597736 0.37972063267 0.0 0.0
10000 10000 355 250 1e-20 0.380111016915 0.379570297611 0.0 0.0
10000 10000 355 250 1e-19 0.378745040368 0.378206549869 0.0 0.0
10000 10000 355 250 2e-19 0.377233482409 0.37669745702 0.0 0.0
10000 10000 355 250 5e-19 0.372737632915 0.372208931818 0.0 0.0
10000 10000 355 250 7e-19 0.369772456009 0.369248579172 0.0 0.0
10000 10000 355 250 1e-18 0.365372186235 0.364855459066 0.0 0.0
10000 10000 355 250 2e-18 0.351106894202 0.350613266407 0.0 0.0
10000 10000 355 250 5e-18 0.311789964654 0.311359337481 0.0 0.0
10000 10000 355 250 7e-18 0.288225370857 0.287831996606 0.0 0.0
10000 10000 355 250 1e-17 0.256395786618 0.256052060397 0.0 0.0
10000 10000 355 250 2e-17 0.174825035812 0.174604309241 0.0 0.0
10000 10000 355 250 5e-17 0.0587180843659 0.058656149309 0.0 0.0
10000 10000 355 250 7e-17 0.0295243232014 0.0294966153459 0.0 0.0
10000 10000 355 250 1e-16 0.0110263452572 0.0110175913262 0.0 0.0
10000 10000 355 250 1e-15 2.06193345137e-11 2.06192693667e-11 0.0 0.0
10000 10000 355 250 1e-14 4.37914152456e-59 4.37914152456e-59 0.0 0.0
10000 10000 355 250 1e-12 0.0 0.0 0.0 0.0
10000 10000 355 250 1e-10 0.0 0.0 0.0 0.0
