10000 10000 1055 220 1e-22 0.0450054299887 0.0449469869189 0.0 0.0
10000 10000 1055 220 1e-20 0.0449919106812 0.0449334874219 0.0 0.0
10000 10000 1055 220 1e-19 0.0448692020914 0.0448109586115 0.0 0.0
10000 10000 1055 220 2e-19 0.0447332687115 0.0446752243191 0.0 0.0
10000 10000 1055 220 5e-19 0.0443280409523 0.0442705896319 0.0 0.0
10000 10000 1055 220 7e-19 0.0440600186434 0.0440029592374 0.0 0.0
10000 10000 1055 220 1e-18 0.0436611514542 0.0436046747695 0.0 0.0
10000 10000 1055 220 2e-18 0.0423585868462 0.0423040087297 0.0 0.0
10000 10000 1055 220 5e-18 0.0386886396439 0.0386393728828 0.0 0.0
10000 10000 1055 220 7e-18 0.0364275506008 0.0363815267144 0.0 0.0
10000 10000 1055 220 1e-17 0.0332909310398 0.033249365391 0.0 0.0
10000 10000 1055 220 2e-17 0.0247199744847 0.0246903157948 0.0 0.0
10000 10000 1055 220 5e-17 0.0103384181097 0.0103274430331 0.0 0.0
10000 10000 1055 220 7e-17 0.00587605420262 0.00587031551485 0.0 0.0
10000 10000 1055 220 1e-16 0.00257270202361 0.00257048848645 0.0 0.0
10000 10000 1055 220 1e-15 7.96682512082e-11 7.96678427504e-11 0.0 0.0
10000 10000 1055 220 1e-14 2.14511624719e-52 2.14511624719e-52 0.0 0.0
10000 10000 1055 220 1e-12 0.0 0.0 0.0 0.0
10000 10000 1055 220 1e-10 0.0 0.0 0.0 0.0
