10000 10000 1055 850 1e-22 0.340388146208 0.340388146208 0.340317920099 0.33999197184
10000 10000 1055 850 1e-20 0.340232389323 0.340232389323 0.340162204775 0.339836413956
10000 10000 1055 850 1e-19 0.338819911324 0.338819911324 0.33875010344 0.338425740245
10000 10000 1055 850 2e-19 0.33725784843 0.33725784843 0.337188456627 0.33686567199
10000 10000 1055 850 5e-19 0.332617728642 0.332617728642 0.332549569869 0.332231472758
10000 10000 1055 850 7e-19 0.329562304921 0.329562304921 0.329494955648 0.329179943856
10000 10000 1055 850 1e-18 0.325035360948 0.325035360948 0.324969207459 0.324658764939
10000 10000 1055 850 2e-18 0.310419978361 0.310419978361 0.310357655702 0.31006194864
10000 10000 1055 850 5e-18 0.270640554721 0.270640554721 0.270588414227 0.270332672034
10000 10000 1055 850 7e-18 0.247176280343 0.247176280343 0.24712996388 0.246897684374
10000 10000 1055 850 1e-17 0.215972616157 0.215972616157 0.215933811311 0.215732581111
10000 10000 1055 850 2e-17 0.138998227575 0.138998227575 0.138976580789 0.13885094093
10000 10000 1055 850 5e-17 0.0400325857645 0.0400325857645 0.0400286126151 0.0399959955588
10000 10000 1055 850 7e-17 0.0184649866417 0.0184649866417 0.0184636439612 0.0184496831351
10000 10000 1055 850 1e-16 0.00619196182867 0.00619196182867 0.00619168008129 0.00618749339647
10000 10000 1055 850 1e-15 7.09240254745e-13 7.09240254745e-13 7.09240233575e-13 7.09212438808e-13
10000 10000 1055 850 1e-14 1.1219014611e-83 1.1219014611e-83 1.1219014611e-83 1.1219014611e-83
10000 10000 1055 850 1e-12 0.0 0.0 0.0 0.0
10000 10000 1055 850 1e-10 0.0 0.0 0.0 0.0
