10000 10000 1955 300 1e-22 0.009985676666 0.009985676666 0.0 0.0
10000 10000 1955 300 1e-20 0.00998283104139 0.00998283104139 0.0 0.0
10000 10000 1955 300 1e-19 0.00995700047369 0.00995700047369 0.0 0.0
10000 10000 1955 300 2e-19 0.00992838155329 0.00992838155329 0.0 0.0
10000 10000 1955 300 5e-19 0.0098430382284 0.0098430382284 0.0 0.0
10000 10000 1955 300 7e-19 0.00978656787418 0.00978656787418 0.0 0.0
10000 10000 1955 300 1e-18 0.00970249483963 0.00970249483963 0.0 0.0
10000 10000 1955 300 2e-18 0.00942764820687 0.00942764820687 0.0 0.0
10000 10000 1955 300 5e-18 0.00865076058382 0.00865076058382 0.0 0.0
10000 10000 1955 300 7e-18 0.00817015366187 0.00817015366187 0.0 0.0
10000 10000 1955 300 1e-17 0.00750077136545 0.00750077136545 0.0 0.0
10000 10000 1955 300 2e-17 0.00565338199211 0.00565338199211 0.0 0.0
10000 10000 1955 300 5e-17 0.00246715422482 0.00246715422482 0.0 0.0
10000 10000 1955 300 7e-17 0.00144040626777 0.00144040626777 0.0 0.0
10000 10000 1955 300 1e-16 0.0006554120139 0.0006554120139 0.0 0.0
10000 10000 1955 300 1e-15 9.3677417782e-11 9.3677417782e-11 0.0 0.0
10000 10000 1955 300 1e-14 5.56120689089e-57 5.56120689089e-57 0.0 0.0
10000 10000 1955 300 1e-12 0.0 0.0 0.0 0.0
10000 10000 1955 300 1e-10 0.0 0.0 0.0 0.0
