10000 10000 955 100 1e-22 0.00152790560805 0.0 0.0 0.0
10000 10000 955 100 1e-20 0.00152749640149 0.0 0.0 0.0
10000 10000 955 100 1e-19 0.00152378145224 0.0 0.0 0.0
10000 10000 955 100 2e-19 0.00151966451029 0.0 0.0 0.0
10000 10000 955 100 5e-19 0.00150738145598 0.0 0.0 0.0
10000 10000 955 100 7e-19 0.00149924891557 0.0 0.0 0.0
10000 10000 955 100 1e-18 0.00148713372493 0.0 0.0 0.0
10000 10000 955 100 2e-18 0.00144746445464 0.0 0.0 0.0
10000 10000 955 100 5e-18 0.00133479723194 0.0 0.0 0.0
10000 10000 955 100 7e-18 0.00126468403336 0.0 0.0 0.0
10000 10000 955 100 1e-17 0.00116647546162 0.0 0.0 0.0
10000 10000 955 100 2e-17 0.000891750772943 0.0 0.0 0.0
10000 10000 955 100 5e-17 0.000402078790349 0.0 0.0 0.0
10000 10000 955 100 7e-17 0.000238501841825 0.0 0.0 0.0
10000 10000 955 100 1e-16 0.000110713691585 0.0 0.0 0.0
10000 10000 955 100 1e-15 1.42995740421e-08 0.0 0.0 0.0
10000 10000 955 100 1e-14 4.80989847005e-29 0.0 0.0 0.0
10000 10000 955 100 1e-12 0.0 0.0 0.0 0.0
10000 10000 955 100 1e-10 0.0 0.0 0.0 0.0
