10000 10000 1205 470 1e-22 0.365987348204 0.365975197916 0.365533330069 0.0
10000 10000 1205 470 1e-20 0.365854912212 0.365842769421 0.365401076027 0.0
10000 10000 1205 470 1e-19 0.364653308767 0.364641233914 0.364201123113 0.0
10000 10000 1205 470 2e-19 0.363323167211 0.363311167397 0.362872807971 0.0
10000 10000 1205 470 5e-19 0.35936393674 0.359352159236 0.358919009661 0.0
10000 10000 1205 470 7e-19 0.356750225589 0.356738593983 0.356308881076 0.0
10000 10000 1205 470 1e-18 0.35286788843 0.352856472265 0.352431860166 0.0
10000 10000 1205 470 2e-18 0.340251175314 0.340240448686 0.339832379988 0.0
10000 10000 1205 470 5e-18 0.305221733453 0.305212833968 0.304850416639 0.0
10000 10000 1205 470 7e-18 0.28403101207 0.284023153195 0.283688136101 0.0
10000 10000 1205 470 1e-17 0.255147728798 0.255141205815 0.254843245142 0.0
10000 10000 1205 470 2e-17 0.179476462337 0.179472950376 0.179270179307 0.0
10000 10000 1205 470 5e-17 0.0653305362446 0.0653299780398 0.065262925573 0.0
10000 10000 1205 470 7e-17 0.0343285343361 0.0343283678755 0.0342952015675 0.0
10000 10000 1205 470 1e-16 0.013542173603 0.0135421457889 0.0135301327797 0.0
10000 10000 1205 470 1e-15 1.82864397075e-11 1.82864397075e-11 1.82860407716e-11 0.0
10000 10000 1205 470 1e-14 9.53278548823e-59 9.53278548823e-59 9.53278548823e-59 0.0
10000 10000 1205 470 1e-12 0.0 0.0 0.0 0.0
10000 10000 1205 470 1e-10 0.0 0.0 0.0 0.0
