10000 10000 2955 2650 1e-22 0.00276184985937 0.00276184985937 0.00276184985937 0.00276184985937
10000 10000 2955 2650 1e-20 0.00276005478607 0.00276005478607 0.00276005478607 0.00276005478607
10000 10000 2955 2650 1e-19 0.00274379045946 0.00274379045946 0.00274379045946 0.00274379045946
10000 10000 2955 2650 2e-19 0.002725833678 0.002725833678 0.002725833678 0.002725833678
10000 10000 2955 2650 5e-19 0.0026726796696 0.0026726796696 0.0026726796696 0.0026726796696
10000 10000 2955 2650 7e-19 0.00263783250667 0.00263783250667 0.00263783250667 0.00263783250667
10000 10000 2955 2650 1e-18 0.00258642907049 0.00258642907049 0.00258642907049 0.00258642907049
10000 10000 2955 2650 2e-18 0.00242234965338 0.00242234965338 0.00242234965338 0.00242234965338
10000 10000 2955 2650 5e-18 0.00199102011764 0.00199102011764 0.00199102011764 0.00199102011764
10000 10000 2955 2650 7e-18 0.00174779962896 0.00174779962896 0.00174779962896 0.00174779962896
10000 10000 2955 2650 1e-17 0.00143845946776 0.00143845946776 0.00143845946776 0.00143845946776
10000 10000 2955 2650 2e-17 0.000755630677345 0.000755630677345 0.000755630677345 0.000755630677345
10000 10000 2955 2650 5e-17 0.000114881586139 0.000114881586139 0.000114881586139 0.000114881586139
10000 10000 2955 2650 7e-17 3.39283897163e-05 3.39283897163e-05 3.39283897163e-05 3.39283897163e-05
10000 10000 2955 2650 1e-16 5.70952597321e-06 5.70952597321e-06 5.70952597321e-06 5.70952597321e-06
10000 10000 2955 2650 1e-15 1.40773104448e-25 1.40773104448e-25 1.40773104448e-25 1.40773104448e-25
10000 10000 2955 2650 1e-14 1.32736178847e-209 1.32736178847e-209 1.32736178847e-209 1.32736178847e-209
10000 10000 2955 2650 1e-12 0.0 0.0 0.0 0.0
10000 10000 2955 2650 1e-10 0.0 0.0 0.0 0.0
