10000 10000 1455 260 1e-22 0.0181946674466 0.0181850017028 0.0 0.0
10000 10000 1455 260 1e-20 0.0181893376763 0.0181796755163 0.0 0.0
10000 10000 1455 260 1e-19 0.0181409601407 0.0181313304992 0.0 0.0
10000 10000 1455 260 2e-19 0.0180873653072 0.0180777716678 0.0 0.0
10000 10000 1455 260 5e-19 0.0179275733464 0.0179180869002 0.0 0.0
10000 10000 1455 260 7e-19 0.0178218671592 0.0178124515027 0.0 0.0
10000 10000 1455 260 1e-18 0.0176645299791 0.0176552195087 0.0 0.0
10000 10000 1455 260 2e-18 0.0171504949134 0.0171415265731 0.0 0.0
10000 10000 1455 260 5e-18 0.015700278434 0.0156922622476 0.0 0.0
10000 10000 1455 260 7e-18 0.0148052789699 0.0147978402154 0.0 0.0
10000 10000 1455 260 1e-17 0.0135616595693 0.0135550092625 0.0 0.0
10000 10000 1455 260 2e-17 0.0101492552213 0.0101446736298 0.0 0.0
10000 10000 1455 260 5e-17 0.00435378248274 0.00435227270776 0.0 0.0
10000 10000 1455 260 7e-17 0.00252174170822 0.00252101683588 0.0 0.0
10000 10000 1455 260 1e-16 0.00113940973849 0.00113916636246 0.0 0.0
10000 10000 1455 260 1e-15 1.01487533669e-10 1.01487533624e-10 0.0 0.0
10000 10000 1455 260 1e-14 6.96876493526e-57 6.96876493526e-57 0.0 0.0
10000 10000 1455 260 1e-12 0.0 0.0 0.0 0.0
10000 10000 1455 260 1e-10 0.0 0.0 0.0 0.0
