10000 10000 1155 850 1e-22 0.351258817637 0.351258691909 0.351184380065 0.350835329456
10000 10000 1155 850 1e-20 0.351096652709 0.351096527059 0.351022260571 0.350673380972
10000 10000 1155 850 1e-19 0.349626084826 0.349625959889 0.34955210443 0.349204775452
10000 10000 1155 850 2e-19 0.34799982511 0.347999700961 0.347926299473 0.347580684946
10000 10000 1155 850 5e-19 0.343169289271 0.343169167456 0.343097110835 0.342756586687
10000 10000 1155 850 7e-19 0.33998871304 0.339988592756 0.33991741869 0.339580244457
10000 10000 1155 850 1e-18 0.335276687139 0.335276569116 0.335206698205 0.334874484277
10000 10000 1155 850 2e-18 0.320066663509 0.320066552719 0.320000852107 0.319684627792
10000 10000 1155 850 5e-18 0.278693253082 0.278693161441 0.278638508785 0.278365594159
10000 10000 1155 850 7e-18 0.254307702803 0.254307622051 0.254259261583 0.254011730925
10000 10000 1155 850 1e-17 0.221904475991 0.221904409196 0.221864129687 0.221650136072
10000 10000 1155 850 2e-17 0.142135848933 0.142135813447 0.142113797153 0.141981124454
10000 10000 1155 850 5e-17 0.0402501582167 0.0402501528961 0.0402463809837 0.0402126931717
10000 10000 1155 850 7e-17 0.0183199586452 0.0183199571435 0.018318748281 0.0183045640148
10000 10000 1155 850 1e-16 0.00600763366337 0.0060076334382 0.00600740153448 0.00600326593194
10000 10000 1155 850 1e-15 5.72641606471e-13 5.72641606471e-13 5.72641589304e-13 5.72621999812e-13
10000 10000 1155 850 1e-14 8.1320942407e-83 8.1320942407e-83 8.1320942407e-83 8.1320942407e-83
10000 10000 1155 850 1e-12 0.0 0.0 0.0 0.0
10000 10000 1155 850 1e-10 0.0 0.0 0.0 0.0
