10000 10000 655 600 1e-22 0.400503106821 0.400501030007 0.400151005514 0.399148091308
10000 10000 655 600 1e-20 0.400333235932 0.400331160447 0.399981308645 0.398978829833
10000 10000 655 600 1e-19 0.398792496947 0.3987904335 0.398442147566 0.397443617678
10000 10000 655 600 2e-19 0.397088024885 0.397085974732 0.396739420117 0.395745258538
10000 10000 655 600 5e-19 0.392021348301 0.392019337518 0.391677923418 0.390696745329
10000 10000 655 600 7e-19 0.388682132252 0.388680147293 0.388342116146 0.387369493515
10000 10000 655 600 1e-18 0.383730406981 0.383728460138 0.383395438271 0.38243550049
10000 10000 655 600 2e-18 0.367707549364 0.36770572436 0.367388850328 0.366469941027
10000 10000 655 600 5e-18 0.323797763477 0.32379626006 0.323523124701 0.322716501955
10000 10000 655 600 7e-18 0.297670010127 0.297668688922 0.297421186662 0.296681258634
10000 10000 655 600 1e-17 0.262626061679 0.262624973184 0.262411329676 0.261760688968
10000 10000 655 600 2e-17 0.17434946127 0.174348890417 0.174217256911 0.173790384495
10000 10000 655 600 5e-17 0.0543651030379 0.0543650203737 0.054332529335 0.0542045582934
10000 10000 655 600 7e-17 0.0261258773444 0.0261258544716 0.0261125249801 0.0260526818531
10000 10000 655 600 1e-16 0.0091660549529 0.00916605160597 0.00916234846487 0.00914216608627
10000 10000 655 600 1e-15 3.73523280257e-12 3.73523280257e-12 3.73522983752e-12 3.73338877026e-12
10000 10000 655 600 1e-14 5.8543959418e-61 5.8543959418e-61 5.8543959418e-61 5.8543959418e-61
10000 10000 655 600 1e-12 0.0 0.0 0.0 0.0
10000 10000 655 600 1e-10 0.0 0.0 0.0 0.0
