10000 10000 905 320 1e-22 0.298197989437 0.298118276572 0.0 0.0
10000 10000 905 320 1e-20 0.298092909814 0.298013237962 0.0 0.0
10000 10000 905 320 1e-19 0.297139455936 0.29706015593 0.0 0.0
10000 10000 905 320 2e-19 0.29608388867 0.296004999707 0.0 0.0
10000 10000 905 320 5e-19 0.292941189436 0.292863520347 0.0 0.0
10000 10000 905 320 7e-19 0.290865895502 0.290789028738 0.0 0.0
10000 10000 905 320 1e-18 0.287782389673 0.287706710257 0.0 0.0
10000 10000 905 320 2e-18 0.277753991188 0.277682133553 0.0 0.0
10000 10000 905 320 5e-18 0.249846327502 0.249784775086 0.0 0.0
10000 10000 905 320 7e-18 0.232914969608 0.232859422172 0.0 0.0
10000 10000 905 320 1e-17 0.209773034151 0.209725375097 0.0 0.0
10000 10000 905 320 2e-17 0.148741371867 0.148712569941 0.0 0.0
10000 10000 905 320 5e-17 0.0551696535484 0.0551629025457 0.0 0.0
10000 10000 905 320 7e-17 0.0292612595293 0.0292585738382 0.0 0.0
10000 10000 905 320 1e-16 0.0116714914802 0.0116707769771 0.0 0.0
10000 10000 905 320 1e-15 6.69693744447e-11 6.69693743968e-11 0.0 0.0
10000 10000 905 320 1e-14 2.27360248832e-57 2.27360248832e-57 0.0 0.0
10000 10000 905 320 1e-12 0.0 0.0 0.0 0.0
10000 10000 905 320 1e-10 0.0 0.0 0.0 0.0
