10000 10000 1955 250 1e-22 0.00554406812168 0.00554042214505 0.0 0.0
10000 10000 1955 250 1e-20 0.00554234003874 0.00553869538537 0.0 0.0
10000 10000 1955 250 1e-19 0.00552665577392 0.0055230231281 0.0 0.0
10000 10000 1955 250 2e-19 0.00550928274859 0.00550566339777 0.0 0.0
10000 10000 1955 250 5e-19 0.00545750245245 0.00545392269342 0.0 0.0
10000 10000 1955 250 7e-19 0.005423262679 0.00541970907194 0.0 0.0
10000 10000 1955 250 1e-18 0.00537231989888 0.00536880515956 0.0 0.0
10000 10000 1955 250 2e-18 0.00520606349828 0.00520267525334 0.0 0.0
10000 10000 1955 250 5e-18 0.00473855986575 0.00473552426911 0.0 0.0
10000 10000 1955 250 7e-18 0.00445125963844 0.00444843837389 0.0 0.0
10000 10000 1955 250 1e-17 0.00405374117404 0.00405121319263 0.0 0.0
10000 10000 1955 250 2e-17 0.00297483273613 0.00297307829317 0.0 0.0
10000 10000 1955 250 5e-17 0.00120187971488 0.00120128990446 0.0 0.0
10000 10000 1955 250 7e-17 0.000669040959811 0.000668754421263 0.0 0.0
10000 10000 1955 250 1e-16 0.000285531278246 0.000285433545375 0.0 0.0
10000 10000 1955 250 1e-15 4.68304110399e-11 4.68304110311e-11 0.0 0.0
10000 10000 1955 250 1e-14 1.46652037125e-57 1.46652037125e-57 0.0 0.0
10000 10000 1955 250 1e-12 0.0 0.0 0.0 0.0
10000 10000 1955 250 1e-10 0.0 0.0 0.0 0.0
