10000 10000 1055 370 1e-22 0.311845908567 0.311811612555 0.310919270343 0.0
10000 10000 1055 370 1e-20 0.311736417042 0.311702138629 0.310810125256 0.0
10000 10000 1055 370 1e-19 0.3107429142 0.310708795358 0.30981976562 0.0
10000 10000 1055 370 2e-19 0.30964297312 0.309609030682 0.308723303836 0.0
10000 10000 1055 370 5e-19 0.306367939831 0.306334520988 0.305458625918 0.0
10000 10000 1055 370 7e-19 0.304205076966 0.304172002558 0.303302598446 0.0
10000 10000 1055 370 1e-18 0.300991193589 0.300958628994 0.300098867012 0.0
10000 10000 1055 370 2e-18 0.290536580984 0.290505658066 0.289677235694 0.0
10000 10000 1055 370 5e-18 0.261425419441 0.261398928645 0.260657549011 0.0
10000 10000 1055 370 7e-18 0.243751706168 0.243727801639 0.243039089617 0.0
10000 10000 1055 370 1e-17 0.219580741804 0.219560238599 0.218943309335 0.0
10000 10000 1055 370 2e-17 0.155762340938 0.155749983739 0.155320866371 0.0
10000 10000 1055 370 5e-17 0.0577803549952 0.0577775144468 0.0576284330694 0.0
10000 10000 1055 370 7e-17 0.0306526648756 0.030651555393 0.0305761940133 0.0
10000 10000 1055 370 1e-16 0.0122450209574 0.0122447342295 0.0122168836051 0.0
10000 10000 1055 370 1e-15 3.33786577449e-11 3.33786577349e-11 3.33768500223e-11 0.0
10000 10000 1055 370 1e-14 1.71128319048e-58 1.71128319048e-58 1.71128319048e-58 0.0
10000 10000 1055 370 1e-12 0.0 0.0 0.0 0.0
10000 10000 1055 370 1e-10 0.0 0.0 0.0 0.0
