10000 10000 705 220 1e-22 0.216625820603 0.216326042897 0.0 0.0
10000 10000 705 220 1e-20 0.216549874549 0.216250213431 0.0 0.0
10000 10000 705 220 1e-19 0.21586076159 0.215562158156 0.0 0.0
10000 10000 705 220 2e-19 0.215097832305 0.214800399456 0.0 0.0
10000 10000 705 220 5e-19 0.212826309072 0.212532359006 0.0 0.0
10000 10000 705 220 7e-19 0.211326230917 0.211034578776 0.0 0.0
10000 10000 705 220 1e-18 0.209097288933 0.2088090482 0.0 0.0
10000 10000 705 220 2e-18 0.201847324094 0.201570153877 0.0 0.0
10000 10000 705 220 5e-18 0.181664809774 0.18141824107 0.0 0.0
10000 10000 705 220 7e-18 0.169415219441 0.169187057358 0.0 0.0
10000 10000 705 220 1e-17 0.152666017776 0.152462800005 0.0 0.0
10000 10000 705 220 2e-17 0.108455389487 0.108316554277 0.0 0.0
10000 10000 705 220 5e-17 0.0405142346456 0.0404681745496 0.0 0.0
10000 10000 705 220 7e-17 0.0216227360222 0.0216000528592 0.0 0.0
10000 10000 705 220 1e-16 0.00872510929256 0.00871701430537 0.0 0.0
10000 10000 705 220 1e-15 8.29189297361e-11 8.2918661896e-11 0.0 0.0
10000 10000 705 220 1e-14 3.10387767078e-53 3.10387767078e-53 0.0 0.0
10000 10000 705 220 1e-12 0.0 0.0 0.0 0.0
10000 10000 705 220 1e-10 0.0 0.0 0.0 0.0
