10000 10000 1305 290 1e-22 0.0687633077242 0.0687538189148 0.0 0.0
10000 10000 1305 290 1e-20 0.0687424410557 0.0687329562633 0.0 0.0
10000 10000 1305 290 1e-19 0.0685530509345 0.0685436025757 0.0 0.0
10000 10000 1305 290 2e-19 0.0683432644437 0.0683338563885 0.0 0.0
10000 10000 1305 290 5e-19 0.0677179680637 0.0677086798028 0.0 0.0
10000 10000 1305 290 7e-19 0.0673044663234 0.0672952570044 0.0 0.0
10000 10000 1305 290 1e-18 0.0666892110825 0.0666801188134 0.0 0.0
10000 10000 1305 290 2e-18 0.0646809294269 0.0646722158038 0.0 0.0
10000 10000 1305 290 5e-18 0.0590302147494 0.0590225380128 0.0 0.0
10000 10000 1305 290 7e-18 0.0555542075198 0.0555471472883 0.0 0.0
10000 10000 1305 290 1e-17 0.0507389069611 0.0507326731799 0.0 0.0
10000 10000 1305 290 2e-17 0.0376179831963 0.0376138304727 0.0 0.0
10000 10000 1305 290 5e-17 0.0156997542403 0.015698441969 0.0 0.0
10000 10000 1305 290 7e-17 0.00891280574405 0.00891217079792 0.0 0.0
10000 10000 1305 290 1e-16 0.00388968861177 0.00388946526165 0.0 0.0
10000 10000 1305 290 1e-15 1.18554155326e-10 1.18554154064e-10 0.0 0.0
10000 10000 1305 290 1e-14 1.48785920979e-57 1.48785920979e-57 0.0 0.0
10000 10000 1305 290 1e-12 0.0 0.0 0.0 0.0
10000 10000 1305 290 1e-10 0.0 0.0 0.0 0.0
