10000 10000 155 150 1e-22 0.26183284682 0.0 0.0 0.0
10000 10000 155 150 1e-20 0.261732566739 0.0 0.0 0.0
10000 10000 155 150 1e-19 0.260822809687 0.0 0.0 0.0
10000 10000 155 150 2e-19 0.259815929841 0.0 0.0 0.0
10000 10000 155 150 5e-19 0.256820130004 0.0 0.0 0.0
10000 10000 155 150 7e-19 0.254843448489 0.0 0.0 0.0
10000 10000 155 150 1e-18 0.251908844819 0.0 0.0 0.0
10000 10000 155 150 2e-18 0.242384748114 0.0 0.0 0.0
10000 10000 155 150 5e-18 0.216049685591 0.0 0.0 0.0
10000 10000 155 150 7e-18 0.200202095161 0.0 0.0 0.0
10000 10000 155 150 1e-17 0.178714361157 0.0 0.0 0.0
10000 10000 155 150 2e-17 0.123157518483 0.0 0.0 0.0
10000 10000 155 150 5e-17 0.0424164015025 0.0 0.0 0.0
10000 10000 155 150 7e-17 0.0216143685367 0.0 0.0 0.0
10000 10000 155 150 1e-16 0.00821786122697 0.0 0.0 0.0
10000 10000 155 150 1e-15 4.7638058112e-11 0.0 0.0 0.0
10000 10000 155 150 1e-14 5.72502765004e-50 0.0 0.0 0.0
10000 10000 155 150 1e-12 0.0 0.0 0.0 0.0
10000 10000 155 150 1e-10 0.0 0.0 0.0 0.0
