10000 10000 455 280 1e-22 0.427306690667 0.4269525894 0.0 0.0
10000 10000 455 280 1e-20 0.427140297842 0.426786365725 0.0 0.0
10000 10000 455 280 1e-19 0.425630828928 0.425278430652 0.0 0.0
10000 10000 455 280 2e-19 0.423960368625 0.42360966644 0.0 0.0
10000 10000 455 280 5e-19 0.41899116205 0.41864549693 0.0 0.0
10000 10000 455 280 7e-19 0.415713184834 0.415370835536 0.0 0.0
10000 10000 455 280 1e-18 0.410847830477 0.410510392464 0.0 0.0
10000 10000 455 280 2e-18 0.39506727712 0.394745682909 0.0 0.0
10000 10000 455 280 5e-18 0.351511355997 0.351232777228 0.0 0.0
10000 10000 455 280 7e-18 0.325358403861 0.325105112435 0.0 0.0
10000 10000 455 280 1e-17 0.289969681786 0.289749898536 0.0 0.0
10000 10000 455 280 2e-17 0.198884233437 0.198746297178 0.0 0.0
10000 10000 455 280 5e-17 0.0677722498451 0.0677359922379 0.0 0.0
10000 10000 455 280 7e-17 0.0343275162266 0.0343119509676 0.0 0.0
10000 10000 455 280 1e-16 0.0129302755983 0.0129256488159 0.0 0.0
10000 10000 455 280 1e-15 2.56583022967e-11 2.56583003079e-11 0.0 0.0
10000 10000 455 280 1e-14 8.43229719345e-60 8.43229719345e-60 0.0 0.0
10000 10000 455 280 1e-12 0.0 0.0 0.0 0.0
10000 10000 455 280 1e-10 0.0 0.0 0.0 0.0
