10000 10000 905 460 1e-22 0.468457087227 0.468434629211 0.467714876399 0.0
10000 10000 905 460 1e-20 0.468274016544 0.468251572786 0.467532124116 0.0
10000 10000 905 460 1e-19 0.466613240504 0.466590925946 0.46587423601 0.0
10000 10000 905 460 2e-19 0.464775314011 0.464753142122 0.464039504386 0.0
10000 10000 905 460 5e-19 0.459307804724 0.459286055304 0.458581492327 0.0
10000 10000 905 460 7e-19 0.455701011229 0.455679538903 0.454980958204 0.0
10000 10000 905 460 1e-18 0.450347455868 0.450326392471 0.449636685118 0.0
10000 10000 905 460 2e-18 0.432982226191 0.432962469617 0.432301492968 0.0
10000 10000 905 460 5e-18 0.385043899859 0.38502759061 0.384445491694 0.0
10000 10000 905 460 7e-18 0.356254827981 0.356240471155 0.35570540585 0.0
10000 10000 905 460 1e-17 0.317295920757 0.317284057405 0.316812189456 0.0
10000 10000 905 460 2e-17 0.217036356009 0.217030048728 0.216717897072 0.0
10000 10000 905 460 5e-17 0.0731070009758 0.0731060180823 0.0730112007695 0.0
10000 10000 905 460 7e-17 0.036686411077 0.036686118357 0.0366417530909 0.0
10000 10000 905 460 1e-16 0.0136172930615 0.0136172436214 0.0136024116495 0.0
10000 10000 905 460 1e-15 1.76411584736e-11 1.76411584736e-11 1.76409281543e-11 0.0
10000 10000 905 460 1e-14 2.22066870421e-59 2.22066870421e-59 2.22066870421e-59 0.0
10000 10000 905 460 1e-12 0.0 0.0 0.0 0.0
10000 10000 905 460 1e-10 0.0 0.0 0.0 0.0
