10000 10000 1105 360 1e-22 0.253618862217 0.253591206486 0.252832975944 0.0
10000 10000 1105 360 1e-20 0.253530869865 0.253503227911 0.252745276543 0.0
10000 10000 1105 360 1e-19 0.252732430224 0.252704913187 0.251949494813 0.0
10000 10000 1105 360 2e-19 0.251848417161 0.251821038243 0.251068423858 0.0
10000 10000 1105 360 5e-19 0.249216093853 0.249189125041 0.248444857088 0.0
10000 10000 1105 360 7e-19 0.247477510961 0.247450812048 0.24671205422 0.0
10000 10000 1105 360 1e-18 0.244893826913 0.244867527667 0.244136954669 0.0
10000 10000 1105 360 2e-18 0.236487072099 0.236462061329 0.235758088878 0.0
10000 10000 1105 360 5e-18 0.213059892247 0.213038372208 0.212408261727 0.0
10000 10000 1105 360 7e-18 0.198822750979 0.198803276957 0.198217846683 0.0
10000 10000 1105 360 1e-17 0.179332383619 0.179315612056 0.178791065833 0.0
10000 10000 1105 360 2e-17 0.127743030313 0.127732798224 0.127367508816 0.0
10000 10000 1105 360 5e-17 0.0479616999971 0.0479593005771 0.0478316697821 0.0
10000 10000 1105 360 7e-17 0.0256335043899 0.0256325700655 0.0255677376632 0.0
10000 10000 1105 360 1e-16 0.0103411248104 0.0103408906833 0.0103167391661 0.0
10000 10000 1105 360 1e-15 4.67878393241e-11 4.6787839324e-11 4.67869715192e-11 0.0
10000 10000 1105 360 1e-14 4.73270485356e-58 4.73270485356e-58 4.73270485356e-58 0.0
10000 10000 1105 360 1e-12 0.0 0.0 0.0 0.0
10000 10000 1105 360 1e-10 0.0 0.0 0.0 0.0
