10000 10000 1355 1000 1e-22 0.298058869347 0.298058869347 0.298031492313 0.297816613502
10000 10000 1355 1000 1e-20 0.297918506893 0.297918506893 0.297891147342 0.297676376563
10000 10000 1355 1000 1e-19 0.296645730251 0.296645730251 0.296618529099 0.296404737844
10000 10000 1355 1000 2e-19 0.295238368005 0.295238368005 0.295211341747 0.294998633384
10000 10000 1355 1000 5e-19 0.291059062545 0.291059062545 0.291032554054 0.290823060154
10000 10000 1355 1000 7e-19 0.288308125048 0.288308125048 0.288281956052 0.288074576929
10000 10000 1355 1000 1e-18 0.28423385805 0.28423385805 0.284208189926 0.28400394129
10000 10000 1355 1000 2e-18 0.271092805847 0.271092805847 0.271068737168 0.270874572068
10000 10000 1355 1000 5e-18 0.235430813354 0.235430813354 0.235410954947 0.235244039789
10000 10000 1355 1000 7e-18 0.214472475654 0.214472475654 0.214454995881 0.214304005438
10000 10000 1355 1000 1e-17 0.186699159996 0.186699159996 0.186684711774 0.186554700931
10000 10000 1355 1000 2e-17 0.118751422001 0.118751422001 0.118743705798 0.118664210024
10000 10000 1355 1000 5e-17 0.0331484019041 0.0331484019041 0.0331471472031 0.0331279105765
10000 10000 1355 1000 7e-17 0.0149936218394 0.0149936218394 0.0149932301119 0.0149854396665
10000 10000 1355 1000 1e-16 0.0048796025181 0.0048796025181 0.00487953034405 0.00487740994518
10000 10000 1355 1000 1e-15 3.37245109961e-13 3.37245109961e-13 3.37245109961e-13 3.37244411591e-13
10000 10000 1355 1000 1e-14 1.06277118742e-81 1.06277118742e-81 1.06277118742e-81 1.06277118742e-81
10000 10000 1355 1000 1e-12 0.0 0.0 0.0 0.0
10000 10000 1355 1000 1e-10 0.0 0.0 0.0 0.0
