10000 10000 555 390 1e-22 0.456646544372 0.456552598561 0.455078711617 0.0
10000 10000 555 390 1e-20 0.456457207793 0.456363313114 0.454890065859 0.0
10000 10000 555 390 1e-19 0.454739818264 0.454646387111 0.453178941723 0.0
10000 10000 555 390 2e-19 0.452839722067 0.45274680318 0.451285775902 0.0
10000 10000 555 390 5e-19 0.447190282773 0.447098883391 0.445656932474 0.0
10000 10000 555 390 7e-19 0.443465960261 0.443375559641 0.441946179437 0.0
10000 10000 555 390 1e-18 0.437941633109 0.437852709596 0.436441968041 0.0
10000 10000 555 390 2e-18 0.420053211036 0.419969034134 0.418618582657 0.0
10000 10000 555 390 5e-18 0.370926023646 0.370854581074 0.369669164957 0.0
10000 10000 555 390 7e-18 0.341615344995 0.341551274135 0.340463907007 0.0
10000 10000 555 390 1e-17 0.302201174497 0.302146723856 0.301190645853 0.0
10000 10000 555 390 2e-17 0.202309273582 0.202277438499 0.201650515935 0.0
10000 10000 555 390 5e-17 0.0644572608003 0.06445058477 0.0642634640096 0.0
10000 10000 555 390 7e-17 0.0313619270391 0.0313594829804 0.0312724678676 0.0
10000 10000 555 390 1e-16 0.0111943652187 0.0111937968475 0.0111648258432 0.0
10000 10000 555 390 1e-15 1.216254615e-11 1.21625461497e-11 1.21616381271e-11 0.0
10000 10000 555 390 1e-14 2.70169208671e-60 2.70169208671e-60 2.70169208671e-60 0.0
10000 10000 555 390 1e-12 0.0 0.0 0.0 0.0
10000 10000 555 390 1e-10 0.0 0.0 0.0 0.0
