10000 10000 655 460 1e-22 0.440669557373 0.440634953988 0.439870682969 0.0
10000 10000 655 460 1e-20 0.440489250003 0.440454668301 0.439690736898 0.0
10000 10000 655 460 1e-19 0.438853726298 0.438819341081 0.438058489763 0.0
10000 10000 655 460 2e-19 0.437044133248 0.437009965014 0.436252520575 0.0
10000 10000 655 460 5e-19 0.431663329758 0.431629804143 0.430882483633 0.0
10000 10000 655 460 7e-19 0.428115727913 0.428082623856 0.427341972852 0.0
10000 10000 655 460 1e-18 0.422852976031 0.422820494212 0.422089729387 0.0
10000 10000 655 460 2e-18 0.405806867728 0.405776375303 0.405077566366 0.0
10000 10000 655 460 5e-18 0.358952817268 0.358927579993 0.358316057253 0.0
10000 10000 655 460 7e-18 0.330966928052 0.330944672463 0.330384865404 0.0
10000 10000 655 460 1e-17 0.293291152019 0.293272711275 0.292781967765 0.0
10000 10000 655 460 2e-17 0.197518866072 0.197508964854 0.19719025094 0.0
10000 10000 655 460 5e-17 0.0641213264109 0.0641197246319 0.064026986364 0.0
10000 10000 655 460 7e-17 0.0315955580296 0.0315950653551 0.0315525572265 0.0
10000 10000 655 460 1e-16 0.0114886077049 0.0114885194796 0.0114746277557 0.0
10000 10000 655 460 1e-15 7.7480593979e-12 7.7480593979e-12 7.74774200243e-12 0.0
10000 10000 655 460 1e-14 1.38145090257e-60 1.38145090257e-60 1.38145090257e-60 0.0
10000 10000 655 460 1e-12 0.0 0.0 0.0 0.0
10000 10000 655 460 1e-10 0.0 0.0 0.0 0.0
