10000 10000 1055 1000 1e-22 0.268624971855 0.268624971855 0.268595022552 0.26840259541
10000 10000 1055 1000 1e-20 0.268500678595 0.268500678595 0.268470747929 0.268278418154
10000 10000 1055 1000 1e-19 0.267373543677 0.267373543677 0.267343781888 0.267152334923
10000 10000 1055 1000 2e-19 0.266127075855 0.266127075855 0.266097500562 0.265907029549
10000 10000 1055 1000 5e-19 0.262424643423 0.262424643423 0.262395620444 0.262208046334
10000 10000 1055 1000 7e-19 0.259986841566 0.259986841566 0.2599581809 0.259772512547
10000 10000 1055 1000 1e-18 0.256375230911 0.256375230911 0.256347105027 0.256164257598
10000 10000 1055 1000 2e-18 0.244717222076 0.244717222076 0.244690805931 0.244517043641
10000 10000 1055 1000 5e-18 0.213005828054 0.213005828054 0.212983928425 0.212834706982
10000 10000 1055 1000 7e-18 0.194315449988 0.194315449988 0.194296113475 0.194161224754
10000 10000 1055 1000 1e-17 0.169480995477 0.169480995477 0.169464939681 0.169348920904
10000 10000 1055 1000 2e-17 0.108358827081 0.108358827081 0.108350129887 0.108279464485
10000 10000 1055 1000 5e-17 0.0304179712371 0.0304179712371 0.030416507276 0.0303996174944
10000 10000 1055 1000 7e-17 0.0137295559245 0.0137295559245 0.0137290904512 0.0137223016709
10000 10000 1055 1000 1e-16 0.00443267199432 0.00443267199432 0.00443258414543 0.00443075135541
10000 10000 1055 1000 1e-15 7.28446148949e-13 7.28446148949e-13 7.28446148949e-13 7.28445353428e-13
10000 10000 1055 1000 1e-14 1.90287065464e-80 1.90287065464e-80 1.90287065464e-80 1.90287065464e-80
10000 10000 1055 1000 1e-12 0.0 0.0 0.0 0.0
10000 10000 1055 1000 1e-10 0.0 0.0 0.0 0.0
