10000 10000 1355 1250 1e-22 0.192474898942 0.192474898942 0.192474443173 0.192386728014
10000 10000 1355 1250 1e-20 0.192378764247 0.192378764247 0.192378308746 0.192290646199
10000 10000 1355 1250 1e-19 0.191507150237 0.191507150237 0.191506697166 0.19141951142
10000 10000 1355 1250 2e-19 0.190543611836 0.190543611836 0.190543161451 0.190456502355
10000 10000 1355 1250 5e-19 0.187683794511 0.187683794511 0.187683352087 0.187598253394
10000 10000 1355 1250 7e-19 0.185802625687 0.185802625687 0.185802188491 0.185718113983
10000 10000 1355 1250 1e-18 0.183018366524 0.183018366524 0.183017937055 0.182935375103
10000 10000 1355 1250 2e-18 0.174053431805 0.174053431805 0.174053027122 0.173975307887
10000 10000 1355 1250 5e-18 0.149851405691 0.149851405691 0.149851067108 0.149786196073
10000 10000 1355 1250 7e-18 0.135723659895 0.135723659895 0.135723359265 0.135665820043
10000 10000 1355 1250 1e-17 0.117126637637 0.117126637637 0.11712638611 0.117078281889
10000 10000 1355 1250 2e-17 0.0723806751308 0.0723806751308 0.0723805363212 0.0723538696581
10000 10000 1355 1250 5e-17 0.0185845859971 0.0185845859971 0.0185845626662 0.0185797128417
10000 10000 1355 1250 7e-17 0.00798360597961 0.00798360597961 0.00798359887387 0.0079819570165
10000 10000 1355 1250 1e-16 0.00242267028684 0.00242267028684 0.0024226690925 0.00242232130724
10000 10000 1355 1250 1e-15 4.36730317315e-14 4.36730317315e-14 4.36730317315e-14 4.36730317166e-14
10000 10000 1355 1250 1e-14 1.37664781384e-98 1.37664781384e-98 1.37664781384e-98 1.37664781384e-98
10000 10000 1355 1250 1e-12 0.0 0.0 0.0 0.0
10000 10000 1355 1250 1e-10 0.0 0.0 0.0 0.0
