10000 10000 455 150 1e-22 0.190488757742 0.0 0.0 0.0
10000 10000 455 150 1e-20 0.190423927736 0.0 0.0 0.0
10000 10000 455 150 1e-19 0.189835645807 0.0 0.0 0.0
10000 10000 455 150 2e-19 0.1891842792 0.0 0.0 0.0
10000 10000 455 150 5e-19 0.18724448649 0.0 0.0 0.0
10000 10000 455 150 7e-19 0.185963119972 0.0 0.0 0.0
10000 10000 455 150 1e-18 0.184058626983 0.0 0.0 0.0
10000 10000 455 150 2e-18 0.177859508354 0.0 0.0 0.0
10000 10000 455 150 5e-18 0.160564410977 0.0 0.0 0.0
10000 10000 455 150 7e-18 0.150038053337 0.0 0.0 0.0
10000 10000 455 150 1e-17 0.135605714829 0.0 0.0 0.0
10000 10000 455 150 2e-17 0.0972526504737 0.0 0.0 0.0
10000 10000 455 150 5e-17 0.0372249610493 0.0 0.0 0.0
10000 10000 455 150 7e-17 0.0201188271824 0.0 0.0 0.0
10000 10000 455 150 1e-16 0.00822690483002 0.0 0.0 0.0
10000 10000 455 150 1e-15 1.12970821347e-09 0.0 0.0 0.0
10000 10000 455 150 1e-14 6.94950959375e-39 0.0 0.0 0.0
10000 10000 455 150 1e-12 0.0 0.0 0.0 0.0
10000 10000 455 150 1e-10 0.0 0.0 0.0 0.0
