10000 10000 1155 400 1e-22 0.295319169083 0.295303454225 0.294714142995 0.0
10000 10000 1155 400 1e-20 0.295216368959 0.295200662246 0.294611576028 0.0
10000 10000 1155 400 1e-19 0.294283567997 0.294267935129 0.293680890327 0.0
10000 10000 1155 400 2e-19 0.293250801546 0.293235250315 0.292650464992 0.0
10000 10000 1155 400 5e-19 0.290175587024 0.290160278122 0.289582216302 0.0
10000 10000 1155 400 7e-19 0.288144528072 0.288129378595 0.287555753721 0.0
10000 10000 1155 400 1e-18 0.285126262088 0.2851113486 0.28454431184 0.0
10000 10000 1155 400 2e-18 0.275305996328 0.275291842911 0.274746195598 0.0
10000 10000 1155 400 5e-18 0.247944185427 0.247932085012 0.247445647172 0.0
10000 10000 1155 400 7e-18 0.231319261024 0.231308359102 0.230857599118 0.0
10000 10000 1155 400 1e-17 0.208564567354 0.208555241869 0.208152915788 0.0
10000 10000 1155 400 2e-17 0.14836484594 0.148359292787 0.148082505332 0.0
10000 10000 1155 400 5e-17 0.0554185723479 0.0554173762607 0.0553235624134 0.0
10000 10000 1155 400 7e-17 0.0294895248633 0.0294890882686 0.0294421719236 0.0
10000 10000 1155 400 1e-16 0.0118045636185 0.0118044651527 0.0117872897412 0.0
10000 10000 1155 400 1e-15 3.68976964705e-11 3.68976964705e-11 3.68958586211e-11 0.0
10000 10000 1155 400 1e-14 1.27074723284e-58 1.27074723284e-58 1.27074723284e-58 0.0
10000 10000 1155 400 1e-12 0.0 0.0 0.0 0.0
10000 10000 1155 400 1e-10 0.0 0.0 0.0 0.0
