10000 10000 755 360 1e-22 0.433022283144 0.432940732038 0.431381710728 0.0
10000 10000 755 360 1e-20 0.432859397095 0.432777887956 0.431219467697 0.0
10000 10000 755 360 1e-19 0.431381619888 0.431300491249 0.429747523846 0.0
10000 10000 755 360 2e-19 0.429745977152 0.429665269152 0.428118336777 0.0
10000 10000 755 360 5e-19 0.424878756562 0.424799297079 0.423270321172 0.0
10000 10000 755 360 7e-19 0.421666745476 0.421588107293 0.420070979598 0.0
10000 10000 755 360 1e-18 0.416897364711 0.416819942154 0.415320404765 0.0
10000 10000 755 360 2e-18 0.401411899137 0.401338390989 0.399895944528 0.0
10000 10000 755 360 5e-18 0.358535749998 0.358472808854 0.357188242998 0.0
10000 10000 755 360 7e-18 0.332689455159 0.332632679367 0.331443131868 0.0
10000 10000 755 360 1e-17 0.297583316844 0.297534648197 0.296473943944 0.0
10000 10000 755 360 2e-17 0.206411138626 0.20638187674 0.205654258479 0.0
10000 10000 755 360 5e-17 0.0722356427549 0.0722289966091 0.0719840273119 0.0
10000 10000 755 360 7e-17 0.0370697825317 0.0370672184682 0.0369451749799 0.0
10000 10000 755 360 1e-16 0.0141664405907 0.0141657940609 0.0141213918081 0.0
10000 10000 755 360 1e-15 2.65616931538e-11 2.65616931437e-11 2.65603895723e-11 0.0
10000 10000 755 360 1e-14 5.60145881311e-58 5.60145881311e-58 5.60145881311e-58 0.0
10000 10000 755 360 1e-12 0.0 0.0 0.0 0.0
10000 10000 755 360 1e-10 0.0 0.0 0.0 0.0
