10000 10000 1255 750 1e-22 0.44790679546 0.447906544003 0.447768358072 0.447168774256
10000 10000 1255 750 1e-20 0.447712060883 0.447711809581 0.447573697953 0.446974384767
10000 10000 1255 750 1e-19 0.445945899677 0.445945649781 0.445808211763 0.445211352937
10000 10000 1255 750 2e-19 0.443992245582 0.443991997239 0.443855303732 0.443261159522
10000 10000 1255 750 5e-19 0.438186079162 0.438185835421 0.438051350763 0.437465272412
10000 10000 1255 750 7e-19 0.434360509879 0.434360269159 0.434227236728 0.433646471283
10000 10000 1255 750 1e-18 0.428689069444 0.428688833184 0.428557949046 0.427985057757
10000 10000 1255 750 2e-18 0.410349918987 0.410349697008 0.410225720696 0.40967827206
10000 10000 1255 750 5e-18 0.360197886182 0.360197702072 0.360092292796 0.359614258742
10000 10000 1255 750 7e-18 0.330436417854 0.330436255328 0.330341618626 0.329904649079
10000 10000 1255 750 1e-17 0.2906256885 0.2906255537 0.290545004468 0.290162790255
10000 10000 1255 750 2e-17 0.191010558398 0.191010486136 0.190963200856 0.190716835615
10000 10000 1255 750 5e-17 0.0580605987063 0.058060587574 0.0580506142516 0.0579805555764
10000 10000 1255 750 7e-17 0.0275472932059 0.0275472900068 0.0275436348448 0.0275119788608
10000 10000 1255 750 1e-16 0.0095331655698 0.00953316507696 0.0095323144848 0.00952215522419
10000 10000 1255 750 1e-15 1.73641887573e-12 1.73641887573e-12 1.73641887507e-12 1.73625156048e-12
10000 10000 1255 750 1e-14 2.71532305998e-74 2.71532305998e-74 2.71532305998e-74 2.71532305998e-74
10000 10000 1255 750 1e-12 0.0 0.0 0.0 0.0
10000 10000 1255 750 1e-10 0.0 0.0 0.0 0.0
