10000 10000 2955 2550 1e-22 0.00330476587262 0.00330476587262 0.00330476587262 0.00330476587262
10000 10000 2955 2550 1e-20 0.00330270702075 0.00330270702075 0.00330270702075 0.00330270702075
10000 10000 2955 2550 1e-19 0.00328405025769 0.00328405025769 0.00328405025769 0.00328405025769
10000 10000 2955 2550 2e-19 0.00326344691169 0.00326344691169 0.00326344691169 0.00326344691169
10000 10000 2955 2550 5e-19 0.0032024266073 0.0032024266073 0.0032024266073 0.0032024266073
10000 10000 2955 2550 7e-19 0.00316239591827 0.00316239591827 0.00316239591827 0.00316239591827
10000 10000 2955 2550 1e-18 0.00310330721839 0.00310330721839 0.00310330721839 0.00310330721839
10000 10000 2955 2550 2e-18 0.00291437471071 0.00291437471071 0.00291437471071 0.00291437471071
10000 10000 2955 2550 5e-18 0.002415137746 0.002415137746 0.002415137746 0.002415137746
10000 10000 2955 2550 7e-18 0.00213173937479 0.00213173937479 0.00213173937479 0.00213173937479
10000 10000 2955 2550 1e-17 0.00176893584385 0.00176893584385 0.00176893584385 0.00176893584385
10000 10000 2955 2550 2e-17 0.000955241123787 0.000955241123787 0.000955241123787 0.000955241123787
10000 10000 2955 2550 5e-17 0.000158161148352 0.000158161148352 0.000158161148352 0.000158161148352
10000 10000 2955 2550 7e-17 4.95714218638e-05 4.95714218638e-05 4.95714218638e-05 4.95714218638e-05
10000 10000 2955 2550 1e-16 9.15739294559e-06 9.15739294559e-06 9.15739294559e-06 9.15739294559e-06
10000 10000 2955 2550 1e-15 3.52248504049e-24 3.52248504049e-24 3.52248504049e-24 3.52248504049e-24
10000 10000 2955 2550 1e-14 1.89074399862e-195 1.89074399862e-195 1.89074399862e-195 1.89074399862e-195
10000 10000 2955 2550 1e-12 0.0 0.0 0.0 0.0
10000 10000 2955 2550 1e-10 0.0 0.0 0.0 0.0
