10000 10000 1355 400 1e-22 0.188473267866 0.18846620965 0.188157735447 0.0
10000 10000 1355 400 1e-20 0.188411357406 0.188404302603 0.188095938959 0.0
10000 10000 1355 400 1e-19 0.187849521794 0.187842497935 0.18753513746 0.0
10000 10000 1355 400 2e-19 0.187227340022 0.187220350383 0.186914100512 0.0
10000 10000 1355 400 5e-19 0.185373851559 0.185366963569 0.185064020231 0.0
10000 10000 1355 400 7e-19 0.184148992118 0.184142171056 0.183841411179 0.0
10000 10000 1355 400 1e-18 0.182327741361 0.182321019456 0.182023503761 0.0
10000 10000 1355 400 2e-18 0.176393337238 0.176386935393 0.17609997024 0.0
10000 10000 1355 400 5e-18 0.159784515216 0.159778983663 0.159521373428 0.0
10000 10000 1355 400 7e-18 0.149636305379 0.149631286257 0.149391478593 0.0
10000 10000 1355 400 1e-17 0.135670589365 0.135666249992 0.135450761756 0.0
10000 10000 1355 400 2e-17 0.0982327670325 0.0982300887459 0.0980786042756 0.0
10000 10000 1355 400 5e-17 0.0384199889767 0.0384193449405 0.0383649677296 0.0
10000 10000 1355 400 7e-17 0.0209847422394 0.0209844887704 0.0209563788787 0.0
10000 10000 1355 400 1e-16 0.00869452163343 0.00869445753862 0.00868370589776 0.0
10000 10000 1355 400 1e-15 4.57520995624e-11 4.57520995624e-11 4.57510055418e-11 0.0
10000 10000 1355 400 1e-14 7.64253985976e-58 7.64253985976e-58 7.64253985976e-58 0.0
10000 10000 1355 400 1e-12 0.0 0.0 0.0 0.0
10000 10000 1355 400 1e-10 0.0 0.0 0.0 0.0
