10000 10000 1405 420 1e-22 0.203983160419 0.203976007148 0.203681951405 0.0
10000 10000 1405 420 1e-20 0.203912666545 0.203905517099 0.203611573922 0.0
10000 10000 1405 420 1e-19 0.203273011479 0.203265896714 0.202972974783 0.0
10000 10000 1405 420 2e-19 0.202564809158 0.202557732728 0.202265941146 0.0
10000 10000 1405 420 5e-19 0.200456047948 0.200449085277 0.200160657331 0.0
10000 10000 1405 420 7e-19 0.199063305636 0.199056417777 0.198770209609 0.0
10000 10000 1405 420 1e-18 0.196993629392 0.196986852234 0.196703940148 0.0
10000 10000 1405 420 2e-18 0.190259810048 0.190253389087 0.189981179006 0.0
10000 10000 1405 420 5e-18 0.171497803044 0.171492341357 0.171249761393 0.0
10000 10000 1405 420 7e-18 0.160097452335 0.160092548512 0.159867825966 0.0
10000 10000 1405 420 1e-17 0.14449151498 0.144487342161 0.144286864489 0.0
10000 10000 1405 420 2e-17 0.103175477225 0.103173037016 0.10303540213 0.0
10000 10000 1405 420 5e-17 0.039113019721 0.0391125255447 0.0390663127545 0.0
10000 10000 1405 420 7e-17 0.0210597914948 0.0210596195886 0.0210366874879 0.0
10000 10000 1405 420 1e-16 0.0085952375931 0.00859520195301 0.00858690741732 0.0
10000 10000 1405 420 1e-15 3.70016991702e-11 3.70016991702e-11 3.7001205817e-11 0.0
10000 10000 1405 420 1e-14 1.66485758004e-57 1.66485758004e-57 1.66485758004e-57 0.0
10000 10000 1405 420 1e-12 0.0 0.0 0.0 0.0
10000 10000 1405 420 1e-10 0.0 0.0 0.0 0.0
