10000 10000 1055 290 1e-22 0.158844177082 0.158789424775 0.0 0.0
10000 10000 1055 290 1e-20 0.158792594911 0.158737866672 0.0 0.0
10000 10000 1055 290 1e-19 0.158324480509 0.158269970562 0.0 0.0
10000 10000 1055 290 2e-19 0.1578060702 0.157751801736 0.0 0.0
10000 10000 1055 290 5e-19 0.156261616552 0.156208065871 0.0 0.0
10000 10000 1055 290 7e-19 0.155240895272 0.155187817612 0.0 0.0
10000 10000 1055 290 1e-18 0.15372305312 0.153670676844 0.0 0.0
10000 10000 1055 290 2e-18 0.148776217782 0.148726110545 0.0 0.0
10000 10000 1055 290 5e-18 0.134922147387 0.134878253377 0.0 0.0
10000 10000 1055 290 7e-18 0.126449885984 0.126409684516 0.0 0.0
10000 10000 1055 290 1e-17 0.114780550762 0.114745294538 0.0 0.0
10000 10000 1055 290 2e-17 0.0834293276078 0.0834064651623 0.0 0.0
10000 10000 1055 290 5e-17 0.0330068357243 0.0330003922733 0.0 0.0
10000 10000 1055 290 7e-17 0.0181587557643 0.0181559253205 0.0 0.0
10000 10000 1055 290 1e-16 0.00759711230525 0.00759626657736 0.0 0.0
10000 10000 1055 290 1e-15 1.12507912967e-10 1.12507912909e-10 0.0 0.0
10000 10000 1055 290 1e-14 4.13666908148e-57 4.13666908148e-57 0.0 0.0
10000 10000 1055 290 1e-12 0.0 0.0 0.0 0.0
10000 10000 1055 290 1e-10 0.0 0.0 0.0 0.0
