10000 10000 1305 220 1e-22 0.015972287346 0.0159467547275 0.0 0.0
10000 10000 1305 220 1e-20 0.0159675595356 0.0159420349871 0.0 0.0
10000 10000 1305 220 1e-19 0.0159246462751 0.015899194972 0.0 0.0
10000 10000 1305 220 2e-19 0.0158771058037 0.0158517356353 0.0 0.0
10000 10000 1305 220 5e-19 0.0157353697595 0.0157102414299 0.0 0.0
10000 10000 1305 220 7e-19 0.0156416120943 0.0156166436947 0.0 0.0
10000 10000 1305 220 1e-18 0.0155020656607 0.0154773352292 0.0 0.0
10000 10000 1305 220 2e-18 0.0150462063483 0.0150222527137 0.0 0.0
10000 10000 1305 220 5e-18 0.0137605659953 0.0137387979664 0.0 0.0
10000 10000 1305 220 7e-18 0.0129674892682 0.0129470652513 0.0 0.0
10000 10000 1305 220 1e-17 0.0118659907613 0.0118474272836 0.0 0.0
10000 10000 1305 220 2e-17 0.00884717994724 0.00883366899874 0.0 0.0
10000 10000 1305 220 5e-17 0.00374199771909 0.00373675687846 0.0 0.0
10000 10000 1305 220 7e-17 0.00214198891301 0.00213918820915 0.0 0.0
10000 10000 1305 220 1e-16 0.000948227717499 0.000947126444128 0.0 0.0
10000 10000 1305 220 1e-15 8.06308306985e-11 8.0630817697e-11 0.0 0.0
10000 10000 1305 220 1e-14 1.07292500144e-53 1.07292500144e-53 0.0 0.0
10000 10000 1305 220 1e-12 0.0 0.0 0.0 0.0
10000 10000 1305 220 1e-10 0.0 0.0 0.0 0.0
