10000 10000 1055 600 1e-22 0.451484414642 0.451481129287 0.451138003603 0.450060607874
10000 10000 1055 600 1e-20 0.45129463974 0.451291356553 0.450948400923 0.449871462039
10000 10000 1055 600 1e-19 0.449573336979 0.449570073442 0.449228659731 0.448155864539
10000 10000 1055 600 2e-19 0.447669042926 0.447665801082 0.447326092143 0.446257881181
10000 10000 1055 600 5e-19 0.442007944017 0.442004766392 0.441670118735 0.440615535937
10000 10000 1055 600 7e-19 0.438276612078 0.438273476555 0.437942159368 0.43689655924
10000 10000 1055 600 1e-18 0.43274288747 0.432739814057 0.432413427938 0.431381149631
10000 10000 1055 600 2e-18 0.414832366707 0.414829491562 0.414518997075 0.413529837279
10000 10000 1055 600 5e-18 0.36571308034 0.365710726406 0.365443244441 0.364572339022
10000 10000 1055 600 7e-18 0.336458211658 0.336456151509 0.336213854403 0.335413376196
10000 10000 1055 600 1e-17 0.297184654629 0.297182967772 0.296973910452 0.296267962898
10000 10000 1055 600 2e-17 0.198038286213 0.198037419508 0.197908738021 0.197441217121
10000 10000 1055 600 5e-17 0.0624833358819 0.0624832178317 0.0624514413787 0.0623078423509
10000 10000 1055 600 7e-17 0.0302836359918 0.0302836046312 0.0302705419953 0.0302025263269
10000 10000 1055 600 1e-16 0.010772610561 0.0107726062444 0.0107689606193 0.0107456924821
10000 10000 1055 600 1e-15 8.55122455994e-12 8.55122455994e-12 8.55122169349e-12 8.54992280261e-12
10000 10000 1055 600 1e-14 2.39771455125e-61 2.39771455125e-61 2.39771455125e-61 2.39771455125e-61
10000 10000 1055 600 1e-12 0.0 0.0 0.0 0.0
10000 10000 1055 600 1e-10 0.0 0.0 0.0 0.0
