10000 10000 1155 50 1e-22 5.77295267433e-06 0.0 0.0 0.0
10000 10000 1155 50 1e-20 5.77279767506e-06 0.0 0.0 0.0
10000 10000 1155 50 1e-19 5.77138878359e-06 0.0 0.0 0.0
10000 10000 1155 50 2e-19 5.76982375593e-06 0.0 0.0 0.0
10000 10000 1155 50 5e-19 5.76513124432e-06 0.0 0.0 0.0
10000 10000 1155 50 7e-19 5.76200504486e-06 0.0 0.0 0.0
10000 10000 1155 50 1e-18 5.75731895573e-06 0.0 0.0 0.0
10000 10000 1155 50 2e-18 5.74172644064e-06 0.0 0.0 0.0
10000 10000 1155 50 5e-18 5.69520432992e-06 0.0 0.0 0.0
10000 10000 1155 50 7e-18 5.6644012769e-06 0.0 0.0 0.0
10000 10000 1155 50 1e-17 5.61851189388e-06 0.0 0.0 0.0
10000 10000 1155 50 2e-17 5.4682415229e-06 0.0 0.0 0.0
10000 10000 1155 50 5e-17 5.04133945739e-06 0.0 0.0 0.0
10000 10000 1155 50 7e-17 4.77559290137e-06 0.0 0.0 0.0
10000 10000 1155 50 1e-16 4.40324637791e-06 0.0 0.0 0.0
10000 10000 1155 50 1e-15 3.96744577066e-07 0.0 0.0 0.0
10000 10000 1155 50 1e-14 7.91892368421e-17 0.0 0.0 0.0
10000 10000 1155 50 1e-12 0.0 0.0 0.0 0.0
10000 10000 1155 50 1e-10 0.0 0.0 0.0 0.0
