10000 10000 1055 430 1e-22 0.375451255037 0.375434807251 0.374848556544 0.0
10000 10000 1055 430 1e-20 0.375312806279 0.375296367798 0.374710351719 0.0
10000 10000 1055 430 1e-19 0.374056688729 0.374040334598 0.373456446935 0.0
10000 10000 1055 430 2e-19 0.372666286392 0.372650025464 0.372068493106 0.0
10000 10000 1055 430 5e-19 0.368528218118 0.368512233564 0.367937706915 0.0
10000 10000 1055 430 7e-19 0.365796885857 0.365781082887 0.365211176995 0.0
10000 10000 1055 430 1e-18 0.361740490824 0.361724956294 0.361161907859 0.0
10000 10000 1055 430 2e-18 0.34856364368 0.348548970839 0.348008156326 0.0
10000 10000 1055 430 5e-18 0.312026095122 0.312013726271 0.311534209003 0.0
10000 10000 1055 430 7e-18 0.289959713748 0.289948672687 0.289505902746 0.0
10000 10000 1055 430 1e-17 0.259932806774 0.259923490587 0.259530359927 0.0
10000 10000 1055 430 2e-17 0.181598170353 0.181592860593 0.181326865154 0.0
10000 10000 1055 430 5e-17 0.064882579016 0.0648815609276 0.0647952244835 0.0
10000 10000 1055 430 7e-17 0.0337490733765 0.0337487256946 0.0337065698273 0.0
10000 10000 1055 430 1e-16 0.0131646723829 0.0131646004933 0.0131496136421 0.0
10000 10000 1055 430 1e-15 2.10360277377e-11 2.10360277377e-11 2.10349651054e-11 0.0
10000 10000 1055 430 1e-14 1.97486575211e-58 1.97486575211e-58 1.97486575211e-58 0.0
10000 10000 1055 430 1e-12 0.0 0.0 0.0 0.0
10000 10000 1055 430 1e-10 0.0 0.0 0.0 0.0
