10000 10000 1155 300 1e-22 0.126279786697 0.126261308566 0.0 0.0
10000 10000 1155 300 1e-20 0.126239224677 0.126220754399 0.0 0.0
10000 10000 1155 300 1e-19 0.125871109214 0.125852710164 0.0 0.0
10000 10000 1155 300 2e-19 0.125463420509 0.12544510027 0.0 0.0
10000 10000 1155 300 5e-19 0.124248695242 0.124230609355 0.0 0.0
10000 10000 1155 300 7e-19 0.123445778909 0.123427847538 0.0 0.0
10000 10000 1155 300 1e-18 0.122251655645 0.122233953505 0.0 0.0
10000 10000 1155 300 2e-18 0.11835849915 0.118341539545 0.0 0.0
10000 10000 1155 300 5e-18 0.107444150755 0.107429232109 0.0 0.0
10000 10000 1155 300 7e-18 0.100761375083 0.100747674972 0.0 0.0
10000 10000 1155 300 1e-17 0.0915463222335 0.0915342609691 0.0 0.0
10000 10000 1155 300 2e-17 0.0667263009652 0.0667183858174 0.0 0.0
10000 10000 1155 300 5e-17 0.0265908488849 0.0265885433088 0.0 0.0
10000 10000 1155 300 7e-17 0.0147023908851 0.0147013541246 0.0 0.0
10000 10000 1155 300 1e-16 0.00620576509518 0.00620544286731 0.0 0.0
10000 10000 1155 300 1e-15 1.02606645976e-10 1.02606645954e-10 0.0 0.0
10000 10000 1155 300 1e-14 1.30437117311e-57 1.30437117311e-57 0.0 0.0
10000 10000 1155 300 1e-12 0.0 0.0 0.0 0.0
10000 10000 1155 300 1e-10 0.0 0.0 0.0 0.0
