10000 10000 2955 2400 1e-22 0.00394177543965 0.00394177543965 0.00394177543965 0.00394177543965
10000 10000 2955 2400 1e-20 0.00393945897663 0.00393945897663 0.00393945897663 0.00393945897663
10000 10000 2955 2400 1e-19 0.00391846387692 0.00391846387692 0.00391846387692 0.00391846387692
10000 10000 2955 2400 2e-19 0.00389526995244 0.00389526995244 0.00389526995244 0.00389526995244
10000 10000 2955 2400 5e-19 0.00382652577125 0.00382652577125 0.00382652577125 0.00382652577125
10000 10000 2955 2400 7e-19 0.00378138573417 0.00378138573417 0.00378138573417 0.00378138573417
10000 10000 2955 2400 1e-18 0.00371469289262 0.00371469289262 0.00371469289262 0.00371469289262
10000 10000 2955 2400 2e-18 0.00350093212294 0.00350093212294 0.00350093212294 0.00350093212294
10000 10000 2955 2400 5e-18 0.00293196841433 0.00293196841433 0.00293196841433 0.00293196841433
10000 10000 2955 2400 7e-18 0.00260597400129 0.00260597400129 0.00260597400129 0.00260597400129
10000 10000 2955 2400 1e-17 0.00218486935999 0.00218486935999 0.00218486935999 0.00218486935999
10000 10000 2955 2400 2e-17 0.00121990462587 0.00121990462587 0.00121990462587 0.00121990462587
10000 10000 2955 2400 5e-17 0.000221418287334 0.000221418287334 0.000221418287334 0.000221418287334
10000 10000 2955 2400 7e-17 7.33388080397e-05 7.33388080397e-05 7.33388080397e-05 7.33388080397e-05
10000 10000 2955 2400 1e-16 1.46120644558e-05 1.46120644558e-05 1.46120644558e-05 1.46120644558e-05
10000 10000 2955 2400 1e-15 1.58183632628e-22 1.58183632628e-22 1.58183632628e-22 1.58183632628e-22
10000 10000 2955 2400 1e-14 5.62106163421e-178 5.62106163421e-178 5.62106163421e-178 5.62106163421e-178
10000 10000 2955 2400 1e-12 0.0 0.0 0.0 0.0
10000 10000 2955 2400 1e-10 0.0 0.0 0.0 0.0
