10000 10000 1455 440 1e-22 0.211792392991 0.211788084844 0.211524768501 0.0
10000 10000 1455 440 1e-20 0.211721772657 0.211717466794 0.211454247144 0.0
10000 10000 1455 440 1e-19 0.211080919615 0.211076634465 0.210814292121 0.0
10000 10000 1455 440 2e-19 0.210371284655 0.2103670224 0.210105651231 0.0
10000 10000 1455 440 5e-19 0.208257593081 0.208253398765 0.207994918471 0.0
10000 10000 1455 440 7e-19 0.206861045853 0.206856896215 0.20660032445 0.0
10000 10000 1455 440 1e-18 0.204784903013 0.204780819486 0.20452708274 0.0
10000 10000 1455 440 2e-18 0.1980232289 0.198019358095 0.197774835589 0.0
10000 10000 1455 440 5e-18 0.179126393288 0.179123095392 0.178904161976 0.0
10000 10000 1455 440 7e-18 0.167600635709 0.167597671051 0.167394219588 0.0
10000 10000 1455 440 1e-17 0.151765655441 0.151763127603 0.151580776157 0.0
10000 10000 1455 440 2e-17 0.109479334827 0.109477844037 0.10935070398 0.0
10000 10000 1455 440 5e-17 0.0424923509548 0.0424920364115 0.0424473735171 0.0
10000 10000 1455 440 7e-17 0.0231282642548 0.0231281503068 0.0231053386762 0.0
10000 10000 1455 440 1e-16 0.00953793244543 0.00953790681697 0.00952931627546 0.0
10000 10000 1455 440 1e-15 2.70887617481e-11 2.70887617481e-11 2.70883655263e-11 0.0
10000 10000 1455 440 1e-14 5.02515517657e-59 5.02515517657e-59 5.02515517657e-59 0.0
10000 10000 1455 440 1e-12 0.0 0.0 0.0 0.0
10000 10000 1455 440 1e-10 0.0 0.0 0.0 0.0
