10000 10000 655 290 1e-22 0.387183036121 0.386964758794 0.0 0.0
10000 10000 655 290 1e-20 0.387039123469 0.386820951579 0.0 0.0
10000 10000 655 290 1e-19 0.385733457361 0.385516241548 0.0 0.0
10000 10000 655 290 2e-19 0.384288260521 0.384072101881 0.0 0.0
10000 10000 655 290 5e-19 0.379987433527 0.379774414263 0.0 0.0
10000 10000 655 290 7e-19 0.377148935449 0.376937982598 0.0 0.0
10000 10000 655 290 1e-18 0.372933774021 0.372725881594 0.0 0.0
10000 10000 655 290 2e-18 0.359244446858 0.359046424989 0.0 0.0
10000 10000 655 290 5e-18 0.321313043585 0.321141799807 0.0 0.0
10000 10000 655 290 7e-18 0.29842535925 0.298269841559 0.0 0.0
10000 10000 655 290 1e-17 0.267307577476 0.26717287658 0.0 0.0
10000 10000 655 290 2e-17 0.186291087947 0.186207090626 0.0 0.0
10000 10000 655 290 5e-17 0.0661573813641 0.066135783317 0.0 0.0
10000 10000 655 290 7e-17 0.0342860652893 0.0342769388365 0.0 0.0
10000 10000 655 290 1e-16 0.0132919973156 0.0132893471187 0.0 0.0
10000 10000 655 290 1e-15 5.76337208586e-11 5.7633719578e-11 0.0 0.0
10000 10000 655 290 1e-14 2.63165684789e-57 2.63165684789e-57 0.0 0.0
10000 10000 655 290 1e-12 0.0 0.0 0.0 0.0
10000 10000 655 290 1e-10 0.0 0.0 0.0 0.0
