10000 10000 2955 1200 1e-22 0.208335087625 0.208335087625 0.208334096912 0.208285056109
10000 10000 2955 1200 1e-20 0.208251868175 0.208251868175 0.208250878107 0.208201860807
10000 10000 2955 1200 1e-19 0.207496956916 0.207496956916 0.207495972703 0.207447168526
10000 10000 2955 1200 2e-19 0.206661598902 0.206661598902 0.206660621153 0.206612052657
10000 10000 2955 1200 5e-19 0.204177039395 0.204177039395 0.204176080785 0.204128212293
10000 10000 2955 1200 7e-19 0.202538430268 0.202538430268 0.202537484208 0.202490076581
10000 10000 2955 1200 1e-18 0.200106836241 0.200106836241 0.200105908698 0.200059183781
10000 10000 2955 1200 2e-18 0.192224442692 0.192224442692 0.192223574293 0.192179052548
10000 10000 2955 1200 5e-18 0.170505121022 0.170505121022 0.170504408351 0.170465873873
10000 10000 2955 1200 7e-18 0.157492245057 0.157492245057 0.157491620343 0.157456609377
10000 10000 2955 1200 1e-17 0.139922070291 0.139922070291 0.139921557563 0.139891219617
10000 10000 2955 1200 2e-17 0.0949470008269 0.0949470008269 0.0949467353271 0.0949278253987
10000 10000 2955 1200 5e-17 0.0312586092264 0.0312586092264 0.0312585722391 0.0312538040874
10000 10000 2955 1200 7e-17 0.0154449113009 0.0154449113009 0.0154449013329 0.0154429418116
10000 10000 2955 1200 1e-16 0.00559124519524 0.00559124519524 0.00559124379472 0.00559070854266
10000 10000 2955 1200 1e-15 2.87209265372e-13 2.87209265372e-13 2.87209265372e-13 2.8720926318e-13
10000 10000 2955 1200 1e-14 1.05693582903e-91 1.05693582903e-91 1.05693582903e-91 1.05693582903e-91
10000 10000 2955 1200 1e-12 0.0 0.0 0.0 0.0
10000 10000 2955 1200 1e-10 0.0 0.0 0.0 0.0
