10000 10000 855 150 1e-22 0.030541809786 0.0 0.0 0.0
10000 10000 855 150 1e-20 0.0305323451703 0.0 0.0 0.0
10000 10000 855 150 1e-19 0.0304464430927 0.0 0.0 0.0
10000 10000 855 150 2e-19 0.0303512912778 0.0 0.0 0.0
10000 10000 855 150 5e-19 0.0300676883318 0.0 0.0 0.0
10000 10000 855 150 7e-19 0.0298801530353 0.0 0.0 0.0
10000 10000 855 150 1e-18 0.0296011294266 0.0 0.0 0.0
10000 10000 855 150 2e-18 0.0286904744171 0.0 0.0 0.0
10000 10000 855 150 5e-18 0.0261293935058 0.0 0.0 0.0
10000 10000 855 150 7e-18 0.0245551503759 0.0 0.0 0.0
10000 10000 855 150 1e-17 0.022376377011 0.0 0.0 0.0
10000 10000 855 150 2e-17 0.0164575892623 0.0 0.0 0.0
10000 10000 855 150 5e-17 0.00669348696031 0.0 0.0 0.0
10000 10000 855 150 7e-17 0.00373760131993 0.0 0.0 0.0
10000 10000 855 150 1e-16 0.00159615692472 0.0 0.0 0.0
10000 10000 855 150 1e-15 9.81169193437e-10 0.0 0.0 0.0
10000 10000 855 150 1e-14 5.68351609948e-40 0.0 0.0 0.0
10000 10000 855 150 1e-12 0.0 0.0 0.0 0.0
10000 10000 855 150 1e-10 0.0 0.0 0.0 0.0
