10000 10000 855 550 1e-22 0.445923819267 0.445918277475 0.445472982475 0.444060259242
10000 10000 855 550 1e-20 0.445737293758 0.445731755725 0.445286669516 0.443874546517
10000 10000 855 550 1e-19 0.444045453025 0.444039949052 0.443596756224 0.442190077422
10000 10000 855 550 2e-19 0.442173730479 0.442168264102 0.441727165106 0.44032650913
10000 10000 855 550 5e-19 0.436609318396 0.436603963253 0.436169083606 0.434786331425
10000 10000 855 550 7e-19 0.432941596607 0.432936314344 0.432505529676 0.431134577459
10000 10000 855 550 1e-18 0.427502032792 0.42749685797 0.427072139954 0.425718686468
10000 10000 855 550 2e-18 0.409894782325 0.40988994992 0.409484813816 0.408187987411
10000 10000 855 550 5e-18 0.361594292429 0.361590355824 0.361238474665 0.360096863928
10000 10000 855 550 7e-18 0.33281677489 0.332813340185 0.332492834695 0.331443601534
10000 10000 855 550 1e-17 0.294169574891 0.294166774404 0.293887935235 0.292962620168
10000 10000 855 550 2e-17 0.196504618874 0.196503195315 0.196326681873 0.195713525816
10000 10000 855 550 5e-17 0.0625119602321 0.0625117667134 0.0624642544249 0.0622746046278
10000 10000 855 550 7e-17 0.0304799145399 0.0304798619813 0.0304591704845 0.0303686076081
10000 10000 855 550 1e-16 0.0109458003459 0.0109457926362 0.0109395087122 0.0109080366533
10000 10000 855 550 1e-15 5.21943819335e-12 5.21943819335e-12 5.21941168639e-12 5.21712596612e-12
10000 10000 855 550 1e-14 4.60880121021e-66 4.60880121021e-66 4.60880121021e-66 4.60880121021e-66
10000 10000 855 550 1e-12 0.0 0.0 0.0 0.0
10000 10000 855 550 1e-10 0.0 0.0 0.0 0.0
