10000 10000 1105 310 1e-22 0.141015736519 0.140987302721 0.0 0.0
10000 10000 1105 310 1e-20 0.140969572099 0.140941151415 0.0 0.0
10000 10000 1105 310 1e-19 0.140550631015 0.140522329267 0.0 0.0
10000 10000 1105 310 2e-19 0.140086691254 0.14005852106 0.0 0.0
10000 10000 1105 310 5e-19 0.138704603948 0.138676824683 0.0 0.0
10000 10000 1105 310 7e-19 0.137791262012 0.137763740282 0.0 0.0
10000 10000 1105 310 1e-18 0.136433203817 0.136406063828 0.0 0.0
10000 10000 1105 310 2e-18 0.132008040093 0.131982133962 0.0 0.0
10000 10000 1105 310 5e-18 0.11962292037 0.119600383067 0.0 0.0
10000 10000 1105 310 7e-18 0.112055279033 0.112034735801 0.0 0.0
10000 10000 1105 310 1e-17 0.101640652594 0.101622768382 0.0 0.0
10000 10000 1105 310 2e-17 0.0737196091737 0.0737083083177 0.0 0.0
10000 10000 1105 310 5e-17 0.0290632265484 0.0290602959649 0.0 0.0
10000 10000 1105 310 7e-17 0.0159920833415 0.0159908647462 0.0 0.0
10000 10000 1105 310 1e-16 0.00671411125237 0.00671377400238 0.0 0.0
10000 10000 1105 310 1e-15 8.94658667887e-11 8.94658667856e-11 0.0 0.0
10000 10000 1105 310 1e-14 2.87320339391e-57 2.87320339391e-57 0.0 0.0
10000 10000 1105 310 1e-12 0.0 0.0 0.0 0.0
10000 10000 1105 310 1e-10 0.0 0.0 0.0 0.0
