10000 10000 1055 900 1e-22 0.328356299649 0.328356299649 0.32830746674 0.327997736412
10000 10000 1055 900 1e-20 0.328204591037 0.328204591037 0.328155787 0.327846208044
10000 10000 1055 900 1e-19 0.326828846456 0.326828846456 0.32678030408 0.326472097705
10000 10000 1055 900 2e-19 0.325307452904 0.325307452904 0.325259199565 0.324952510854
10000 10000 1055 900 5e-19 0.320788427784 0.320788427784 0.320741030955 0.320438848723
10000 10000 1055 900 7e-19 0.317812978798 0.317812978798 0.31776614425 0.317466927993
10000 10000 1055 900 1e-18 0.31340487643 0.31340487643 0.313358872436 0.31306404843
10000 10000 1055 900 2e-18 0.29917611398 0.29917611398 0.299132770437 0.298852108673
10000 10000 1055 900 5e-18 0.260473552057 0.260473552057 0.260437277654 0.260195005049
10000 10000 1055 900 7e-18 0.237663324796 0.237663324796 0.237631092594 0.237411339991
10000 10000 1055 900 1e-17 0.207354618113 0.207354618113 0.207327598499 0.207137621773
10000 10000 1055 900 2e-17 0.132748347388 0.132748347388 0.132733235721 0.132615561561
10000 10000 1055 900 5e-17 0.037484415328 0.037484415328 0.0374816110751 0.0374520138752
10000 10000 1055 900 7e-17 0.0170044023657 0.0170044023657 0.0170034498542 0.0169911163977
10000 10000 1055 900 1e-16 0.00553619892339 0.00553619892339 0.00553600010545 0.00553247063776
10000 10000 1055 900 1e-15 5.2423985879e-13 5.2423985879e-13 5.24239858789e-13 5.24232851669e-13
10000 10000 1055 900 1e-14 1.72518686512e-82 1.72518686512e-82 1.72518686512e-82 1.72518686512e-82
10000 10000 1055 900 1e-12 0.0 0.0 0.0 0.0
10000 10000 1055 900 1e-10 0.0 0.0 0.0 0.0
