10000 10000 655 470 1e-22 0.44933322308 0.449309514097 0.448525222691 0.0
10000 10000 655 470 1e-20 0.449149765451 0.449126072025 0.448342125647 0.0
10000 10000 655 470 1e-19 0.447485641651 0.44746208918 0.446681272096 0.0
10000 10000 655 470 2e-19 0.445644352347 0.445620955492 0.444843599974 0.0
10000 10000 655 470 5e-19 0.4401689756 0.440146039351 0.439378971879 0.0
10000 10000 655 470 7e-19 0.436558754412 0.436536120101 0.435775831571 0.0
10000 10000 655 470 1e-18 0.431202717472 0.431180528509 0.430430290321 0.0
10000 10000 655 470 2e-18 0.413851231921 0.413830464136 0.413112728548 0.0
10000 10000 655 470 5e-18 0.366132084292 0.366115049316 0.365486222944 0.0
10000 10000 655 470 7e-18 0.33761124208 0.337596309469 0.337020254384 0.0
10000 10000 655 470 1e-17 0.299193573533 0.299181311374 0.298675845374 0.0
10000 10000 655 470 2e-17 0.201425940046 0.201419551304 0.201090543429 0.0
10000 10000 655 470 5e-17 0.0650889031475 0.0650879591977 0.0649922377088 0.0
10000 10000 655 470 7e-17 0.0319115488857 0.0319112755444 0.0318675576171 0.0
10000 10000 655 470 1e-16 0.011499424659 0.0114993798746 0.0114851934984 0.0
10000 10000 655 470 1e-15 5.86030792053e-12 5.86030792053e-12 5.86011914289e-12 0.0
10000 10000 655 470 1e-14 4.12705571593e-62 4.12705571593e-62 4.12705571593e-62 0.0
10000 10000 655 470 1e-12 0.0 0.0 0.0 0.0
10000 10000 655 470 1e-10 0.0 0.0 0.0 0.0
