10000 10000 955 600 1e-22 0.460443614309 0.460439206642 0.460093794692 0.459017361406
10000 10000 955 600 1e-20 0.460250496926 0.460246092207 0.45990085202 0.45882487875
10000 10000 955 600 1e-19 0.458498879289 0.458494501275 0.458150818489 0.457079017596
10000 10000 955 600 2e-19 0.456561052156 0.456556703626 0.456214742688 0.455147557574
10000 10000 955 600 5e-19 0.450800293159 0.450796031882 0.450459182676 0.449405718364
10000 10000 955 600 7e-19 0.447003294738 0.446999090648 0.446665604906 0.445621183374
10000 10000 955 600 1e-18 0.441372212953 0.441368093197 0.441039587072 0.440008575103
10000 10000 955 600 2e-18 0.423146789276 0.423142938523 0.422830477998 0.421842856797
10000 10000 955 600 5e-18 0.373164694565 0.373161549327 0.372892497934 0.372023780623
10000 10000 955 600 7e-18 0.343395621379 0.343392872669 0.343149223681 0.342351247452
10000 10000 955 600 1e-17 0.303429727778 0.303427481597 0.303217341251 0.302514222536
10000 10000 955 600 2e-17 0.20250577624 0.202504628022 0.202375413626 0.201910980671
10000 10000 955 600 5e-17 0.0642636901106 0.0642635341917 0.0642316420118 0.0640896568664
10000 10000 955 600 7e-17 0.031276283078 0.0312762413972 0.0312631112897 0.0311959065238
10000 10000 955 600 1e-16 0.0111890747257 0.01118906888 0.0111853902174 0.0111623568863
10000 10000 955 600 1e-15 5.0348240446e-12 5.0348240446e-12 5.03482186849e-12 5.03172767363e-12
10000 10000 955 600 1e-14 1.55236494361e-58 1.55236494361e-58 1.55236494361e-58 1.55236494361e-58
10000 10000 955 600 1e-12 0.0 0.0 0.0 0.0
10000 10000 955 600 1e-10 0.0 0.0 0.0 0.0
