10000 10000 705 380 1e-22 0.442926980298 0.442859599813 0.441485922542 0.0
10000 10000 705 380 1e-20 0.442753830521 0.442686485948 0.441313367367 0.0
10000 10000 705 380 1e-19 0.441183063984 0.441116044978 0.439747994344 0.0
10000 10000 705 380 2e-19 0.439444767499 0.439378108323 0.438015665454 0.0
10000 10000 705 380 5e-19 0.434273760305 0.434208168665 0.432862403127 0.0
10000 10000 705 380 7e-19 0.430862660687 0.430797770889 0.429463003058 0.0
10000 10000 705 380 1e-18 0.425799716112 0.425735864529 0.424417414711 0.0
10000 10000 705 380 2e-18 0.409378294799 0.409317781411 0.408052212873 0.0
10000 10000 705 380 5e-18 0.364054269025 0.364002727465 0.362882729724 0.0
10000 10000 705 380 7e-18 0.336841008111 0.336794672363 0.33576178066 0.0
10000 10000 705 380 1e-17 0.300020711362 0.299981185276 0.299065750181 0.0
10000 10000 705 380 2e-17 0.205287641755 0.205264221284 0.204648370501 0.0
10000 10000 705 380 5e-17 0.0692592531943 0.0692540940696 0.0690573772104 0.0
10000 10000 705 380 7e-17 0.0347894836018 0.0347875171784 0.0346925377145 0.0
10000 10000 705 380 1e-16 0.0129268172287 0.012926326889 0.0128932203112 0.0
10000 10000 705 380 1e-15 1.70688676586e-11 1.70688676534e-11 1.70682172974e-11 0.0
10000 10000 705 380 1e-14 5.90881476976e-59 5.90881476976e-59 5.90881476976e-59 0.0
10000 10000 705 380 1e-12 0.0 0.0 0.0 0.0
10000 10000 705 380 1e-10 0.0 0.0 0.0 0.0
