10000 10000 255 210 1e-22 0.301755567359 0.301034790357 0.0 0.0
10000 10000 255 210 1e-20 0.301635820969 0.300915347999 0.0 0.0
10000 10000 255 210 1e-19 0.300549558363 0.299831843094 0.0 0.0
10000 10000 255 210 2e-19 0.299347531603 0.298632867335 0.0 0.0
10000 10000 255 210 5e-19 0.29577236443 0.295066770996 0.0 0.0
10000 10000 255 210 7e-19 0.293414443401 0.292714829364 0.0 0.0
10000 10000 255 210 1e-18 0.289915378389 0.289224632998 0.0 0.0
10000 10000 255 210 2e-18 0.278572115986 0.277910082618 0.0 0.0
10000 10000 255 210 5e-18 0.247312062899 0.246728829662 0.0 0.0
10000 10000 255 210 7e-18 0.228578983196 0.228042720087 0.0 0.0
10000 10000 255 210 1e-17 0.203279069914 0.202805901124 0.0 0.0
10000 10000 255 210 2e-17 0.138466008803 0.13815224165 0.0 0.0
10000 10000 255 210 5e-17 0.0463274284487 0.0462309144258 0.0 0.0
10000 10000 255 210 7e-17 0.0232200495558 0.0231743611131 0.0 0.0
10000 10000 255 210 1e-16 0.0086254721765 0.00860988388296 0.0 0.0
10000 10000 255 210 1e-15 2.38202090692e-11 2.38194692596e-11 0.0 0.0
10000 10000 255 210 1e-14 2.99988681797e-55 2.99988681797e-55 0.0 0.0
10000 10000 255 210 1e-12 0.0 0.0 0.0 0.0
10000 10000 255 210 1e-10 0.0 0.0 0.0 0.0
