10000 10000 655 300 1e-22 0.386048861802 0.385852446593 0.0 0.0
10000 10000 655 300 1e-20 0.385903416492 0.385707097447 0.0 0.0
10000 10000 655 300 1e-19 0.384583875095 0.384388428011 0.0 0.0
10000 10000 655 300 2e-19 0.383123383267 0.382928900298 0.0 0.0
10000 10000 655 300 5e-19 0.378777434174 0.378585813929 0.0 0.0
10000 10000 655 300 7e-19 0.375909482676 0.375719746494 0.0 0.0
10000 10000 655 300 1e-18 0.371651067809 0.371464121607 0.0 0.0
10000 10000 655 300 2e-18 0.357825351802 0.357647400787 0.0 0.0
10000 10000 655 300 5e-18 0.319550674146 0.319397100264 0.0 0.0
10000 10000 655 300 7e-18 0.296482660817 0.296343383018 0.0 0.0
10000 10000 655 300 1e-17 0.265155924401 0.265035543937 0.0 0.0
10000 10000 655 300 2e-17 0.183834082274 0.183759564135 0.0 0.0
10000 10000 655 300 5e-17 0.0642803798817 0.0642616808549 0.0 0.0
10000 10000 655 300 7e-17 0.0329858745875 0.0329781095976 0.0 0.0
10000 10000 655 300 1e-16 0.0126176943496 0.0126154976123 0.0 0.0
10000 10000 655 300 1e-15 4.48336844984e-11 4.48336836296e-11 0.0 0.0
10000 10000 655 300 1e-14 2.8001960326e-57 2.8001960326e-57 0.0 0.0
10000 10000 655 300 1e-12 0.0 0.0 0.0 0.0
10000 10000 655 300 1e-10 0.0 0.0 0.0 0.0
