10000 10000 255 200 1e-22 0.309736708738 0.308857258016 0.0 0.0
10000 10000 255 200 1e-20 0.309619059457 0.30873996663 0.0 0.0
10000 10000 255 200 1e-19 0.308551719189 0.307675872821 0.0 0.0
10000 10000 255 200 2e-19 0.307370418115 0.306498163904 0.0 0.0
10000 10000 255 200 5e-19 0.303855562535 0.302993990654 0.0 0.0
10000 10000 255 200 7e-19 0.301536318688 0.300681790642 0.0 0.0
10000 10000 255 200 1e-18 0.29809302092 0.297248943497 0.0 0.0
10000 10000 255 200 2e-18 0.28691690747 0.286106690642 0.0 0.0
10000 10000 255 200 5e-18 0.256003589811 0.255286532197 0.0 0.0
10000 10000 255 200 7e-18 0.237391861976 0.236730511344 0.0 0.0
10000 10000 255 200 1e-17 0.212142070609 0.211555791932 0.0 0.0
10000 10000 255 200 2e-17 0.146746790985 0.146351758946 0.0 0.0
10000 10000 255 200 5e-17 0.0511051423329 0.0509774308709 0.0 0.0
10000 10000 255 200 7e-17 0.0261972452767 0.0261347416304 0.0 0.0
10000 10000 255 200 1e-16 0.0100176995076 0.0099953235582 0.0 0.0
10000 10000 255 200 1e-15 1.26560721786e-11 1.2655062103e-11 0.0 0.0
10000 10000 255 200 1e-14 1.80180324888e-60 1.80180324888e-60 0.0 0.0
10000 10000 255 200 1e-12 0.0 0.0 0.0 0.0
10000 10000 255 200 1e-10 0.0 0.0 0.0 0.0
