10000 10000 1355 850 1e-22 0.383450429102 0.383450051916 0.383391484592 0.383064692204
10000 10000 1355 850 1e-20 0.383280996784 0.383280619845 0.383222086943 0.382895450422
10000 10000 1355 850 1e-19 0.381744368025 0.38174399333 0.381685772399 0.381360549288
10000 10000 1355 850 2e-19 0.380044721622 0.380044349404 0.379986473099 0.379662812934
10000 10000 1355 850 5e-19 0.374994130707 0.374993765823 0.374936910829 0.374617892491
10000 10000 1355 850 7e-19 0.371666953365 0.37166659329 0.371610408833 0.371294446277
10000 10000 1355 850 1e-18 0.366735208097 0.366734855116 0.366679661214 0.36636822499
10000 10000 1355 850 2e-18 0.350794814357 0.350794484028 0.350742463889 0.350445631319
10000 10000 1355 850 5e-18 0.307259536806 0.30725926608 0.307215685217 0.3069585148
10000 10000 1355 850 7e-18 0.281467402056 0.281467164961 0.281428414171 0.281194569569
10000 10000 1355 850 1e-17 0.247022073787 0.247021879469 0.246989362578 0.246786438609
10000 10000 1355 850 2e-17 0.161175149687 0.161175049569 0.161156801349 0.161029461358
10000 10000 1355 850 5e-17 0.0478895183375 0.0478895046363 0.0478860733618 0.0478526916376
10000 10000 1355 850 7e-17 0.0223692145589 0.0223692109186 0.022368028672 0.022353723228
10000 10000 1355 850 1e-16 0.00756644296482 0.00756644246593 0.00756618698604 0.00756192472459
10000 10000 1355 850 1e-15 1.38290520708e-12 1.38290520708e-12 1.38290517573e-12 1.38287665922e-12
10000 10000 1355 850 1e-14 1.48613556709e-71 1.48613556709e-71 1.48613556709e-71 1.48613556709e-71
10000 10000 1355 850 1e-12 0.0 0.0 0.0 0.0
10000 10000 1355 850 1e-10 0.0 0.0 0.0 0.0
