10000 10000 1955 310 1e-22 0.00595478135401 0.00595478135401 0.0 0.0
10000 10000 1955 310 1e-20 0.00595313958911 0.00595313958911 0.0 0.0
10000 10000 1955 310 1e-19 0.00593823584449 0.00593823584449 0.0 0.0
10000 10000 1955 310 2e-19 0.00592172124301 0.00592172124301 0.0 0.0
10000 10000 1955 310 5e-19 0.00587246100428 0.00587246100428 0.0 0.0
10000 10000 1955 310 7e-19 0.00583985575961 0.00583985575961 0.0 0.0
10000 10000 1955 310 1e-18 0.00579129750264 0.00579129750264 0.0 0.0
10000 10000 1955 310 2e-18 0.00563242232708 0.00563242232708 0.0 0.0
10000 10000 1955 310 5e-18 0.00518222429992 0.00518222429992 0.0 0.0
10000 10000 1955 310 7e-18 0.00490285901082 0.00490285901082 0.0 0.0
10000 10000 1955 310 1e-17 0.00451261296852 0.00451261296852 0.0 0.0
10000 10000 1955 310 2e-17 0.00342800783948 0.00342800783948 0.0 0.0
10000 10000 1955 310 5e-17 0.00152481863363 0.00152481863363 0.0 0.0
10000 10000 1955 310 7e-17 0.000899380062303 0.000899380062303 0.0 0.0
10000 10000 1955 310 1e-16 0.000414842117392 0.000414842117392 0.0 0.0
10000 10000 1955 310 1e-15 9.73510729017e-11 9.73510729017e-11 0.0 0.0
10000 10000 1955 310 1e-14 4.38529386197e-57 4.38529386197e-57 0.0 0.0
10000 10000 1955 310 1e-12 0.0 0.0 0.0 0.0
10000 10000 1955 310 1e-10 0.0 0.0 0.0 0.0
