10000 10000 805 310 1e-22 0.33010398425 0.32999437241 0.0 0.0
10000 10000 805 310 1e-20 0.32998473079 0.329875174434 0.0 0.0
10000 10000 805 310 1e-19 0.328902713651 0.328793660348 0.0 0.0
10000 10000 805 310 2e-19 0.327704908854 0.327596411682 0.0 0.0
10000 10000 805 310 5e-19 0.324139324399 0.324032477976 0.0 0.0
10000 10000 805 310 7e-19 0.321785267443 0.32167950698 0.0 0.0
10000 10000 805 310 1e-18 0.318288300347 0.318184147332 0.0 0.0
10000 10000 805 310 2e-18 0.306921372111 0.306822396045 0.0 0.0
10000 10000 805 310 5e-18 0.275341385533 0.275256393024 0.0 0.0
10000 10000 805 310 7e-18 0.256223040926 0.256146214814 0.0 0.0
10000 10000 805 310 1e-17 0.230147710629 0.230081635264 0.0 0.0
10000 10000 805 310 2e-17 0.16175238587 0.161712143642 0.0 0.0
10000 10000 805 310 5e-17 0.0585201091209 0.0585104847007 0.0 0.0
10000 10000 805 310 7e-17 0.0305838927982 0.0305800238392 0.0 0.0
10000 10000 805 310 1e-16 0.0119693851453 0.0119683449884 0.0 0.0
10000 10000 805 310 1e-15 7.36237849644e-11 7.36237848799e-11 0.0 0.0
10000 10000 805 310 1e-14 3.56554081031e-57 3.56554081031e-57 0.0 0.0
10000 10000 805 310 1e-12 0.0 0.0 0.0 0.0
10000 10000 805 310 1e-10 0.0 0.0 0.0 0.0
