10000 10000 705 310 1e-22 0.352940873003 0.352805497124 0.0 0.0
10000 10000 705 310 1e-20 0.352808932705 0.35267362518 0.0 0.0
10000 10000 705 310 1e-19 0.351611912285 0.35147722452 0.0 0.0
10000 10000 705 310 2e-19 0.350287024117 0.350153021523 0.0 0.0
10000 10000 705 310 5e-19 0.34634455639 0.346212587702 0.0 0.0
10000 10000 705 310 7e-19 0.343742840636 0.343612210074 0.0 0.0
10000 10000 705 310 1e-18 0.339879696891 0.339751047189 0.0 0.0
10000 10000 705 310 2e-18 0.32733689141 0.32721462251 0.0 0.0
10000 10000 705 310 5e-18 0.29260923561 0.292504211525 0.0 0.0
10000 10000 705 310 7e-18 0.271674332664 0.271579385984 0.0 0.0
10000 10000 705 310 1e-17 0.243236071922 0.243154398905 0.0 0.0
10000 10000 705 310 2e-17 0.169334885231 0.169285138284 0.0 0.0
10000 10000 705 310 5e-17 0.0601321515052 0.0601202633913 0.0 0.0
10000 10000 705 310 7e-17 0.0312159923469 0.0312112054021 0.0 0.0
10000 10000 705 310 1e-16 0.0121500162533 0.0121487150775 0.0 0.0
10000 10000 705 310 1e-15 5.92710737586e-11 5.92710729811e-11 0.0 0.0
10000 10000 705 310 1e-14 4.08369790546e-57 4.08369790546e-57 0.0 0.0
10000 10000 705 310 1e-12 0.0 0.0 0.0 0.0
10000 10000 705 310 1e-10 0.0 0.0 0.0 0.0
