10000 10000 955 440 1e-22 0.433381286583 0.433356992256 0.432631581152 0.0
10000 10000 955 440 1e-20 0.43321725848 0.433192978272 0.432467870426 0.0
10000 10000 955 440 1e-19 0.4317291588 0.43170500656 0.430982649419 0.0
10000 10000 955 440 2e-19 0.430082172355 0.430058161497 0.42933884766 0.0
10000 10000 955 440 5e-19 0.425181703244 0.4251581115 0.424447845886 0.0
10000 10000 955 440 7e-19 0.421948167257 0.421924850779 0.421220549888 0.0
10000 10000 955 440 1e-18 0.417147437926 0.41712452823 0.416429074565 0.0
10000 10000 955 440 2e-18 0.401565261996 0.401543656818 0.40087684879 0.0
10000 10000 955 440 5e-18 0.358462321232 0.358444193933 0.3578560304 0.0
10000 10000 955 440 7e-18 0.332508853005 0.332492722444 0.331951458452 0.0
10000 10000 955 440 1e-17 0.297293320816 0.297279774449 0.296801542839 0.0
10000 10000 955 440 2e-17 0.206034095453 0.20602649602 0.205707757911 0.0
10000 10000 955 440 5e-17 0.072200943038 0.0721995528084 0.0720995793633 0.0
10000 10000 955 440 7e-17 0.0371560759546 0.0371556151708 0.0371075501874 0.0
10000 10000 955 440 1e-16 0.0142756129641 0.0142755216213 0.0142587121385 0.0
10000 10000 955 440 1e-15 1.29227201906e-11 1.29227201906e-11 1.29223143666e-11 0.0
10000 10000 955 440 1e-14 1.15585226007e-66 1.15585226007e-66 1.15585226007e-66 0.0
10000 10000 955 440 1e-12 0.0 0.0 0.0 0.0
10000 10000 955 440 1e-10 0.0 0.0 0.0 0.0
