10000 10000 455 430 1e-22 0.372795846456 0.372754703776 0.37182871318 0.0
10000 10000 455 430 1e-20 0.37264588896 0.372604769776 0.371679187002 0.0
10000 10000 455 430 1e-19 0.371285605966 0.371244699759 0.370322815752 0.0
10000 10000 455 430 2e-19 0.369780430813 0.369739759936 0.368821967325 0.0
10000 10000 455 430 5e-19 0.365304081849 0.365264108746 0.364358475406 0.0
10000 10000 455 430 7e-19 0.362352193088 0.362312678404 0.361415056424 0.0
10000 10000 455 430 1e-18 0.357972276111 0.357933439069 0.357047693771 0.0
10000 10000 455 430 2e-18 0.343778296649 0.343741634389 0.342894291256 0.0
10000 10000 455 430 5e-18 0.30470303263 0.304672181557 0.303929831272 0.0
10000 10000 455 430 7e-18 0.281318152436 0.281290647309 0.280610575775 0.0
10000 10000 455 430 1e-17 0.249778310375 0.249755147533 0.249158336012 0.0
10000 10000 455 430 2e-17 0.169255547922 0.169242442498 0.168853529225 0.0
10000 10000 455 430 5e-17 0.0558882618589 0.055885818967 0.0557714974231 0.0
10000 10000 455 430 7e-17 0.0278438911098 0.0278430756608 0.0277902216806 0.0
10000 10000 455 430 1e-16 0.0102947712706 0.010294608977 0.0102770237577 0.0
10000 10000 455 430 1e-15 1.22035558804e-11 1.22035558804e-11 1.22029618641e-11 0.0
10000 10000 455 430 1e-14 8.97814647882e-60 8.97814647882e-60 8.97814647882e-60 0.0
10000 10000 455 430 1e-12 0.0 0.0 0.0 0.0
10000 10000 455 430 1e-10 0.0 0.0 0.0 0.0
