10000 10000 555 550 1e-22 0.400876951134 0.400871776348 0.400429050166 0.399073309084
10000 10000 555 550 1e-20 0.400710267705 0.400705096296 0.400262578548 0.398907411418
10000 10000 555 550 1e-19 0.399198389641 0.39919324883 0.398752621194 0.397402659894
10000 10000 555 550 2e-19 0.397525741185 0.397520634157 0.397082096659 0.39573789451
10000 10000 555 550 5e-19 0.392553009494 0.392548002471 0.392115672857 0.390788590869
10000 10000 555 550 7e-19 0.389275167592 0.389270226135 0.388841983547 0.387526185199
10000 10000 555 550 1e-18 0.384413651096 0.384408806361 0.383986618051 0.382687552982
10000 10000 555 550 2e-18 0.368675929066 0.368671393111 0.36826874189 0.367023828915
10000 10000 555 550 5e-18 0.325490165836 0.325486441848 0.32513688484 0.32404042367
10000 10000 555 550 7e-18 0.299748602282 0.299745336258 0.299427032563 0.298418941643
10000 10000 555 550 1e-17 0.265161986748 0.265159303193 0.264882470047 0.263992950544
10000 10000 555 550 2e-17 0.177639183146 0.177637784141 0.177462624154 0.176872022557
10000 10000 555 550 5e-17 0.0569954110922 0.0569952071279 0.0569478883937 0.0567640202209
10000 10000 555 550 7e-17 0.0279214055781 0.0279213479028 0.0279006191984 0.0278124370852
10000 10000 555 550 1e-16 0.0100742103707 0.0100742014805 0.0100678273948 0.0100369963867
10000 10000 555 550 1e-15 6.97218030429e-12 6.97218030429e-12 6.9721644309e-12 6.95634135415e-12
10000 10000 555 550 1e-14 1.12436834805e-60 1.12436834805e-60 1.12436834805e-60 1.12436834805e-60
10000 10000 555 550 1e-12 0.0 0.0 0.0 0.0
10000 10000 555 550 1e-10 0.0 0.0 0.0 0.0
