10000 10000 1455 350 1e-22 0.0898170528307 0.0898115811295 0.089527148827 0.0
10000 10000 1455 350 1e-20 0.0897896165385 0.0897841476792 0.0894998081825 0.0
10000 10000 1455 350 1e-19 0.0895405989641 0.0895351558712 0.0892516586255 0.0
10000 10000 1455 350 2e-19 0.0892647630151 0.0892593484035 0.0889767839627 0.0
10000 10000 1455 350 5e-19 0.0884425951884 0.0884372650946 0.0881574800457 0.0
10000 10000 1455 350 7e-19 0.0878989029555 0.0878936284437 0.0876156805824 0.0
10000 10000 1455 350 1e-18 0.0870899338492 0.087084741583 0.0868095261146 0.0
10000 10000 1455 350 2e-18 0.0844493407122 0.0844444130955 0.0841781064581 0.0
10000 10000 1455 350 5e-18 0.0770197470985 0.0770155324285 0.0767742042248 0.0
10000 10000 1455 350 7e-18 0.072449961086 0.072446161342 0.0722201277181 0.0
10000 10000 1455 350 1e-17 0.0661206143171 0.0661173589429 0.0659124129733 0.0
10000 10000 1455 350 2e-17 0.0488875478684 0.048885589545 0.0487373877496 0.0
10000 10000 1455 350 5e-17 0.0202152013332 0.0202147463725 0.0201576200907 0.0
10000 10000 1455 350 7e-17 0.0114079804562 0.0114077997034 0.0113771080016 0.0
10000 10000 1455 350 1e-16 0.00494157295599 0.00494152479697 0.00492920806136 0.0
10000 10000 1455 350 1e-15 8.77733262985e-11 8.77733262984e-11 8.77714326087e-11 0.0
10000 10000 1455 350 1e-14 1.33234605881e-57 1.33234605881e-57 1.33234605881e-57 0.0
10000 10000 1455 350 1e-12 0.0 0.0 0.0 0.0
10000 10000 1455 350 1e-10 0.0 0.0 0.0 0.0
