10000 10000 1155 200 1e-22 0.0203011102942 0.0202734000323 0.0 0.0
10000 10000 1155 200 1e-20 0.0202950920545 0.0202673905116 0.0 0.0
10000 10000 1155 200 1e-19 0.0202404683314 0.0202128459188 0.0 0.0
10000 10000 1155 200 2e-19 0.0201799598831 0.0201524251121 0.0 0.0
10000 10000 1155 200 5e-19 0.0199995936938 0.0199723200822 0.0 0.0
10000 10000 1155 200 7e-19 0.019880308843 0.0198532078775 0.0 0.0
10000 10000 1155 200 1e-18 0.0197028072184 0.0196759630524 0.0 0.0
10000 10000 1155 200 2e-18 0.0191232789161 0.0190972722807 0.0 0.0
10000 10000 1155 200 5e-18 0.0174914151771 0.0174677591435 0.0 0.0
10000 10000 1155 200 7e-18 0.0164865468798 0.0164643322086 0.0 0.0
10000 10000 1155 200 1e-17 0.015092964677 0.0150727405381 0.0 0.0
10000 10000 1155 200 2e-17 0.0112835654083 0.0112687243401 0.0 0.0
10000 10000 1155 200 5e-17 0.00484335014558 0.00483732643708 0.0 0.0
10000 10000 1155 200 7e-17 0.00280457051628 0.00280121007652 0.0 0.0
10000 10000 1155 200 1e-16 0.0012602190246 0.00125879139838 0.0 0.0
10000 10000 1155 200 1e-15 1.09136331605e-10 1.09135923335e-10 0.0 0.0
10000 10000 1155 200 1e-14 5.96538782717e-51 5.96538782717e-51 0.0 0.0
10000 10000 1155 200 1e-12 0.0 0.0 0.0 0.0
10000 10000 1155 200 1e-10 0.0 0.0 0.0 0.0
