10000 10000 955 450 1e-22 0.433138915028 0.433112754517 0.43238980603 0.0
10000 10000 955 450 1e-20 0.43296918342 0.432943038693 0.43222040051 0.0
10000 10000 955 450 1e-19 0.431429436708 0.431403435026 0.43068361136 0.0
10000 10000 955 450 2e-19 0.429725491958 0.429699648287 0.428982938317 0.0
10000 10000 955 450 5e-19 0.424656820106 0.424631444659 0.423923990899 0.0
10000 10000 955 450 7e-19 0.421313349002 0.421288280925 0.420586927915 0.0
10000 10000 955 450 1e-18 0.416350964184 0.416326350111 0.41563404448 0.0
10000 10000 955 450 2e-18 0.400257240787 0.400234080824 0.399571055231 0.0
10000 10000 955 450 5e-18 0.355850841032 0.355831542723 0.355248785247 0.0
10000 10000 955 450 7e-18 0.32919881557 0.329181723088 0.32864673932 0.0
10000 10000 955 450 1e-17 0.293151808396 0.29313755623 0.29266664801 0.0
10000 10000 955 450 2e-17 0.20049721293 0.200489413454 0.20017973046 0.0
10000 10000 955 450 5e-17 0.0677493475654 0.0677480349798 0.067655276042 0.0
10000 10000 955 450 7e-17 0.0341534634009 0.0341530545066 0.0341099226062 0.0
10000 10000 955 450 1e-16 0.0127984012292 0.0127983278096 0.0127839827478 0.0
10000 10000 955 450 1e-15 1.34695454616e-11 1.34695454616e-11 1.34692510983e-11 0.0
10000 10000 955 450 1e-14 6.9128033965e-60 6.9128033965e-60 6.9128033965e-60 0.0
10000 10000 955 450 1e-12 0.0 0.0 0.0 0.0
10000 10000 955 450 1e-10 0.0 0.0 0.0 0.0
