10000 10000 855 500 1e-22 0.480568135162 0.480552262742 0.479880596952 0.477593148999
10000 10000 855 500 1e-20 0.480373491401 0.480357628812 0.479686265071 0.477399771147
10000 10000 855 500 1e-19 0.478607874517 0.478592101022 0.47792347661 0.475645636274
10000 10000 855 500 2e-19 0.47665423453 0.476638559437 0.475972964894 0.473704698789
10000 10000 855 500 5e-19 0.470844436706 0.470829053106 0.470172461556 0.467932662032
10000 10000 855 500 7e-19 0.467013442428 0.466998250105 0.466347589091 0.464126555881
10000 10000 855 500 1e-18 0.461329471278 0.461314561372 0.460672690404 0.458479493542
10000 10000 855 500 2e-18 0.442912251113 0.442898244824 0.442284780114 0.44018172079
10000 10000 855 500 5e-18 0.392234137528 0.392222523515 0.391686592401 0.389831068856
10000 10000 855 500 7e-18 0.361923411442 0.361913158466 0.361423118727 0.359715262645
10000 10000 855 500 1e-17 0.321066386268 0.321057878958 0.320629059411 0.319119726611
10000 10000 855 500 2e-17 0.216909085039 0.216904505757 0.216627728338 0.215621042193
10000 10000 855 500 5e-17 0.0708952687536 0.0708945372174 0.0708155140065 0.0704989806126
10000 10000 855 500 7e-17 0.0350374955966 0.0350372762504 0.0350014614561 0.0348488239892
10000 10000 855 500 1e-16 0.0127743498771 0.0127743129887 0.0127627659238 0.0127089623812
10000 10000 855 500 1e-15 7.36564006192e-12 7.36564006192e-12 7.36556915846e-12 7.34886446172e-12
10000 10000 855 500 1e-14 9.65274361342e-64 9.65274361342e-64 9.65274361342e-64 9.65274361342e-64
10000 10000 855 500 1e-12 0.0 0.0 0.0 0.0
10000 10000 855 500 1e-10 0.0 0.0 0.0 0.0
