10000 10000 905 230 1e-22 0.114645993144 0.114541811637 0.0 0.0
10000 10000 905 230 1e-20 0.114607643493 0.114503502864 0.0 0.0
10000 10000 905 230 1e-19 0.114259641395 0.114155871604 0.0 0.0
10000 10000 905 230 2e-19 0.113874302575 0.113770943175 0.0 0.0
10000 10000 905 230 5e-19 0.112726633857 0.112624495277 0.0 0.0
10000 10000 905 230 7e-19 0.111968423748 0.111867090498 0.0 0.0
10000 10000 905 230 1e-18 0.110841354987 0.110741217061 0.0 0.0
10000 10000 905 230 2e-18 0.107171552592 0.107075291697 0.0 0.0
10000 10000 905 230 5e-18 0.0969229290844 0.0968373692321 0.0 0.0
10000 10000 905 230 7e-18 0.0906774822354 0.0905983473718 0.0 0.0
10000 10000 905 230 1e-17 0.0821040585963 0.0820336163683 0.0 0.0
10000 10000 905 230 2e-17 0.0592509630143 0.0592028773592 0.0 0.0
10000 10000 905 230 5e-17 0.0231590907227 0.0231430306019 0.0 0.0
10000 10000 905 230 7e-17 0.0127195051327 0.0127115106836 0.0 0.0
10000 10000 905 230 1e-16 0.00534377343909 0.00534085375099 0.0 0.0
10000 10000 905 230 1e-15 6.92708246397e-11 6.92707675582e-11 0.0 0.0
10000 10000 905 230 1e-14 5.19007641447e-55 5.19007641447e-55 0.0 0.0
10000 10000 905 230 1e-12 0.0 0.0 0.0 0.0
10000 10000 905 230 1e-10 0.0 0.0 0.0 0.0
