10000 10000 1255 150 1e-22 0.00312933596377 0.0 0.0 0.0
10000 10000 1255 150 1e-20 0.0031283873055 0.0 0.0 0.0
10000 10000 1255 150 1e-19 0.00311977665872 0.0 0.0 0.0
10000 10000 1255 150 2e-19 0.00311023778186 0.0 0.0 0.0
10000 10000 1255 150 5e-19 0.0030818002656 0.0 0.0 0.0
10000 10000 1255 150 7e-19 0.00306299023061 0.0 0.0 0.0
10000 10000 1255 150 1e-18 0.00303499575024 0.0 0.0 0.0
10000 10000 1255 150 2e-18 0.00294356214692 0.0 0.0 0.0
10000 10000 1255 150 5e-18 0.0026858544186 0.0 0.0 0.0
10000 10000 1255 150 7e-18 0.00252702250773 0.0 0.0 0.0
10000 10000 1255 150 1e-17 0.00230664570083 0.0 0.0 0.0
10000 10000 1255 150 2e-17 0.00170456747713 0.0 0.0 0.0
10000 10000 1255 150 5e-17 0.000699380743044 0.0 0.0 0.0
10000 10000 1255 150 7e-17 0.000392048973824 0.0 0.0 0.0
10000 10000 1255 150 1e-16 0.000168734268911 0.0 0.0 0.0
10000 10000 1255 150 1e-15 1.29249358181e-09 0.0 0.0 0.0
10000 10000 1255 150 1e-14 8.17005240988e-41 0.0 0.0 0.0
10000 10000 1255 150 1e-12 0.0 0.0 0.0 0.0
10000 10000 1255 150 1e-10 0.0 0.0 0.0 0.0
