10000 10000 455 370 1e-22 0.36497726609 0.364874704256 0.363466307389 0.0
10000 10000 455 370 1e-20 0.364829973629 0.364727467084 0.363319661941 0.0
10000 10000 455 370 1e-19 0.363493886727 0.363391881396 0.361989443456 0.0
10000 10000 455 370 2e-19 0.362015529535 0.361914078142 0.360517578243 0.0
10000 10000 455 370 5e-19 0.357619213664 0.357519405517 0.356140559834 0.0
10000 10000 455 370 7e-19 0.354720329424 0.354621601482 0.353254393291 0.0
10000 10000 455 370 1e-18 0.350419392602 0.350322262383 0.348972314962 0.0
10000 10000 455 370 2e-18 0.336484114462 0.336392119804 0.33509805413 0.0
10000 10000 455 370 5e-18 0.298142962513 0.298064756998 0.296924065446 0.0
10000 10000 455 370 7e-18 0.275212958063 0.275142743541 0.27409348161 0.0
10000 10000 455 370 1e-17 0.244305191925 0.244245417292 0.243318988461 0.0
10000 10000 455 370 2e-17 0.165491823132 0.165456661481 0.164840729983 0.0
10000 10000 455 370 5e-17 0.0547176007655 0.0547100665525 0.0545185857897 0.0
10000 10000 455 370 7e-17 0.0273090631186 0.0273062577004 0.0272148178555 0.0
10000 10000 455 370 1e-16 0.0101265972297 0.0101259254774 0.0100942724294 0.0
10000 10000 455 370 1e-15 1.63758651477e-11 1.63758651434e-11 1.63745191782e-11 0.0
10000 10000 455 370 1e-14 1.05123978312e-58 1.05123978312e-58 1.05123978312e-58 0.0
10000 10000 455 370 1e-12 0.0 0.0 0.0 0.0
10000 10000 455 370 1e-10 0.0 0.0 0.0 0.0
