10000 10000 1155 750 1e-22 0.409447343002 0.409446965816 0.409313532923 0.408827580727
10000 10000 1155 750 1e-20 0.409269428591 0.409269051645 0.409135690013 0.408649961613
10000 10000 1155 750 1e-19 0.40765580164 0.407655426868 0.407522711282 0.407039012405
10000 10000 1155 750 2e-19 0.405870837599 0.405870465226 0.405738463711 0.405257009373
10000 10000 1155 750 5e-19 0.400565780081 0.400565414818 0.40043553199 0.399960745597
10000 10000 1155 750 7e-19 0.397070193174 0.397069832575 0.396941342823 0.396470947559
10000 10000 1155 750 1e-18 0.391887678156 0.39188732444 0.391760895667 0.391297006956
10000 10000 1155 750 2e-18 0.375127243095 0.375126911388 0.375007111239 0.374564234084
10000 10000 1155 750 5e-18 0.329274575969 0.329274302395 0.329172331682 0.328786679028
10000 10000 1155 750 7e-18 0.302051909132 0.302051668526 0.301960052111 0.301608176309
10000 10000 1155 750 1e-17 0.26562266107 0.265622462605 0.265544399247 0.265237461693
10000 10000 1155 750 2e-17 0.174401327584 0.174401223071 0.174355235707 0.174159180387
10000 10000 1155 750 5e-17 0.0526379684759 0.0526379531378 0.0526281693486 0.0525738457299
10000 10000 1155 750 7e-17 0.0248037156691 0.0248037113848 0.0248001136389 0.0247759490388
10000 10000 1155 750 1e-16 0.00848837128055 0.00848837064458 0.00848753307852 0.00847993209348
10000 10000 1155 750 1e-15 2.00055695318e-12 2.00055695318e-12 2.00055695288e-12 2.0004506595e-12
10000 10000 1155 750 1e-14 1.52509587476e-66 1.52509587476e-66 1.52509587476e-66 1.52509587476e-66
10000 10000 1155 750 1e-12 0.0 0.0 0.0 0.0
10000 10000 1155 750 1e-10 0.0 0.0 0.0 0.0
