10000 10000 705 320 1e-22 0.392734031193 0.392581129152 0.0 0.0
10000 10000 705 320 1e-20 0.392584548066 0.392431722907 0.0 0.0
10000 10000 705 320 1e-19 0.391228406011 0.39107627794 0.0 0.0
10000 10000 705 320 2e-19 0.389727471522 0.389576114124 0.0 0.0
10000 10000 705 320 5e-19 0.385261600048 0.385112530455 0.0 0.0
10000 10000 705 320 7e-19 0.38231485772 0.382167293369 0.0 0.0
10000 10000 705 320 1e-18 0.377939965305 0.37779462931 0.0 0.0
10000 10000 705 320 2e-18 0.363740366075 0.363602209047 0.0 0.0
10000 10000 705 320 5e-18 0.324466032898 0.324347285816 0.0 0.0
10000 10000 705 320 7e-18 0.300821952364 0.300714554317 0.0 0.0
10000 10000 705 320 1e-17 0.26874700063 0.268654560054 0.0 0.0
10000 10000 705 320 2e-17 0.185690515475 0.18563410819 0.0 0.0
10000 10000 705 320 5e-17 0.0643436387417 0.0643301555287 0.0 0.0
10000 10000 705 320 7e-17 0.032838681786 0.0328332898719 0.0 0.0
10000 10000 705 320 1e-16 0.0124662050426 0.0124647746739 0.0 0.0
10000 10000 705 320 1e-15 5.2302689543e-11 5.23026894742e-11 0.0 0.0
10000 10000 705 320 1e-14 9.47683535074e-58 9.47683535074e-58 0.0 0.0
10000 10000 705 320 1e-12 0.0 0.0 0.0 0.0
10000 10000 705 320 1e-10 0.0 0.0 0.0 0.0
