10000 10000 1455 280 1e-22 0.034320530008 0.0343165136317 0.0 0.0
10000 10000 1455 280 1e-20 0.0343100998751 0.0343060848572 0.0 0.0
10000 10000 1455 280 1e-19 0.0342154318067 0.0342114291168 0.0 0.0
10000 10000 1455 280 2e-19 0.0341105641331 0.034106575096 0.0 0.0
10000 10000 1455 280 5e-19 0.0337979653771 0.0337940170157 0.0 0.0
10000 10000 1455 280 7e-19 0.0335912253626 0.0335873038845 0.0 0.0
10000 10000 1455 280 1e-18 0.0332835821171 0.0332797006166 0.0 0.0
10000 10000 1455 280 2e-18 0.0322791320225 0.0322753808216 0.0 0.0
10000 10000 1455 280 5e-18 0.0294509342677 0.0294475479798 0.0 0.0
10000 10000 1455 280 7e-18 0.0277099049461 0.02770674174 0.0 0.0
10000 10000 1455 280 1e-17 0.0252967570283 0.0252939008542 0.0 0.0
10000 10000 1455 280 2e-17 0.0187172169639 0.0187151826247 0.0 0.0
10000 10000 1455 280 5e-17 0.00775055940981 0.00774981735923 0.0 0.0
10000 10000 1455 280 7e-17 0.00438103187418 0.00438065012543 0.0 0.0
10000 10000 1455 280 1e-16 0.00190679714859 0.00190665472447 0.0 0.0
10000 10000 1455 280 1e-15 1.23178025085e-10 1.2317802485e-10 0.0 0.0
10000 10000 1455 280 1e-14 7.4749330529e-57 7.4749330529e-57 0.0 0.0
10000 10000 1455 280 1e-12 0.0 0.0 0.0 0.0
10000 10000 1455 280 1e-10 0.0 0.0 0.0 0.0
