10000 10000 1255 350 1e-22 0.162079013481 0.162062750048 0.161523291254 0.0
10000 10000 1255 350 1e-20 0.16202617775 0.16200992193 0.161470652002 0.0
10000 10000 1255 350 1e-19 0.16154668805 0.161530501279 0.160992945115 0.0
10000 10000 1255 350 2e-19 0.161015682186 0.160999571782 0.160463913074 0.0
10000 10000 1255 350 5e-19 0.159433716363 0.159417832854 0.158887824286 0.0
10000 10000 1255 350 7e-19 0.158388214403 0.158372480336 0.157846203617 0.0
10000 10000 1255 350 1e-18 0.156833539772 0.156818027171 0.156297296406 0.0
10000 10000 1255 350 2e-18 0.151766821164 0.151752023985 0.151249339345 0.0
10000 10000 1255 350 5e-18 0.137578679749 0.137565832622 0.137113441592 0.0
10000 10000 1255 350 7e-18 0.12890374447 0.128892049179 0.128470223381 0.0
10000 10000 1255 350 1e-17 0.116957983738 0.116947821262 0.116567835472 0.0
10000 10000 1255 350 2e-17 0.0848875548824 0.0848811693138 0.0846118595168 0.0
10000 10000 1255 350 5e-17 0.033448950872 0.0334473132003 0.0333483287087 0.0
10000 10000 1255 350 7e-17 0.0183662880585 0.0183656090355 0.0183136759967 0.0
10000 10000 1255 350 1e-16 0.00767170572149 0.00767151762948 0.00765125045069 0.0
10000 10000 1255 350 1e-15 6.92918944344e-11 6.92918944333e-11 6.92899409552e-11 0.0
10000 10000 1255 350 1e-14 5.46438222134e-58 5.46438222134e-58 5.46438222134e-58 0.0
10000 10000 1255 350 1e-12 0.0 0.0 0.0 0.0
10000 10000 1255 350 1e-10 0.0 0.0 0.0 0.0
