10000 10000 655 200 1e-22 0.193952362881 0.193565676917 0.0 0.0
10000 10000 655 200 1e-20 0.193887320522 0.193500777767 0.0 0.0
10000 10000 655 200 1e-19 0.193297086321 0.192911842877 0.0 0.0
10000 10000 655 200 2e-19 0.192643504783 0.192259699581 0.0 0.0
10000 10000 655 200 5e-19 0.190696783274 0.19031725869 0.0 0.0
10000 10000 655 200 7e-19 0.189410565796 0.189033866776 0.0 0.0
10000 10000 655 200 1e-18 0.187498458385 0.187125955911 0.0 0.0
10000 10000 655 200 2e-18 0.181271180847 0.180912312123 0.0 0.0
10000 10000 655 200 5e-18 0.163869655766 0.163548603517 0.0 0.0
10000 10000 655 200 7e-18 0.153257855514 0.152959649349 0.0 0.0
10000 10000 655 200 1e-17 0.138681996913 0.138414885157 0.0 0.0
10000 10000 655 200 2e-17 0.0997903238484 0.0996043384638 0.0 0.0
10000 10000 655 200 5e-17 0.0384061459023 0.0383407310418 0.0 0.0
10000 10000 655 200 7e-17 0.0207863606935 0.0207528258498 0.0 0.0
10000 10000 655 200 1e-16 0.0085056221209 0.00849289507584 0.0 0.0
10000 10000 655 200 1e-15 1.24402882786e-10 1.24402304176e-10 0.0 0.0
10000 10000 655 200 1e-14 2.16208737797e-50 2.16208737797e-50 0.0 0.0
10000 10000 655 200 1e-12 0.0 0.0 0.0 0.0
10000 10000 655 200 1e-10 0.0 0.0 0.0 0.0
