10000 10000 805 410 1e-22 0.444050362193 0.444000141346 0.442933957835 0.0
10000 10000 805 410 1e-20 0.443878511358 0.443828317607 0.442762573676 0.0
10000 10000 805 410 1e-19 0.44231949239 0.44226954428 0.441207787709 0.0
10000 10000 805 410 2e-19 0.440594120522 0.440544443911 0.439487099174 0.0
10000 10000 805 410 5e-19 0.435461087633 0.43541221654 0.434367990939 0.0
10000 10000 805 410 7e-19 0.432074648373 0.432026306894 0.430990731316 0.0
10000 10000 805 410 1e-18 0.427047731113 0.427000173122 0.425977430264 0.0
10000 10000 805 410 2e-18 0.410738375731 0.410693337247 0.409712165164 0.0
10000 10000 805 410 5e-18 0.365684331755 0.365646066656 0.364779196138 0.0
10000 10000 805 410 7e-18 0.338604012779 0.338569678311 0.337771099813 0.0
10000 10000 805 410 1e-17 0.301926311439 0.301897117506 0.301190487632 0.0
10000 10000 805 410 2e-17 0.207337094335 0.207320034829 0.206847043299 0.0
10000 10000 805 410 5e-17 0.0707183650136 0.0707148564658 0.0705654028774 0.0
10000 10000 805 410 7e-17 0.0358082801538 0.0358070275887 0.0357350814268 0.0
10000 10000 805 410 1e-16 0.0134831097104 0.013482832943 0.0134577068566 0.0
10000 10000 805 410 1e-15 2.38426969114e-11 2.38426969112e-11 2.38418746099e-11 0.0
10000 10000 805 410 1e-14 6.03486397095e-59 6.03486397095e-59 6.03486397095e-59 0.0
10000 10000 805 410 1e-12 0.0 0.0 0.0 0.0
10000 10000 805 410 1e-10 0.0 0.0 0.0 0.0
