10000 10000 955 850 1e-22 0.339746918781 0.339746415866 0.339674437857 0.339330628094
10000 10000 955 850 1e-20 0.339593871518 0.339593368924 0.339521433367 0.339177788791
10000 10000 955 850 1e-19 0.338205890711 0.338205391024 0.338133840218 0.337791693542
10000 10000 955 850 2e-19 0.336670761685 0.336670265207 0.336599139434 0.336258649088
10000 10000 955 850 5e-19 0.332109666616 0.332109179644 0.332039313524 0.33170374206
10000 10000 955 850 7e-19 0.329105470079 0.329104989343 0.329035950283 0.328703616754
10000 10000 955 850 1e-18 0.32465323166 0.324652760128 0.324584942911 0.324257405176
10000 10000 955 850 2e-18 0.310269127766 0.310268685661 0.310204783735 0.309892716119
10000 10000 955 850 5e-18 0.271038419217 0.271038054824 0.270984567195 0.270714490724
10000 10000 955 850 7e-18 0.247838272154 0.24783795182 0.247790426372 0.247545027032
10000 10000 955 850 1e-17 0.216910730505 0.216910466474 0.216870637144 0.216657925526
10000 10000 955 850 2e-17 0.140192401275 0.140192262645 0.140170042966 0.140037085359
10000 10000 955 850 5e-17 0.0404073174286 0.0404072973497 0.0404032567769 0.0403688856248
10000 10000 955 850 7e-17 0.0184858638075 0.018485858267 0.0184845129704 0.0184699523047
10000 10000 955 850 1e-16 0.0060674675003 0.00606746669658 0.00606719414754 0.00606294781438
10000 10000 955 850 1e-15 8.79434502071e-13 8.79434502071e-13 8.79434483548e-13 8.79429709732e-13
10000 10000 955 850 1e-14 1.76497499676e-79 1.76497499676e-79 1.76497499676e-79 1.76497499676e-79
10000 10000 955 850 1e-12 0.0 0.0 0.0 0.0
10000 10000 955 850 1e-10 0.0 0.0 0.0 0.0
