10000 10000 555 250 1e-22 0.347181183248 0.346788337329 0.0 0.0
10000 10000 555 250 1e-20 0.347050332369 0.3466576567 0.0 0.0
10000 10000 555 250 1e-19 0.345863198286 0.345472066778 0.0 0.0
10000 10000 555 250 2e-19 0.344549258197 0.344159834924 0.0 0.0
10000 10000 555 250 5e-19 0.340639405773 0.340255060207 0.0 0.0
10000 10000 555 250 7e-19 0.338059245893 0.337678246679 0.0 0.0
10000 10000 555 250 1e-18 0.334228160576 0.333852123462 0.0 0.0
10000 10000 555 250 2e-18 0.321789925239 0.321429942619 0.0 0.0
10000 10000 555 250 5e-18 0.287357111589 0.287041105069 0.0 0.0
10000 10000 555 250 7e-18 0.266605346135 0.266315486807 0.0 0.0
10000 10000 555 250 1e-17 0.238425385231 0.23817056164 0.0 0.0
10000 10000 555 250 2e-17 0.165282806498 0.165115938282 0.0 0.0
10000 10000 555 250 5e-17 0.0578060207499 0.0577567739417 0.0 0.0
10000 10000 555 250 7e-17 0.029687233055 0.0296646207206 0.0 0.0
10000 10000 555 250 1e-16 0.0113809412091 0.0113735994246 0.0 0.0
10000 10000 555 250 1e-15 5.24136850099e-11 5.24136615675e-11 0.0 0.0
10000 10000 555 250 1e-14 5.1771805753e-58 5.1771805753e-58 0.0 0.0
10000 10000 555 250 1e-12 0.0 0.0 0.0 0.0
10000 10000 555 250 1e-10 0.0 0.0 0.0 0.0
