10000 10000 455 190 1e-22 0.285668894477 0.284984607654 0.0 0.0
10000 10000 455 190 1e-20 0.285567955965 0.284883923445 0.0 0.0
10000 10000 455 190 1e-19 0.284652085048 0.283970359765 0.0 0.0
10000 10000 455 190 2e-19 0.283638142759 0.282958971353 0.0 0.0
10000 10000 455 190 5e-19 0.280619478118 0.279947907392 0.0 0.0
10000 10000 455 190 7e-19 0.278626178842 0.277959624872 0.0 0.0
10000 10000 455 190 1e-18 0.2756646327 0.275005529173 0.0 0.0
10000 10000 455 190 2e-18 0.266033983836 0.265399081384 0.0 0.0
10000 10000 455 190 5e-18 0.239242615164 0.238674808071 0.0 0.0
10000 10000 455 190 7e-18 0.222995781302 0.222468485137 0.0 0.0
10000 10000 455 190 1e-17 0.200799189011 0.200327000632 0.0 0.0
10000 10000 455 190 2e-17 0.142321815674 0.141993240294 0.0 0.0
10000 10000 455 190 5e-17 0.0528601990781 0.0527446062088 0.0 0.0
10000 10000 455 190 7e-17 0.0281105207688 0.0280511750149 0.0 0.0
10000 10000 455 190 1e-16 0.0112723358265 0.0112497303935 0.0 0.0
10000 10000 455 190 1e-15 5.2167523058e-11 5.21653436782e-11 0.0 0.0
10000 10000 455 190 1e-14 7.17771585214e-55 7.17771585214e-55 0.0 0.0
10000 10000 455 190 1e-12 0.0 0.0 0.0 0.0
10000 10000 455 190 1e-10 0.0 0.0 0.0 0.0
