10000 10000 455 390 1e-22 0.410325877964 0.410244945696 0.408938804698 0.0
10000 10000 455 390 1e-20 0.410159279318 0.410078390031 0.408772806577 0.0
10000 10000 455 390 1e-19 0.408648081012 0.408567581382 0.407267054932 0.0
10000 10000 455 390 2e-19 0.406975996833 0.406895927883 0.405600995931 0.0
10000 10000 455 390 5e-19 0.402003771252 0.40192498013 0.400646678804 0.0
10000 10000 455 390 7e-19 0.398725297603 0.398647346655 0.397380006257 0.0
10000 10000 455 390 1e-18 0.393861418605 0.393784710619 0.392533624811 0.0
10000 10000 455 390 2e-18 0.378104168039 0.378031457523 0.376832973395 0.0
10000 10000 455 390 5e-18 0.334766971369 0.334705012132 0.333650712043 0.0
10000 10000 455 390 7e-18 0.308862152331 0.308806436842 0.307837946175 0.0
10000 10000 455 390 1e-17 0.273962264872 0.273914723328 0.273061329343 0.0
10000 10000 455 390 2e-17 0.185084731339 0.185056555504 0.18449295258 0.0
10000 10000 455 390 5e-17 0.0606538596102 0.0606476972517 0.0604759506815 0.0
10000 10000 455 390 7e-17 0.030069109034 0.030066786339 0.0299858743278 0.0
10000 10000 455 390 1e-16 0.011024348007 0.0110237830334 0.0109963551542 0.0
10000 10000 455 390 1e-15 1.27864928751e-11 1.27864928739e-11 1.27857637291e-11 0.0
10000 10000 455 390 1e-14 1.19039968018e-57 1.19039968018e-57 1.19039968018e-57 0.0
10000 10000 455 390 1e-12 0.0 0.0 0.0 0.0
10000 10000 455 390 1e-10 0.0 0.0 0.0 0.0
