10000 10000 905 280 1e-22 0.200971858531 0.200896604455 0.0 0.0
10000 10000 905 280 1e-20 0.200904119212 0.200828898789 0.0 0.0
10000 10000 905 280 1e-19 0.200289431987 0.200214516777 0.0 0.0
10000 10000 905 280 2e-19 0.199608816786 0.199534239179 0.0 0.0
10000 10000 905 280 5e-19 0.19758184691 0.197508272571 0.0 0.0
10000 10000 905 280 7e-19 0.196242832348 0.196169918983 0.0 0.0
10000 10000 905 280 1e-18 0.194252564913 0.194180631356 0.0 0.0
10000 10000 905 280 2e-18 0.187773458626 0.187704692566 0.0 0.0
10000 10000 905 280 5e-18 0.169690131844 0.169630020178 0.0 0.0
10000 10000 905 280 7e-18 0.158678188212 0.15862320533 0.0 0.0
10000 10000 905 280 1e-17 0.143571549519 0.143523416231 0.0 0.0
10000 10000 905 280 2e-17 0.103362940952 0.103331859346 0.0 0.0
10000 10000 905 280 5e-17 0.0400815713164 0.0400727562537 0.0 0.0
10000 10000 905 280 7e-17 0.0218706036674 0.0218666547285 0.0 0.0
10000 10000 905 280 1e-16 0.00908221191062 0.00908097562532 0.0 0.0
10000 10000 905 280 1e-15 8.02244701837e-11 8.02244700979e-11 0.0 0.0
10000 10000 905 280 1e-14 1.62098293079e-57 1.62098293079e-57 0.0 0.0
10000 10000 905 280 1e-12 0.0 0.0 0.0 0.0
10000 10000 905 280 1e-10 0.0 0.0 0.0 0.0
