10000 10000 1305 440 1e-22 0.300758227208 0.300753717453 0.300345697807 0.0
10000 10000 1305 440 1e-20 0.300652926227 0.300648419007 0.300240560035 0.0
10000 10000 1305 440 1e-19 0.299697437153 0.299692952905 0.299286551565 0.0
10000 10000 1305 440 2e-19 0.298639560655 0.298635101793 0.298230313639 0.0
10000 10000 1305 440 5e-19 0.295489637414 0.295485253837 0.295085265069 0.0
10000 10000 1305 440 7e-19 0.293409286801 0.293404952697 0.293008130333 0.0
10000 10000 1305 440 1e-18 0.290317847201 0.290313586245 0.289921464286 0.0
10000 10000 1305 440 2e-18 0.280260171599 0.280256145546 0.279879274362 0.0
10000 10000 1305 440 5e-18 0.252243123376 0.252239726184 0.251904986657 0.0
10000 10000 1305 440 7e-18 0.235225499928 0.2352224657 0.23491304669 0.0
10000 10000 1305 440 1e-17 0.211941641506 0.211939079451 0.211663942092 0.0
10000 10000 1305 440 2e-17 0.150407802591 0.150406340567 0.150219441614 0.0
10000 10000 1305 440 5e-17 0.0557782256498 0.0557779475988 0.0557169497811 0.0
10000 10000 1305 440 7e-17 0.0295595973014 0.0295595038392 0.0295297046979 0.0
10000 10000 1305 440 1e-16 0.0117802046105 0.0117801860371 0.0117696099311 0.0
10000 10000 1305 440 1e-15 2.12475413196e-11 2.12475413196e-11 2.12471616434e-11 0.0
10000 10000 1305 440 1e-14 2.17911224144e-58 2.17911224144e-58 2.17911224144e-58 0.0
10000 10000 1305 440 1e-12 0.0 0.0 0.0 0.0
10000 10000 1305 440 1e-10 0.0 0.0 0.0 0.0
