10000 10000 2955 1350 1e-22 0.160210846 0.160210846 0.160210846 0.160187859305
10000 10000 2955 1350 1e-20 0.160143506165 0.160143506165 0.160143506165 0.160120533869
10000 10000 2955 1350 1e-19 0.159532716792 0.159532716792 0.159532716792 0.159509874962
10000 10000 2955 1350 2e-19 0.158856991725 0.158856991725 0.158856991725 0.158834293968
10000 10000 2955 1350 5e-19 0.156848173283 0.156848173283 0.156848173283 0.156825902183
10000 10000 2955 1350 7e-19 0.155524109449 0.155524109449 0.155524109449 0.155502118214
10000 10000 2955 1350 1e-18 0.1535604422 0.1535604422 0.1535604422 0.153538864022
10000 10000 2955 1350 2e-18 0.147204595506 0.147204595506 0.147204595506 0.147184337664
10000 10000 2955 1350 5e-18 0.129771636393 0.129771636393 0.129771636393 0.129754864293
10000 10000 2955 1350 7e-18 0.119386798715 0.119386798715 0.119386798715 0.119372003051
10000 10000 2955 1350 1e-17 0.105442471113 0.105442471113 0.105442471113 0.105430202811
10000 10000 2955 1350 2e-17 0.0702176493293 0.0702176493293 0.0702176493293 0.0702110345215
10000 10000 2955 1350 5e-17 0.0219896013125 0.0219896013125 0.0219896013125 0.0219884966834
10000 10000 2955 1350 7e-17 0.0105463190727 0.0105463190727 0.0105463190727 0.0105459659003
10000 10000 2955 1350 1e-16 0.00366236980227 0.00366236980227 0.00366236980227 0.00366230102134
10000 10000 2955 1350 1e-15 9.07965588632e-14 9.07965588632e-14 9.07965588632e-14 9.07965588629e-14
10000 10000 2955 1350 1e-14 1.34568838923e-81 1.34568838923e-81 1.34568838923e-81 1.34568838923e-81
10000 10000 2955 1350 1e-12 0.0 0.0 0.0 0.0
10000 10000 2955 1350 1e-10 0.0 0.0 0.0 0.0
