10000 10000 1455 340 1e-22 0.0868394668711 0.0868336371401 0.0865040111268 0.0
10000 10000 1455 340 1e-20 0.0868128356378 0.0868070087743 0.0864774962638 0.0
10000 10000 1455 340 1e-19 0.0865711297241 0.0865653288609 0.0862368462877 0.0
10000 10000 1455 340 2e-19 0.0863034029235 0.0862976308071 0.0859702885905 0.0
10000 10000 1455 340 5e-19 0.0855054682295 0.0854997814618 0.0851758351002 0.0
10000 10000 1455 340 7e-19 0.0849778527406 0.0849722221371 0.0846505188314 0.0
10000 10000 1455 340 1e-18 0.0841928805817 0.0841873331379 0.0838689634717 0.0
10000 10000 1455 340 2e-18 0.0816312511322 0.0816259717209 0.0813184512154 0.0
10000 10000 1455 340 5e-18 0.0744290522818 0.074424498599 0.074147229813 0.0
10000 10000 1455 340 7e-18 0.0700029633076 0.0699988347858 0.0697399641434 0.0
10000 10000 1455 340 1e-17 0.0638774449146 0.0638738778811 0.0636402114851 0.0
10000 10000 1455 340 2e-17 0.0472268388502 0.0472246321266 0.0470577880822 0.0
10000 10000 1455 340 5e-17 0.0195920579278 0.019591503914 0.0195284413967 0.0
10000 10000 1455 340 7e-17 0.01110018766 0.0110999579593 0.0110661265456 0.0
10000 10000 1455 340 1e-16 0.00484200755031 0.00484194326248 0.00482824926298 0.0
10000 10000 1455 340 1e-15 9.36781691531e-11 9.36781691526e-11 9.36763257721e-11 0.0
10000 10000 1455 340 1e-14 1.56583492937e-58 1.56583492937e-58 1.56583492937e-58 0.0
10000 10000 1455 340 1e-12 0.0 0.0 0.0 0.0
10000 10000 1455 340 1e-10 0.0 0.0 0.0 0.0
