10000 10000 855 390 1e-22 0.408116332885 0.408065959533 0.407006623947 0.0
10000 10000 855 390 1e-20 0.407961339394 0.407910993166 0.406852083909 0.0
10000 10000 855 390 1e-19 0.40655519805 0.406505097709 0.405450055796 0.0
10000 10000 855 390 2e-19 0.404998908917 0.40494908034 0.403898317828 0.0
10000 10000 855 390 5e-19 0.400368230012 0.400319207687 0.399281172761 0.0
10000 10000 855 390 7e-19 0.397312655598 0.397264163325 0.396234522125 0.0
10000 10000 855 390 1e-18 0.392776059346 0.39272835115 0.391711165216 0.0
10000 10000 855 390 2e-18 0.378050590181 0.378005402905 0.377028588377 0.0
10000 10000 855 390 5e-18 0.337313782647 0.337275369241 0.336409756803 0.0
10000 10000 855 390 7e-18 0.312783794222 0.312749309894 0.311950291453 0.0
10000 10000 855 390 1e-17 0.279500760123 0.279471412976 0.278762265099 0.0
10000 10000 855 390 2e-17 0.193283997549 0.193266779007 0.192787345015 0.0
10000 10000 855 390 5e-17 0.0672124407592 0.06720883331 0.0670530231684 0.0
10000 10000 855 390 7e-17 0.0344165287181 0.0344152224753 0.0343389911423 0.0
10000 10000 855 390 1e-16 0.0131405946204 0.013140300426 0.0131131537444 0.0
10000 10000 855 390 1e-15 3.6911702076e-11 3.6911702076e-11 3.69110105062e-11 0.0
10000 10000 855 390 1e-14 1.49148411973e-58 1.49148411973e-58 1.49148411973e-58 0.0
10000 10000 855 390 1e-12 0.0 0.0 0.0 0.0
10000 10000 855 390 1e-10 0.0 0.0 0.0 0.0
