10000 10000 1405 330 1e-22 0.082689791094 0.0826732561125 0.0 0.0
10000 10000 1405 330 1e-20 0.0826630731626 0.0826465459514 0.0 0.0
10000 10000 1405 330 1e-19 0.0824206046192 0.0824041478752 0.0 0.0
10000 10000 1405 330 2e-19 0.0821520841578 0.0821357053486 0.0 0.0
10000 10000 1405 330 5e-19 0.0813521037726 0.0813359565004 0.0 0.0
10000 10000 1405 330 7e-19 0.0808233999561 0.080807405171 0.0 0.0
10000 10000 1405 330 1e-18 0.0800372007163 0.0800214318926 0.0 0.0
10000 10000 1405 330 2e-18 0.077474871088 0.077459832058 0.0 0.0
10000 10000 1405 330 5e-18 0.0702987935158 0.0702857425033 0.0 0.0
10000 10000 1405 330 7e-18 0.0659103644366 0.0658984867956 0.0 0.0
10000 10000 1405 330 1e-17 0.0598659377185 0.0598556204408 0.0 0.0
10000 10000 1405 330 2e-17 0.0436261039016 0.0436196252513 0.0 0.0
10000 10000 1405 330 5e-17 0.0174765362804 0.0174748686613 0.0 0.0
10000 10000 1405 330 7e-17 0.00973484462249 0.00973414797551 0.0 0.0
10000 10000 1405 330 1e-16 0.00417205926179 0.00417186266781 0.0 0.0
10000 10000 1405 330 1e-15 8.5581264935e-11 8.55812649337e-11 0.0 0.0
10000 10000 1405 330 1e-14 2.92004988158e-59 2.92004988158e-59 0.0 0.0
10000 10000 1405 330 1e-12 0.0 0.0 0.0 0.0
10000 10000 1405 330 1e-10 0.0 0.0 0.0 0.0
