10000 10000 1155 350 1e-22 0.215526719636 0.215497154112 0.21475556529 0.0
10000 10000 1155 350 1e-20 0.215453887024 0.215424336108 0.214683011815 0.0
10000 10000 1155 350 1e-19 0.214792968873 0.214763550424 0.214024626394 0.0
10000 10000 1155 350 2e-19 0.214061137359 0.214031865377 0.213295598743 0.0
10000 10000 1155 350 5e-19 0.211881471155 0.211852634076 0.21112427963 0.0
10000 10000 1155 350 7e-19 0.21044144931 0.210412898459 0.209689769199 0.0
10000 10000 1155 350 1e-18 0.208300849202 0.208272722209 0.207557357107 0.0
10000 10000 1155 350 2e-18 0.201330728959 0.20130396853 0.200613858465 0.0
10000 10000 1155 350 5e-18 0.181864450473 0.181841393248 0.181221591438 0.0
10000 10000 1155 350 7e-18 0.170002019066 0.16998113317 0.16940400121 0.0
10000 10000 1155 350 1e-17 0.153719750877 0.153701734136 0.153182931874 0.0
10000 10000 1155 350 2e-17 0.110349685457 0.110338620939 0.109973575758 0.0
10000 10000 1155 350 5e-17 0.0422141119269 0.0422114328331 0.0420804875658 0.0
10000 10000 1155 350 7e-17 0.022777616654 0.0227765397978 0.0227090822543 0.0
10000 10000 1155 350 1e-16 0.0092929026191 0.00929261584722 0.00926705772165 0.0
10000 10000 1155 350 1e-15 5.80048510138e-11 5.80048510134e-11 5.80035264568e-11 0.0
10000 10000 1155 350 1e-14 5.16744847629e-58 5.16744847629e-58 5.16744847629e-58 0.0
10000 10000 1155 350 1e-12 0.0 0.0 0.0 0.0
10000 10000 1155 350 1e-10 0.0 0.0 0.0 0.0
