10000 10000 905 270 1e-22 0.203955270101 0.203857244014 0.0 0.0
10000 10000 905 270 1e-20 0.203885174834 0.203787191904 0.0 0.0
10000 10000 905 270 1e-19 0.20324912761 0.203151536087 0.0 0.0
10000 10000 905 270 2e-19 0.202544900623 0.202447742047 0.0 0.0
10000 10000 905 270 5e-19 0.20044785675 0.200351984805 0.0 0.0
10000 10000 905 270 7e-19 0.199062754289 0.198967730023 0.0 0.0
10000 10000 905 270 1e-18 0.197004284569 0.196910516911 0.0 0.0
10000 10000 905 270 2e-18 0.19030569383 0.190215988832 0.0 0.0
10000 10000 905 270 5e-18 0.171631450722 0.171552850011 0.0 0.0
10000 10000 905 270 7e-18 0.160276501365 0.160204485719 0.0 0.0
10000 10000 905 270 1e-17 0.144722242147 0.144659028999 0.0 0.0
10000 10000 905 270 2e-17 0.103477326237 0.103436097588 0.0 0.0
10000 10000 905 270 5e-17 0.0392938946829 0.0392817863467 0.0 0.0
10000 10000 905 270 7e-17 0.0211506528791 0.0211450961196 0.0 0.0
10000 10000 905 270 1e-16 0.0086195217513 0.00861771955604 0.0 0.0
10000 10000 905 270 1e-15 1.04791319726e-10 1.04791316887e-10 0.0 0.0
10000 10000 905 270 1e-14 8.07193660943e-57 8.07193660943e-57 0.0 0.0
10000 10000 905 270 1e-12 0.0 0.0 0.0 0.0
10000 10000 905 270 1e-10 0.0 0.0 0.0 0.0
