10000 10000 1955 270 1e-22 0.00670010103736 0.00669886312114 0.0 0.0
10000 10000 1955 270 1e-20 0.00669815268748 0.00669691514525 0.0 0.0
10000 10000 1955 270 1e-19 0.00668046739884 0.00667923325131 0.0 0.0
10000 10000 1955 270 2e-19 0.00666087397863 0.00665964359194 0.0 0.0
10000 10000 1955 270 5e-19 0.00660245122998 0.00660123205637 0.0 0.0
10000 10000 1955 270 7e-19 0.00656379877078 0.00656258701506 0.0 0.0
10000 10000 1955 270 1e-18 0.00650626039632 0.00650505968189 0.0 0.0
10000 10000 1955 270 2e-18 0.00631822190583 0.00631705726584 0.0 0.0
10000 10000 1955 270 5e-18 0.00578724871351 0.00578618585254 0.0 0.0
10000 10000 1955 270 7e-18 0.00545919637259 0.00545819631824 0.0 0.0
10000 10000 1955 270 1e-17 0.00500287504836 0.0050019622389 0.0 0.0
10000 10000 1955 270 2e-17 0.00374758583208 0.0037469120132 0.0 0.0
10000 10000 1955 270 5e-17 0.00160330252218 0.00160302974877 0.0 0.0
10000 10000 1955 270 7e-17 0.000922489877182 0.000922339844539 0.0 0.0
10000 10000 1955 270 1e-16 0.000409784667353 0.000409723028319 0.0 0.0
10000 10000 1955 270 1e-15 8.0685476922e-11 8.06854762916e-11 0.0 0.0
10000 10000 1955 270 1e-14 4.15521239714e-57 4.15521239714e-57 0.0 0.0
10000 10000 1955 270 1e-12 0.0 0.0 0.0 0.0
10000 10000 1955 270 1e-10 0.0 0.0 0.0 0.0
