10000 10000 1055 340 1e-22 0.248661321916 0.248604638101 0.247545245544 0.0
10000 10000 1055 340 1e-20 0.248574778538 0.248518125864 0.247459121673 0.0
10000 10000 1055 340 1e-19 0.247789502669 0.247733132288 0.246677651768 0.0
10000 10000 1055 340 2e-19 0.24692009745 0.246864039022 0.245812459099 0.0
10000 10000 1055 340 5e-19 0.244331478347 0.244276345111 0.243236375445 0.0
10000 10000 1055 340 7e-19 0.242621930111 0.242567404886 0.241535099746 0.0
10000 10000 1055 340 1e-18 0.240081641879 0.240028015699 0.239007095139 0.0
10000 10000 1055 340 2e-18 0.231818126224 0.231767387711 0.23078346332 0.0
10000 10000 1055 340 5e-18 0.208806272836 0.208763270536 0.207882047701 0.0
10000 10000 1055 340 7e-18 0.194832818285 0.194794286523 0.193975173327 0.0
10000 10000 1055 340 1e-17 0.17571662523 0.175683918032 0.174949424941 0.0
10000 10000 1055 340 2e-17 0.125183198849 0.125164134001 0.124650977042 0.0
10000 10000 1055 340 5e-17 0.0471322654235 0.0471282658774 0.046946307599 0.0
10000 10000 1055 340 7e-17 0.0252558602156 0.0252543829026 0.0251607837662 0.0
10000 10000 1055 340 1e-16 0.0102268712342 0.0102265179964 0.0101909267155 0.0
10000 10000 1055 340 1e-15 6.72577477101e-11 6.72577477019e-11 6.72563070387e-11 0.0
10000 10000 1055 340 1e-14 8.45989815338e-59 8.45989815338e-59 8.45989815338e-59 0.0
10000 10000 1055 340 1e-12 0.0 0.0 0.0 0.0
10000 10000 1055 340 1e-10 0.0 0.0 0.0 0.0
