10000 10000 1405 180 1e-22 0.00145191979402 0.00144949533025 0.0 0.0
10000 10000 1405 180 1e-20 0.00145155924307 0.0014491353961 0.0 0.0
10000 10000 1405 180 1e-19 0.0014482856687 0.00144586742166 0.0 0.0
10000 10000 1405 180 2e-19 0.00144465714291 0.00144224510271 0.0 0.0
10000 10000 1405 180 5e-19 0.00143382677997 0.00143143326409 0.0 0.0
10000 10000 1405 180 7e-19 0.00142665231401 0.0014242710679 0.0 0.0
10000 10000 1405 180 1e-18 0.00141595880974 0.00141359584946 0.0 0.0
10000 10000 1405 180 2e-18 0.00138089727816 0.00137859425417 0.0 0.0
10000 10000 1405 180 5e-18 0.00128090491759 0.00127877266202 0.0 0.0
10000 10000 1405 180 7e-18 0.00121835388201 0.00121632832076 0.0 0.0
10000 10000 1405 180 1e-17 0.00113028493029 0.00112840940449 0.0 0.0
10000 10000 1405 180 2e-17 0.000880708043424 0.000879256344092 0.0 0.0
10000 10000 1405 180 5e-17 0.000419118387392 0.000418442833577 0.0 0.0
10000 10000 1405 180 7e-17 0.000256843642592 0.00025643674571 0.0 0.0
10000 10000 1405 180 1e-16 0.000124325185944 0.000124134099918 0.0 0.0
10000 10000 1405 180 1e-15 8.12252932002e-11 8.12251284137e-11 0.0 0.0
10000 10000 1405 180 1e-14 1.34818284005e-50 1.34818284005e-50 0.0 0.0
10000 10000 1405 180 1e-12 0.0 0.0 0.0 0.0
10000 10000 1405 180 1e-10 0.0 0.0 0.0 0.0
