10000 10000 1105 390 1e-22 0.301027671513 0.300997908977 0.300287229756 0.0
10000 10000 1105 390 1e-20 0.300922209838 0.300892463497 0.300182065942 0.0
10000 10000 1105 390 1e-19 0.299965280641 0.299935681116 0.299227838696 0.0
10000 10000 1105 390 2e-19 0.298905847492 0.298876410226 0.298171395329 0.0
10000 10000 1105 390 5e-19 0.295751523816 0.29572256789 0.295025963364 0.0
10000 10000 1105 390 7e-19 0.293668459029 0.293639819515 0.292948762288 0.0
10000 10000 1105 390 1e-18 0.290573267234 0.29054509572 0.289862271102 0.0
10000 10000 1105 390 2e-18 0.280505691622 0.280479024366 0.279822893397 0.0
10000 10000 1105 390 5e-18 0.252479215575 0.252456586711 0.251874060385 0.0
10000 10000 1105 390 7e-18 0.235468355334 0.235448066016 0.234909678106 0.0
10000 10000 1105 390 1e-17 0.212207934718 0.212190700408 0.211711959164 0.0
10000 10000 1105 390 2e-17 0.150799894335 0.150789848212 0.150464091574 0.0
10000 10000 1105 390 5e-17 0.0563567895542 0.0563547261106 0.0562467025939 0.0
10000 10000 1105 390 7e-17 0.030063241642 0.0300625035536 0.0300089119511 0.0
10000 10000 1105 390 1e-16 0.0121024550334 0.0121022914345 0.0120827947253 0.0
10000 10000 1105 390 1e-15 5.05249713408e-11 5.05249713408e-11 5.05238356003e-11 0.0
10000 10000 1105 390 1e-14 4.26349842481e-58 4.26349842481e-58 4.26349842481e-58 0.0
10000 10000 1105 390 1e-12 0.0 0.0 0.0 0.0
10000 10000 1105 390 1e-10 0.0 0.0 0.0 0.0
