10000 10000 355 350 1e-22 0.36427235111 0.364138998536 0.362275639609 0.0
10000 10000 355 350 1e-20 0.36412986306 0.363996582189 0.362133982304 0.0
10000 10000 355 350 1e-19 0.362837257822 0.362704626953 0.360848912433 0.0
10000 10000 355 350 2e-19 0.361406803857 0.361274891358 0.359426795587 0.0
10000 10000 355 350 5e-19 0.357151639575 0.357021858066 0.355196420114 0.0
10000 10000 355 350 7e-19 0.354344754615 0.354216373899 0.352405877328 0.0
10000 10000 355 350 1e-18 0.350178723098 0.35005241423 0.348264086994 0.0
10000 10000 355 350 2e-18 0.336667249935 0.336547600214 0.334831114924 0.0
10000 10000 355 350 5e-18 0.299381563939 0.299279791656 0.297761055347 0.0
10000 10000 355 350 7e-18 0.276999330023 0.276907916727 0.27550749246 0.0
10000 10000 355 350 1e-17 0.246720994689 0.246643114588 0.245402198985 0.0
10000 10000 355 350 2e-17 0.168845928286 0.168799964125 0.167965668894 0.0
10000 10000 355 350 5e-17 0.0570569103678 0.057046898088 0.0567804305453 0.0
10000 10000 355 350 7e-17 0.0287082376795 0.0287044529421 0.0285755255022 0.0
10000 10000 355 350 1e-16 0.0106974886089 0.0106965585897 0.0106513217666 0.0
10000 10000 355 350 1e-15 2.16602829083e-11 2.16602828874e-11 2.16589863893e-11 0.0
10000 10000 355 350 1e-14 7.80381806772e-59 7.80381806772e-59 7.80381806772e-59 0.0
10000 10000 355 350 1e-12 0.0 0.0 0.0 0.0
10000 10000 355 350 1e-10 0.0 0.0 0.0 0.0
