10000 10000 555 200 1e-22 0.262596654352 0.262019951024 0.0 0.0
10000 10000 555 200 1e-20 0.262504911139 0.261928421486 0.0 0.0
10000 10000 555 200 1e-19 0.261672439057 0.261097888072 0.0 0.0
10000 10000 555 200 2e-19 0.260750751894 0.260178346931 0.0 0.0
10000 10000 555 200 5e-19 0.258006283236 0.257440265823 0.0 0.0
10000 10000 555 200 7e-19 0.256193661985 0.255631861191 0.0 0.0
10000 10000 555 200 1e-18 0.25349999714 0.252944459346 0.0 0.0
10000 10000 555 200 2e-18 0.244735794774 0.244200607971 0.0 0.0
10000 10000 555 200 5e-18 0.220316310804 0.219837602623 0.0 0.0
10000 10000 555 200 7e-18 0.205479448436 0.205034882504 0.0 0.0
10000 10000 555 200 1e-17 0.185173280773 0.184775210138 0.0 0.0
10000 10000 555 200 2e-17 0.13146827327 0.13119164433 0.0 0.0
10000 10000 555 200 5e-17 0.0487229538546 0.0486268899617 0.0 0.0
10000 10000 555 200 7e-17 0.0257635103956 0.0257149186821 0.0 0.0
10000 10000 555 200 1e-16 0.0102096645324 0.0101916848782 0.0 0.0
10000 10000 555 200 1e-15 1.34255395319e-10 1.34254511402e-10 0.0 0.0
10000 10000 555 200 1e-14 3.0938360422e-48 3.0938360422e-48 0.0 0.0
10000 10000 555 200 1e-12 0.0 0.0 0.0 0.0
10000 10000 555 200 1e-10 0.0 0.0 0.0 0.0
