10000 10000 1105 180 1e-22 0.0157353167689 0.0157045555113 0.0 0.0
10000 10000 1105 180 1e-20 0.0157307931481 0.0157000410337 0.0 0.0
10000 10000 1105 180 1e-19 0.0156897310165 0.015659061894 0.0 0.0
10000 10000 1105 180 2e-19 0.0156442365284 0.0156136593484 0.0 0.0
10000 10000 1105 180 5e-19 0.0155085705938 0.0154782675409 0.0 0.0
10000 10000 1105 180 7e-19 0.0154188036795 0.0153886819698 0.0 0.0
10000 10000 1105 180 1e-18 0.0152851604675 0.0152553086784 0.0 0.0
10000 10000 1105 180 2e-18 0.0148482772211 0.0148193073038 0.0 0.0
10000 10000 1105 180 5e-18 0.013613522763 0.0135870408751 0.0 0.0
10000 10000 1105 180 7e-18 0.0128498017328 0.0128248552837 0.0 0.0
10000 10000 1105 180 1e-17 0.0117863268908 0.0117635137313 0.0 0.0
10000 10000 1105 180 2e-17 0.00885334932421 0.00883638592599 0.0 0.0
10000 10000 1105 180 5e-17 0.00381182443423 0.00380474612242 0.0 0.0
10000 10000 1105 180 7e-17 0.00219995368095 0.0021959556754 0.0 0.0
10000 10000 1105 180 1e-16 0.000980790563855 0.000979066673144 0.0 0.0
10000 10000 1105 180 1e-15 2.64705715162e-10 2.64704788417e-10 0.0 0.0
10000 10000 1105 180 1e-14 3.67524037359e-45 3.67524037359e-45 0.0 0.0
10000 10000 1105 180 1e-12 0.0 0.0 0.0 0.0
10000 10000 1105 180 1e-10 0.0 0.0 0.0 0.0
