10000 10000 755 300 1e-22 0.351381360828 0.351233230837 0.0 0.0
10000 10000 755 300 1e-20 0.351254071735 0.351106013666 0.0 0.0
10000 10000 755 300 1e-19 0.350099152638 0.349951746736 0.0 0.0
10000 10000 755 300 2e-19 0.348820660155 0.34867397537 0.0 0.0
10000 10000 755 300 5e-19 0.345014984712 0.344870441268 0.0 0.0
10000 10000 755 300 7e-19 0.342502496134 0.342359362105 0.0 0.0
10000 10000 755 300 1e-18 0.338770296746 0.338629250005 0.0 0.0
10000 10000 755 300 2e-18 0.326639739863 0.326505424249 0.0 0.0
10000 10000 755 300 5e-18 0.292946536841 0.292830475128 0.0 0.0
10000 10000 755 300 7e-18 0.272555139425 0.272449792207 0.0 0.0
10000 10000 755 300 1e-17 0.244751671626 0.244660499795 0.0 0.0
10000 10000 755 300 2e-17 0.171873282144 0.171816589426 0.0 0.0
10000 10000 755 300 5e-17 0.0620436520377 0.0620292093383 0.0 0.0
10000 10000 755 300 7e-17 0.0323702165207 0.0323641541577 0.0 0.0
10000 10000 755 300 1e-16 0.0126229741217 0.0126212324861 0.0 0.0
10000 10000 755 300 1e-15 5.3249854562e-11 5.32498543197e-11 0.0 0.0
10000 10000 755 300 1e-14 7.84376053094e-58 7.84376053094e-58 0.0 0.0
10000 10000 755 300 1e-12 0.0 0.0 0.0 0.0
10000 10000 755 300 1e-10 0.0 0.0 0.0 0.0
