10000 10000 1105 420 1e-22 0.33971337352 0.339695314209 0.339140577748 0.0
10000 10000 1105 420 1e-20 0.339589431875 0.339571382423 0.339016864826 0.0
10000 10000 1105 420 1e-19 0.338464921212 0.338446961134 0.337894428993 0.0
10000 10000 1105 420 2e-19 0.337220167233 0.33720230593 0.336651970971 0.0
10000 10000 1105 420 5e-19 0.333515396703 0.333497828404 0.332954029312 0.0
10000 10000 1105 420 7e-19 0.331069915887 0.33105254019 0.330513052365 0.0
10000 10000 1105 420 1e-18 0.327437828399 0.327420737566 0.326887648502 0.0
10000 10000 1105 420 2e-18 0.315637415268 0.315621239975 0.315108902735 0.0
10000 10000 1105 420 5e-18 0.282899587836 0.282885869767 0.282430788587 0.0
10000 10000 1105 420 7e-18 0.263113986706 0.263101691655 0.262680971274 0.0
10000 10000 1105 420 1e-17 0.236170193801 0.236159756254 0.235785502614 0.0
10000 10000 1105 420 2e-17 0.165727976384 0.165721905112 0.16546702237 0.0
10000 10000 1105 420 5e-17 0.0599952973933 0.0599940598445 0.0599095989675 0.0
10000 10000 1105 420 7e-17 0.0314418237646 0.0314413837145 0.031399596054 0.0
10000 10000 1105 420 1e-16 0.0123666213244 0.0123665246869 0.0123514202448 0.0
10000 10000 1105 420 1e-15 2.29527314204e-11 2.29527314203e-11 2.29521883009e-11 0.0
10000 10000 1105 420 1e-14 7.18092813055e-61 7.18092813055e-61 7.18092813055e-61 0.0
10000 10000 1105 420 1e-12 0.0 0.0 0.0 0.0
10000 10000 1105 420 1e-10 0.0 0.0 0.0 0.0
