10000 10000 2955 1600 1e-22 0.102005854757 0.102005854757 0.102005854757 0.101993644647
10000 10000 2955 1600 1e-20 0.101961058738 0.101961058738 0.101961058738 0.101948854608
10000 10000 2955 1600 1e-19 0.101554772599 0.101554772599 0.101554772599 0.101542622692
10000 10000 2955 1600 2e-19 0.101105345344 0.101105345344 0.101105345344 0.101093255395
10000 10000 2955 1600 5e-19 0.0997696048743 0.0997696048743 0.0997696048743 0.0997576929743
10000 10000 2955 1600 7e-19 0.0988894595692 0.0988894595692 0.0988894595692 0.0988776648673
10000 10000 2955 1600 1e-18 0.0975845610531 0.0975845610531 0.0975845610531 0.097572939927
10000 10000 2955 1600 2e-18 0.0933644442887 0.0933644442887 0.0933644442887 0.0933533829953
10000 10000 2955 1600 5e-18 0.0818193887054 0.0818193887054 0.0818193887054 0.0818098461846
10000 10000 2955 1600 7e-18 0.0749657616043 0.0749657616043 0.0749657616043 0.0749571108984
10000 10000 2955 1600 1e-17 0.0657960655229 0.0657960655229 0.0657960655229 0.0657885949592
10000 10000 2955 1600 2e-17 0.0428571772054 0.0428571772054 0.0428571772054 0.042852576508
10000 10000 2955 1600 5e-17 0.0124534801131 0.0124534801131 0.0124534801131 0.0124523703872
10000 10000 2955 1600 7e-17 0.00565685100049 0.00565685100049 0.00565685100049 0.00565641208952
10000 10000 2955 1600 1e-16 0.0018050168716 0.0018050168716 0.0018050168716 0.00180490542819
10000 10000 2955 1600 1e-15 4.09743198161e-15 4.09743198161e-15 4.09743198161e-15 4.09743198088e-15
10000 10000 2955 1600 1e-14 1.82313976534e-109 1.82313976534e-109 1.82313976534e-109 1.82313976534e-109
10000 10000 2955 1600 1e-12 0.0 0.0 0.0 0.0
10000 10000 2955 1600 1e-10 0.0 0.0 0.0 0.0
