10000 10000 1455 430 1e-22 0.208764570123 0.208758925905 0.208456425658 0.0
10000 10000 1455 430 1e-20 0.208694048918 0.208688407828 0.208386022706 0.0
10000 10000 1455 430 1e-19 0.208054110387 0.208048497655 0.20774715701 0.0
10000 10000 1455 430 2e-19 0.207345519592 0.207339938199 0.207039753637 0.0
10000 10000 1455 430 5e-19 0.205235135564 0.20522964712 0.204932902922 0.0
10000 10000 1455 430 7e-19 0.20384093716 0.203835509803 0.203541036137 0.0
10000 10000 1455 430 1e-18 0.201768529129 0.201763192103 0.201472090061 0.0
10000 10000 1455 430 2e-18 0.1950210725 0.195016025646 0.194735872368 0.0
10000 10000 1455 430 5e-18 0.176181569923 0.176177300653 0.175927473024 0.0
10000 10000 1455 430 7e-18 0.164704504144 0.164700684286 0.164469142589 0.0
10000 10000 1455 430 1e-17 0.148955120366 0.148951885986 0.148745183234 0.0
10000 10000 1455 430 2e-17 0.107022537579 0.107020672769 0.106878431058 0.0
10000 10000 1455 430 5e-17 0.0411376990987 0.0411373300181 0.0410892005142 0.0
10000 10000 1455 430 7e-17 0.0222943356374 0.0222942074374 0.0222701916172 0.0
10000 10000 1455 430 1e-16 0.00916337042619 0.00916334347662 0.00915458589185 0.0
10000 10000 1455 430 1e-15 4.41604111678e-11 4.41604111678e-11 4.41598632104e-11 0.0
10000 10000 1455 430 1e-14 1.87564618144e-57 1.87564618144e-57 1.87564618144e-57 0.0
10000 10000 1455 430 1e-12 0.0 0.0 0.0 0.0
10000 10000 1455 430 1e-10 0.0 0.0 0.0 0.0
