10000 10000 2955 2100 1e-22 0.0067707741024 0.0067707741024 0.0067707741024 0.0067707741024
10000 10000 2955 2100 1e-20 0.00676733490771 0.00676733490771 0.00676733490771 0.00676733490771
10000 10000 2955 2100 1e-19 0.00673615256095 0.00673615256095 0.00673615256095 0.00673615256095
10000 10000 2955 2100 2e-19 0.00670168038574 0.00670168038574 0.00670168038574 0.00670168038574
10000 10000 2955 2100 5e-19 0.00659935840468 0.00659935840468 0.00659935840468 0.00659935840468
10000 10000 2955 2100 7e-19 0.00653204582845 0.00653204582845 0.00653204582845 0.00653204582845
10000 10000 2955 2100 1e-18 0.00643241025424 0.00643241025424 0.00643241025424 0.00643241025424
10000 10000 2955 2100 2e-18 0.0061115328916 0.0061115328916 0.0061115328916 0.0061115328916
10000 10000 2955 2100 5e-18 0.00524487166516 0.00524487166516 0.00524487166516 0.00524487166516
10000 10000 2955 2100 7e-18 0.00473878473385 0.00473878473385 0.00473878473385 0.00473878473385
10000 10000 2955 2100 1e-17 0.00407259209415 0.00407259209415 0.00407259209415 0.00407259209415
10000 10000 2955 2100 2e-17 0.00247217887665 0.00247217887665 0.00247217887665 0.00247217887665
10000 10000 2955 2100 5e-17 0.000579678970674 0.000579678970674 0.000579678970674 0.000579678970674
10000 10000 2955 2100 7e-17 0.000227798535952 0.000227798535952 0.000227798535952 0.000227798535952
10000 10000 2955 2100 1e-16 5.84019845058e-05 5.84019845058e-05 5.84019845058e-05 5.84019845058e-05
10000 10000 2955 2100 1e-15 4.80244309577e-19 4.80244309577e-19 4.80244309577e-19 4.80244309577e-19
10000 10000 2955 2100 1e-14 3.1952683681e-144 3.1952683681e-144 3.1952683681e-144 3.1952683681e-144
10000 10000 2955 2100 1e-12 0.0 0.0 0.0 0.0
10000 10000 2955 2100 1e-10 0.0 0.0 0.0 0.0
