10000 10000 1305 210 1e-22 0.00793883353766 0.00793062247457 0.0 0.0
10000 10000 1305 210 1e-20 0.0079365088134 0.00792830041438 0.0 0.0
10000 10000 1305 210 1e-19 0.00791540750908 0.00790722328694 0.0 0.0
10000 10000 1305 210 2e-19 0.0078920302586 0.00788387281138 0.0 0.0
10000 10000 1305 210 5e-19 0.00782232976879 0.00781425209205 0.0 0.0
10000 10000 1305 210 7e-19 0.00777621985276 0.00776819489782 0.0 0.0
10000 10000 1305 210 1e-18 0.00770758601426 0.00769963946098 0.0 0.0
10000 10000 1305 210 2e-18 0.00748333554859 0.00747564453876 0.0 0.0
10000 10000 1305 210 5e-18 0.00685052172702 0.00684354656607 0.0 0.0
10000 10000 1305 210 7e-18 0.00645986554103 0.00645332826508 0.0 0.0
10000 10000 1305 210 1e-17 0.00591688515215 0.00591095113051 0.0 0.0
10000 10000 1305 210 2e-17 0.00442597974728 0.00442166704174 0.0 0.0
10000 10000 1305 210 5e-17 0.00189071806818 0.00188901388442 0.0 0.0
10000 10000 1305 210 7e-17 0.00108951390142 0.00108857790266 0.0 0.0
10000 10000 1305 210 1e-16 0.000487031453443 0.000486641705837 0.0 0.0
10000 10000 1305 210 1e-15 6.54312828207e-11 6.54312214716e-11 0.0 0.0
10000 10000 1305 210 1e-14 1.16617993777e-53 1.16617993777e-53 0.0 0.0
10000 10000 1305 210 1e-12 0.0 0.0 0.0 0.0
10000 10000 1305 210 1e-10 0.0 0.0 0.0 0.0
