10000 10000 1305 280 1e-22 0.0617198971942 0.0617028345532 0.0 0.0
10000 10000 1305 280 1e-20 0.0617008699204 0.0616838141126 0.0 0.0
10000 10000 1305 280 1e-19 0.0615281774321 0.0615111836164 0.0 0.0
10000 10000 1305 280 2e-19 0.0613368929854 0.0613199677793 0.0 0.0
10000 10000 1305 280 5e-19 0.0607667833054 0.060750062232 0.0 0.0
10000 10000 1305 280 7e-19 0.0603898084505 0.0603732220639 0.0 0.0
10000 10000 1305 280 1e-18 0.059828951012 0.0598125645769 0.0 0.0
10000 10000 1305 280 2e-18 0.0579986545638 0.057982916994 0.0 0.0
10000 10000 1305 280 5e-18 0.0528525858222 0.0528386414958 0.0 0.0
10000 10000 1305 280 7e-18 0.0496902297256 0.049677363405 0.0 0.0
10000 10000 1305 280 1e-17 0.0453141911626 0.0453027843335 0.0 0.0
10000 10000 1305 280 2e-17 0.0334262500868 0.0334185949674 0.0 0.0
10000 10000 1305 280 5e-17 0.0137616834545 0.0137593160373 0.0 0.0
10000 10000 1305 280 7e-17 0.00775923404058 0.00775813074542 0.0 0.0
10000 10000 1305 280 1e-16 0.00336410573188 0.0033637448641 0.0 0.0
10000 10000 1305 280 1e-15 1.17093661627e-10 1.17093659747e-10 0.0 0.0
10000 10000 1305 280 1e-14 4.07753562056e-57 4.07753562056e-57 0.0 0.0
10000 10000 1305 280 1e-12 0.0 0.0 0.0 0.0
10000 10000 1305 280 1e-10 0.0 0.0 0.0 0.0
