10000 10000 2955 1800 1e-22 0.0640202677907 0.0640202677907 0.0640202677907 0.0640196408947
10000 10000 2955 1800 1e-20 0.0639887434737 0.0639887434737 0.0639887434737 0.0639881169671
10000 10000 2955 1800 1e-19 0.0637029029744 0.0637029029744 0.0637029029744 0.0637022799967
10000 10000 2955 1800 2e-19 0.0633868693758 0.0633868693758 0.0633868693758 0.0633862502953
10000 10000 2955 1800 5e-19 0.062448577426 0.062448577426 0.062448577426 0.0624479698892
10000 10000 2955 1800 7e-19 0.0618311348672 0.0618311348672 0.0618311348672 0.0618305349043
10000 10000 2955 1800 1e-18 0.060916924143 0.060916924143 0.060916924143 0.060916335361
10000 10000 2955 1800 2e-18 0.0579703769232 0.0579703769232 0.0579703769232 0.0579698239026
10000 10000 2955 1800 5e-18 0.0499925486934 0.0499925486934 0.0499925486934 0.0499920902475
10000 10000 2955 1800 7e-18 0.0453188968319 0.0453188968319 0.0453188968319 0.0453184921227
10000 10000 2955 1800 1e-17 0.0391465885286 0.0391465885286 0.0391465885286 0.0391462526635
10000 10000 2955 1800 2e-17 0.0241921908443 0.0241921908443 0.0241921908443 0.0241920095557
10000 10000 2955 1800 5e-17 0.00603378704294 0.00603378704294 0.00603378704294 0.00603375713853
10000 10000 2955 1800 7e-17 0.00248588568454 0.00248588568454 0.00248588568454 0.00248587631606
10000 10000 2955 1800 1e-16 0.000689583935393 0.000689583935393 0.000689583935393 0.000689582195737
10000 10000 2955 1800 1e-15 1.37881796472e-16 1.37881796472e-16 1.37881796472e-16 1.37881796472e-16
10000 10000 2955 1800 1e-14 8.4412054676e-122 8.4412054676e-122 8.4412054676e-122 8.4412054676e-122
10000 10000 2955 1800 1e-12 0.0 0.0 0.0 0.0
10000 10000 2955 1800 1e-10 0.0 0.0 0.0 0.0
