10000 10000 855 850 1e-22 0.328366230486 0.328365727571 0.328301196834 0.327958815634
10000 10000 855 850 1e-20 0.328217826625 0.328217324028 0.328152831355 0.327810615567
10000 10000 855 850 1e-19 0.32687198744 0.326871487718 0.326807340032 0.326466624149
10000 10000 855 850 2e-19 0.325383532308 0.325383035762 0.325319269168 0.324980211778
10000 10000 855 850 5e-19 0.320961513401 0.320961026263 0.32089838903 0.3205642566
10000 10000 855 850 7e-19 0.318049249131 0.318048768165 0.317986872387 0.317655981612
10000 10000 855 850 1e-18 0.313733736956 0.313733265103 0.313672464618 0.313346374727
10000 10000 855 850 2e-18 0.299795322372 0.299794879662 0.299737588283 0.299426981464
10000 10000 855 850 5e-18 0.261811412512 0.261811046864 0.261763084479 0.261494475603
10000 10000 855 850 7e-18 0.239370502712 0.239370180828 0.23932755619 0.239083607413
10000 10000 855 850 1e-17 0.209480770971 0.209480505104 0.209444767496 0.209233457139
10000 10000 855 850 2e-17 0.135461171271 0.135461030676 0.135441042959 0.135309213216
10000 10000 855 850 5e-17 0.0393361421569 0.0393361213261 0.039332428236 0.0392984159907
10000 10000 855 850 7e-17 0.0181372146071 0.0181372087656 0.0181359608821 0.0181215227896
10000 10000 855 850 1e-16 0.00602816315022 0.00602816228085 0.00602790407309 0.00602365925543
10000 10000 855 850 1e-15 6.22628571416e-13 6.22628571416e-13 6.22628571412e-13 6.22602654972e-13
10000 10000 855 850 1e-14 1.78520981976e-82 1.78520981976e-82 1.78520981976e-82 1.78520981976e-82
10000 10000 855 850 1e-12 0.0 0.0 0.0 0.0
10000 10000 855 850 1e-10 0.0 0.0 0.0 0.0
