10000 10000 1155 100 1e-22 7.19030623378e-05 0.0 0.0 0.0
10000 10000 1155 100 1e-20 7.18902289647e-05 0.0 0.0 0.0
10000 10000 1155 100 1e-19 7.17736711102e-05 0.0 0.0 0.0
10000 10000 1155 100 2e-19 7.16443927987e-05 0.0 0.0 0.0
10000 10000 1155 100 5e-19 7.12580086098e-05 0.0 0.0 0.0
10000 10000 1155 100 7e-19 7.10016235166e-05 0.0 0.0 0.0
10000 10000 1155 100 1e-18 7.06188432884e-05 0.0 0.0 0.0
10000 10000 1155 100 2e-18 6.93583395453e-05 0.0 0.0 0.0
10000 10000 1155 100 5e-18 6.57154493521e-05 0.0 0.0 0.0
10000 10000 1155 100 7e-18 6.33980708675e-05 0.0 0.0 0.0
10000 10000 1155 100 1e-17 6.0080582097e-05 0.0 0.0 0.0
10000 10000 1155 100 2e-17 5.02736147902e-05 0.0 0.0 0.0
10000 10000 1155 100 5e-17 2.97540438396e-05 0.0 0.0 0.0
10000 10000 1155 100 7e-17 2.11879161875e-05 0.0 0.0 0.0
10000 10000 1155 100 1e-16 1.29769343193e-05 0.0 0.0 0.0
10000 10000 1155 100 1e-15 1.64927891174e-08 0.0 0.0 0.0
10000 10000 1155 100 1e-14 9.26841747753e-30 0.0 0.0 0.0
10000 10000 1155 100 1e-12 0.0 0.0 0.0 0.0
10000 10000 1155 100 1e-10 0.0 0.0 0.0 0.0
