10000 10000 455 210 1e-22 0.34571298494 0.345001632735 0.0 0.0
10000 10000 455 210 1e-20 0.345584190922 0.344873121395 0.0 0.0
10000 10000 455 210 1e-19 0.344415689138 0.343707183977 0.0 0.0
10000 10000 455 210 2e-19 0.343122311815 0.342416644495 0.0 0.0
10000 10000 455 210 5e-19 0.339273273841 0.338576048227 0.0 0.0
10000 10000 455 210 7e-19 0.336732937845 0.336041280723 0.0 0.0
10000 10000 455 210 1e-18 0.332960527721 0.332277135425 0.0 0.0
10000 10000 455 210 2e-18 0.320708968625 0.320052380664 0.0 0.0
10000 10000 455 210 5e-18 0.286760987877 0.286178357343 0.0 0.0
10000 10000 455 210 7e-18 0.266277208197 0.265738959008 0.0 0.0
10000 10000 455 210 1e-17 0.238429321335 0.237951080052 0.0 0.0
10000 10000 455 210 2e-17 0.165948870869 0.165624652112 0.0 0.0
10000 10000 455 210 5e-17 0.0586766425093 0.0585711298798 0.0 0.0
10000 10000 455 210 7e-17 0.0303372331935 0.0302857616068 0.0 0.0
10000 10000 455 210 1e-16 0.0117437738216 0.0117255754201 0.0 0.0
10000 10000 455 210 1e-15 2.98823862796e-11 2.98812536209e-11 0.0 0.0
10000 10000 455 210 1e-14 1.66157939394e-58 1.66157939394e-58 0.0 0.0
10000 10000 455 210 1e-12 0.0 0.0 0.0 0.0
10000 10000 455 210 1e-10 0.0 0.0 0.0 0.0
