10000 10000 755 200 1e-22 0.132125972939 0.131879098135 0.0 0.0
10000 10000 755 200 1e-20 0.132082010349 0.131835225822 0.0 0.0
10000 10000 755 200 1e-19 0.131683068357 0.131437102916 0.0 0.0
10000 10000 755 200 2e-19 0.131241312674 0.130996253932 0.0 0.0
10000 10000 755 200 5e-19 0.129925542128 0.129683182184 0.0 0.0
10000 10000 755 200 7e-19 0.1290562142 0.128815635853 0.0 0.0
10000 10000 755 200 1e-18 0.127763879491 0.127525947433 0.0 0.0
10000 10000 755 200 2e-18 0.123555189194 0.123325856544 0.0 0.0
10000 10000 755 200 5e-18 0.111794910596 0.11158944935 0.0 0.0
10000 10000 755 200 7e-18 0.104622958551 0.10443193411 0.0 0.0
10000 10000 755 200 1e-17 0.0947703359236 0.094598982491 0.0 0.0
10000 10000 755 200 2e-17 0.0684581082961 0.0683382325681 0.0 0.0
10000 10000 755 200 5e-17 0.0267110266776 0.0266683716327 0.0 0.0
10000 10000 755 200 7e-17 0.0145933071399 0.014571339904 0.0 0.0
10000 10000 755 200 1e-16 0.00605080506188 0.0060424528607 0.0 0.0
10000 10000 755 200 1e-15 1.68585108235e-10 1.68584808945e-10 0.0 0.0
10000 10000 755 200 1e-14 2.4385248965e-49 2.4385248965e-49 0.0 0.0
10000 10000 755 200 1e-12 0.0 0.0 0.0 0.0
10000 10000 755 200 1e-10 0.0 0.0 0.0 0.0
