10000 10000 1105 410 1e-22 0.338826152196 0.338804262744 0.33819086443 0.0
10000 10000 1105 410 1e-20 0.338704733017 0.338682854695 0.338069697283 0.0
10000 10000 1105 410 1e-19 0.337603050474 0.337581273072 0.336970301093 0.0
10000 10000 1105 410 2e-19 0.3363834437 0.336361777876 0.335753224495 0.0
10000 10000 1105 410 5e-19 0.332752758796 0.332731424239 0.332130066061 0.0
10000 10000 1105 410 7e-19 0.330355555441 0.330334438868 0.329737827448 0.0
10000 10000 1105 410 1e-18 0.326794248228 0.3267734544 0.326183888935 0.0
10000 10000 1105 410 2e-18 0.315216118816 0.315196365098 0.31462965728 0.0
10000 10000 1105 410 5e-18 0.283032024056 0.283015084801 0.282511497836 0.0
10000 10000 1105 410 7e-18 0.263534706458 0.263519414044 0.263053745759 0.0
10000 10000 1105 410 1e-17 0.236924827315 0.23691170607 0.236497360836 0.0
10000 10000 1105 410 2e-17 0.167012109508 0.167004213835 0.166721938173 0.0
10000 10000 1105 410 5e-17 0.0609802582557 0.0609784988518 0.060885134508 0.0
10000 10000 1105 410 7e-17 0.0320628764366 0.0320622179751 0.0320160980563 0.0
10000 10000 1105 410 1e-16 0.0126513070461 0.012651152295 0.012634488695 0.0
10000 10000 1105 410 1e-15 3.18602632878e-11 3.18602632877e-11 3.18585357385e-11 0.0
10000 10000 1105 410 1e-14 7.66540635988e-58 7.66540635988e-58 7.66540635988e-58 0.0
10000 10000 1105 410 1e-12 0.0 0.0 0.0 0.0
10000 10000 1105 410 1e-10 0.0 0.0 0.0 0.0
