10000 10000 1105 430 1e-22 0.352312705901 0.352295123433 0.351738921907 0.0
10000 10000 1105 430 1e-20 0.352182866646 0.352165294326 0.351609318873 0.0
10000 10000 1105 430 1e-19 0.351004874825 0.350987394485 0.350433469753 0.0
10000 10000 1105 430 2e-19 0.349700978438 0.349683599719 0.34913194412 0.0
10000 10000 1105 430 5e-19 0.345820540947 0.34580346348 0.345258556077 0.0
10000 10000 1105 430 7e-19 0.343259400452 0.343242520847 0.34270206336 0.0
10000 10000 1105 430 1e-18 0.33945597074 0.339439383539 0.338905528511 0.0
10000 10000 1105 430 2e-18 0.327102548659 0.327086899244 0.326574439174 0.0
10000 10000 1105 430 5e-18 0.29286115474 0.292848006205 0.292394430234 0.0
10000 10000 1105 430 7e-18 0.272189999868 0.272178287826 0.271759938215 0.0
10000 10000 1105 430 1e-17 0.244070553644 0.244060701816 0.243689842183 0.0
10000 10000 1105 430 2e-17 0.17074276632 0.170737203849 0.17048741811 0.0
10000 10000 1105 430 5e-17 0.0613719419148 0.0613708970624 0.0612904674832 0.0
10000 10000 1105 430 7e-17 0.0320579617667 0.0320576078595 0.0320184086293 0.0
10000 10000 1105 430 1e-16 0.0125683551845 0.012568282448 0.0125543438744 0.0
10000 10000 1105 430 1e-15 3.32237764761e-11 3.32237764761e-11 3.32230760601e-11 0.0
10000 10000 1105 430 1e-14 1.49943113662e-58 1.49943113662e-58 1.49943113662e-58 0.0
10000 10000 1105 430 1e-12 0.0 0.0 0.0 0.0
10000 10000 1105 430 1e-10 0.0 0.0 0.0 0.0
