10000 10000 855 200 1e-22 0.0810489590242 0.0809180682907 0.0 0.0
10000 10000 855 200 1e-20 0.0810227455211 0.0808919007627 0.0 0.0
10000 10000 855 200 1e-19 0.0807848532358 0.0806544256641 0.0 0.0
10000 10000 855 200 2e-19 0.0805213975879 0.0803914319365 0.0 0.0
10000 10000 855 200 5e-19 0.0797364867366 0.0796078966749 0.0 0.0
10000 10000 855 200 7e-19 0.0792177260889 0.0790900446757 0.0 0.0
10000 10000 855 200 1e-18 0.0784462886098 0.0783199576807 0.0 0.0
10000 10000 855 200 2e-18 0.0759318674749 0.0758099319745 0.0 0.0
10000 10000 855 200 5e-18 0.0688882631967 0.0687785856697 0.0 0.0
10000 10000 855 200 7e-18 0.0645795637112 0.0644773412376 0.0 0.0
10000 10000 855 200 1e-17 0.0586432974901 0.0585512859042 0.0 0.0
10000 10000 855 200 2e-17 0.0426844368907 0.0426194567239 0.0 0.0
10000 10000 855 200 5e-17 0.0169715581918 0.0169480946186 0.0 0.0
10000 10000 855 200 7e-17 0.00937594479332 0.0093638296412 0.0 0.0
10000 10000 855 200 1e-16 0.00395196414293 0.00394736640833 0.0 0.0
10000 10000 855 200 1e-15 1.31456073624e-10 1.31456001358e-10 0.0 0.0
10000 10000 855 200 1e-14 1.34238652156e-48 1.34238652156e-48 0.0 0.0
10000 10000 855 200 1e-12 0.0 0.0 0.0 0.0
10000 10000 855 200 1e-10 0.0 0.0 0.0 0.0
