10000 10000 805 420 1e-22 0.445842916113 0.445804296097 0.444953593649 0.0
10000 10000 805 420 1e-20 0.445670689437 0.445632090605 0.444781746407 0.0
10000 10000 805 420 1e-19 0.444108273306 0.44406986651 0.443222771772 0.0
10000 10000 805 420 2e-19 0.442379167861 0.442340973292 0.441497473564 0.0
10000 10000 805 420 5e-19 0.437235188495 0.437197623428 0.436364811605 0.0
10000 10000 805 420 7e-19 0.433841658444 0.433804507132 0.432978740415 0.0
10000 10000 805 420 1e-18 0.428804405456 0.428767866045 0.427952548272 0.0
10000 10000 805 420 2e-18 0.412463048584 0.412428475326 0.411646982845 0.0
10000 10000 805 420 5e-18 0.367331981503 0.367302681613 0.366614001128 0.0
10000 10000 805 420 7e-18 0.340212491595 0.34018624309 0.339552871279 0.0
10000 10000 805 420 1e-17 0.303488478053 0.303466209663 0.302907120384 0.0
10000 10000 805 420 2e-17 0.208792745681 0.208779818432 0.208408368839 0.0
10000 10000 805 420 5e-17 0.0717944221332 0.0717918035638 0.071676449696 0.0
10000 10000 805 420 7e-17 0.0365810292423 0.0365801039098 0.0365250045121 0.0
10000 10000 805 420 1e-16 0.0138953825216 0.0138951823333 0.0138760723705 0.0
10000 10000 805 420 1e-15 1.11955963289e-11 1.11955963289e-11 1.11946885761e-11 0.0
10000 10000 805 420 1e-14 1.6946100562e-61 1.6946100562e-61 1.6946100562e-61 0.0
10000 10000 805 420 1e-12 0.0 0.0 0.0 0.0
10000 10000 805 420 1e-10 0.0 0.0 0.0 0.0
