10000 10000 2955 2200 1e-22 0.00402967549972 0.00402967549972 0.00402967549972 0.00402967549972
10000 10000 2955 2200 1e-20 0.00402755809743 0.00402755809743 0.00402755809743 0.00402755809743
10000 10000 2955 2200 1e-19 0.00400836134827 0.00400836134827 0.00400836134827 0.00400836134827
10000 10000 2955 2200 2e-19 0.00398714186799 0.00398714186799 0.00398714186799 0.00398714186799
10000 10000 2955 2200 5e-19 0.00392417333853 0.00392417333853 0.00392417333853 0.00392417333853
10000 10000 2955 2200 7e-19 0.00388276283201 0.00388276283201 0.00388276283201 0.00388276283201
10000 10000 2955 2200 1e-18 0.00382148718149 0.00382148718149 0.00382148718149 0.00382148718149
10000 10000 2955 2200 2e-18 0.00362431548952 0.00362431548952 0.00362431548952 0.00362431548952
10000 10000 2955 2200 5e-18 0.00309318288503 0.00309318288503 0.00309318288503 0.00309318288503
10000 10000 2955 2200 7e-18 0.00278412370592 0.00278412370592 0.00278412370592 0.00278412370592
10000 10000 2955 2200 1e-17 0.00237877171643 0.00237877171643 0.00237877171643 0.00237877171643
10000 10000 2955 2200 2e-17 0.00141438412916 0.00141438412916 0.00141438412916 0.00141438412916
10000 10000 2955 2200 5e-17 0.000308871468846 0.000308871468846 0.000308871468846 0.000308871468846
10000 10000 2955 2200 7e-17 0.000115117091974 0.000115117091974 0.000115117091974 0.000115117091974
10000 10000 2955 2200 1e-16 2.71004249277e-05 2.71004249277e-05 2.71004249277e-05 2.71004249277e-05
10000 10000 2955 2200 1e-15 5.92542485968e-21 5.92542485968e-21 5.92542485968e-21 5.92542485968e-21
10000 10000 2955 2200 1e-14 1.52933099535e-162 1.52933099535e-162 1.52933099535e-162 1.52933099535e-162
10000 10000 2955 2200 1e-12 0.0 0.0 0.0 0.0
10000 10000 2955 2200 1e-10 0.0 0.0 0.0 0.0
