10000 10000 155 100 1e-22 0.1564890987 0.0 0.0 0.0
10000 10000 155 100 1e-20 0.156438530576 0.0 0.0 0.0
10000 10000 155 100 1e-19 0.155979605453 0.0 0.0 0.0
10000 10000 155 100 2e-19 0.155471343765 0.0 0.0 0.0
10000 10000 155 100 5e-19 0.153956951172 0.0 0.0 0.0
10000 10000 155 100 7e-19 0.152955954759 0.0 0.0 0.0
10000 10000 155 100 1e-18 0.151467235658 0.0 0.0 0.0
10000 10000 155 100 2e-18 0.146613602989 0.0 0.0 0.0
10000 10000 155 100 5e-18 0.133007009757 0.0 0.0 0.0
10000 10000 155 100 7e-18 0.124676704752 0.0 0.0 0.0
10000 10000 155 100 1e-17 0.113192072553 0.0 0.0 0.0
10000 10000 155 100 2e-17 0.0822850855918 0.0 0.0 0.0
10000 10000 155 100 5e-17 0.0325208225636 0.0 0.0 0.0
10000 10000 155 100 7e-17 0.017903094519 0.0 0.0 0.0
10000 10000 155 100 1e-16 0.00753289649474 0.0 0.0 0.0
10000 10000 155 100 1e-15 4.16109716267e-11 0.0 0.0 0.0
10000 10000 155 100 1e-14 1.50834247899e-59 0.0 0.0 0.0
10000 10000 155 100 1e-12 0.0 0.0 0.0 0.0
10000 10000 155 100 1e-10 0.0 0.0 0.0 0.0
