10000 10000 855 300 1e-22 0.298944486626 0.298839493294 0.0 0.0
10000 10000 855 300 1e-20 0.298839238025 0.298734294199 0.0 0.0
10000 10000 855 300 1e-19 0.297884243372 0.297779748475 0.0 0.0
10000 10000 855 300 2e-19 0.296826954488 0.296722956043 0.0 0.0
10000 10000 855 300 5e-19 0.293679031143 0.293576507275 0.0 0.0
10000 10000 855 300 7e-19 0.291600206744 0.291498653743 0.0 0.0
10000 10000 855 300 1e-18 0.288511336884 0.28841122216 0.0 0.0
10000 10000 855 300 2e-18 0.278464516765 0.278369044083 0.0 0.0
10000 10000 855 300 5e-18 0.250497799625 0.250414947795 0.0 0.0
10000 10000 855 300 7e-18 0.233525129143 0.233449710077 0.0 0.0
10000 10000 855 300 1e-17 0.210320256896 0.210254704262 0.0 0.0
10000 10000 855 300 2e-17 0.14909041046 0.149049059682 0.0 0.0
10000 10000 855 300 5e-17 0.0551776212572 0.0551666516889 0.0 0.0
10000 10000 855 300 7e-17 0.0292060306288 0.0292013184802 0.0 0.0
10000 10000 855 300 1e-16 0.0116137053113 0.011612313753 0.0 0.0
10000 10000 855 300 1e-15 9.1414290021e-11 9.14142896693e-11 0.0 0.0
10000 10000 855 300 1e-14 6.92165972249e-57 6.92165972249e-57 0.0 0.0
10000 10000 855 300 1e-12 0.0 0.0 0.0 0.0
10000 10000 855 300 1e-10 0.0 0.0 0.0 0.0
