10000 10000 2955 1100 1e-22 0.214443725784 0.214443725784 0.214443395546 0.214370217283
10000 10000 2955 1100 1e-20 0.214362187452 0.214362187452 0.214361857425 0.214288710578
10000 10000 2955 1100 1e-19 0.213622443978 0.213622443978 0.21362211586 0.213549253972
10000 10000 2955 1100 2e-19 0.212803697045 0.212803697045 0.212803371036 0.212730824423
10000 10000 2955 1100 5e-19 0.210367461603 0.210367461603 0.21036714184 0.210295532615
10000 10000 2955 1100 7e-19 0.208759830366 0.208759830366 0.208759514701 0.208688523436
10000 10000 2955 1100 1e-18 0.206372884349 0.206372884349 0.206372574731 0.206302500085
10000 10000 2955 1100 2e-18 0.198624159796 0.198624159796 0.198623869514 0.198556762871
10000 10000 2955 1100 5e-18 0.177180791819 0.177180791819 0.177180552594 0.177121594502
10000 10000 2955 1100 7e-18 0.164263222501 0.164263222501 0.164263012222 0.164208912263
10000 10000 2955 1100 1e-17 0.146729705845 0.146729705845 0.146729532551 0.146681957874
10000 10000 2955 1100 2e-17 0.101276260453 0.101276260453 0.101276169517 0.101245054681
10000 10000 2955 1100 5e-17 0.0347987936711 0.0347987936711 0.034798780531 0.0347897947053
10000 10000 2955 1100 7e-17 0.0175942102 0.0175942102 0.0175942065817 0.0175901903986
10000 10000 2955 1100 1e-16 0.00655692055514 0.00655692055514 0.0065569200323 0.0065556865983
10000 10000 2955 1100 1e-15 1.10577479169e-12 1.10577479169e-12 1.10577479169e-12 1.10577474437e-12
10000 10000 2955 1100 1e-14 5.64678350759e-81 5.64678350759e-81 5.64678350759e-81 5.64678350759e-81
10000 10000 2955 1100 1e-12 0.0 0.0 0.0 0.0
10000 10000 2955 1100 1e-10 0.0 0.0 0.0 0.0
