10000 10000 805 280 1e-22 0.259597663957 0.259446680204 0.0 0.0
10000 10000 805 280 1e-20 0.259506322662 0.259355407053 0.0 0.0
10000 10000 805 280 1e-19 0.258677525478 0.258527227884 0.0 0.0
10000 10000 805 280 2e-19 0.257759965756 0.25761035174 0.0 0.0
10000 10000 805 280 5e-19 0.255028153064 0.254880570325 0.0 0.0
10000 10000 805 280 7e-19 0.253224191474 0.253077946863 0.0 0.0
10000 10000 805 280 1e-18 0.250543838481 0.250399577299 0.0 0.0
10000 10000 805 280 2e-18 0.241826627887 0.241688777222 0.0 0.0
10000 10000 805 280 5e-18 0.217568070914 0.217447723375 0.0 0.0
10000 10000 805 280 7e-18 0.202850809022 0.202740825167 0.0 0.0
10000 10000 805 280 1e-17 0.182735394796 0.182639239983 0.0 0.0
10000 10000 805 280 2e-17 0.129686186304 0.129624383812 0.0 0.0
10000 10000 805 280 5e-17 0.0483212576377 0.0483040115069 0.0 0.0
10000 10000 805 280 7e-17 0.0257463295791 0.0257386943991 0.0 0.0
10000 10000 805 280 1e-16 0.0103586192835 0.0103562676287 0.0 0.0
10000 10000 805 280 1e-15 1.08718979139e-10 1.08718976361e-10 0.0 0.0
10000 10000 805 280 1e-14 5.31788861204e-57 5.31788861204e-57 0.0 0.0
10000 10000 805 280 1e-12 0.0 0.0 0.0 0.0
10000 10000 805 280 1e-10 0.0 0.0 0.0 0.0
