10000 10000 1255 430 1e-22 0.2889715898 0.288961005848 0.288532365173 0.0
10000 10000 1255 430 1e-20 0.288870752522 0.288860174309 0.288431702567 0.0
10000 10000 1255 430 1e-19 0.28795577238 0.287945246194 0.287518306956 0.0
10000 10000 1255 430 2e-19 0.286942757772 0.28693228909 0.286507045782 0.0
10000 10000 1255 430 5e-19 0.283926489364 0.283916191287 0.283495992817 0.0
10000 10000 1255 430 7e-19 0.281934470485 0.281924284575 0.281507413856 0.0
10000 10000 1255 430 1e-18 0.27897437966 0.27896435968 0.278552428017 0.0
10000 10000 1255 430 2e-18 0.269344713105 0.269335226675 0.268939313041 0.0
10000 10000 1255 430 5e-18 0.242524619447 0.24251656704 0.242164849638 0.0
10000 10000 1255 430 7e-18 0.226236497173 0.226229276634 0.225904083007 0.0
10000 10000 1255 430 1e-17 0.203952131785 0.203945998727 0.203656673873 0.0
10000 10000 1255 430 2e-17 0.145047736682 0.145044167451 0.144846985855 0.0
10000 10000 1255 430 5e-17 0.0542255737327 0.0542248529323 0.05415923439 0.0
10000 10000 1255 430 7e-17 0.028897002115 0.0288967493305 0.028864122657 0.0
10000 10000 1255 430 1e-16 0.0116031254339 0.0116030716032 0.0115911529462 0.0
10000 10000 1255 430 1e-15 4.37630300175e-11 4.37630300175e-11 4.3762289992e-11 0.0
10000 10000 1255 430 1e-14 1.37583104893e-57 1.37583104893e-57 1.37583104893e-57 0.0
10000 10000 1255 430 1e-12 0.0 0.0 0.0 0.0
10000 10000 1255 430 1e-10 0.0 0.0 0.0 0.0
