10000 10000 1055 300 1e-22 0.176888446289 0.176852661364 0.0 0.0
10000 10000 1055 300 1e-20 0.17683037088 0.176794601537 0.0 0.0
10000 10000 1055 300 1e-19 0.176303332753 0.176267704744 0.0 0.0
10000 10000 1055 300 2e-19 0.175719674515 0.175684202868 0.0 0.0
10000 10000 1055 300 5e-19 0.173980876836 0.173945870042 0.0 0.0
10000 10000 1055 300 7e-19 0.172831751331 0.172797050945 0.0 0.0
10000 10000 1055 300 1e-18 0.171123024645 0.171088778695 0.0 0.0
10000 10000 1055 300 2e-18 0.165554575114 0.165521800118 0.0 0.0
10000 10000 1055 300 5e-18 0.149964543977 0.149935803116 0.0 0.0
10000 10000 1055 300 7e-18 0.140435168053 0.140408828921 0.0 0.0
10000 10000 1055 300 1e-17 0.127317025343 0.127293907444 0.0 0.0
10000 10000 1055 300 2e-17 0.0921338608606 0.0921188373273 0.0 0.0
10000 10000 1055 300 5e-17 0.0359280712958 0.0359238046729 0.0 0.0
10000 10000 1055 300 7e-17 0.0195767882598 0.0195748949922 0.0 0.0
10000 10000 1055 300 1e-16 0.00808139898978 0.00808081901925 0.0 0.0
10000 10000 1055 300 1e-15 9.7344335871e-11 9.73443357424e-11 0.0 0.0
10000 10000 1055 300 1e-14 3.36010370254e-57 3.36010370254e-57 0.0 0.0
10000 10000 1055 300 1e-12 0.0 0.0 0.0 0.0
10000 10000 1055 300 1e-10 0.0 0.0 0.0 0.0
