10000 10000 955 700 1e-22 0.412166388122 0.412165759479 0.411977688598 0.411292927387
10000 10000 955 700 1e-20 0.411984656402 0.411984028156 0.411796058852 0.411111609529
10000 10000 955 700 1e-19 0.410336493267 0.410335868623 0.410148820137 0.409467199211
10000 10000 955 700 2e-19 0.408513505832 0.408512885167 0.408326854334 0.407648361433
10000 10000 955 700 5e-19 0.403096559398 0.403095950516 0.40291293837 0.402243737889
10000 10000 955 700 7e-19 0.399528167222 0.399527566071 0.399346538155 0.398683457036
10000 10000 955 700 1e-18 0.394239065625 0.394238475886 0.394060382627 0.393406368746
10000 10000 955 700 2e-18 0.377145123786 0.377144570545 0.376975908549 0.376351174717
10000 10000 955 700 5e-18 0.330470294876 0.330469838113 0.330326486918 0.329781498388
10000 10000 955 700 7e-18 0.302824812316 0.302824410323 0.302695718592 0.30219780908
10000 10000 955 700 1e-17 0.265910205507 0.265909873593 0.265800324271 0.265365076341
10000 10000 955 700 2e-17 0.173913341099 0.173913165774 0.173848704541 0.173568366039
10000 10000 955 700 5e-17 0.0522380413889 0.0522380154804 0.0522241342456 0.0521439562589
10000 10000 955 700 7e-17 0.0246085226855 0.0246085154288 0.0246033187249 0.0245668520887
10000 10000 955 700 1e-16 0.00842348162576 0.00842348054697 0.00842222510344 0.00841041767888
10000 10000 955 700 1e-15 2.59676306156e-12 2.59676306156e-12 2.59676289171e-12 2.59657873505e-12
10000 10000 955 700 1e-14 6.98622722886e-72 6.98622722886e-72 6.98622722886e-72 6.98622722886e-72
10000 10000 955 700 1e-12 0.0 0.0 0.0 0.0
10000 10000 955 700 1e-10 0.0 0.0 0.0 0.0
