10000 10000 2955 2350 1e-22 0.00426703744133 0.00426703744133 0.00426703744133 0.00426703744133
10000 10000 2955 2350 1e-20 0.00426459143834 0.00426459143834 0.00426459143834 0.00426459143834
10000 10000 2955 2350 1e-19 0.00424242116469 0.00424242116469 0.00424242116469 0.00424242116469
10000 10000 2955 2350 2e-19 0.00421792667821 0.00421792667821 0.00421792667821 0.00421792667821
10000 10000 2955 2350 5e-19 0.0041453133195 0.0041453133195 0.0041453133195 0.0041453133195
10000 10000 2955 2350 7e-19 0.00409762066825 0.00409762066825 0.00409762066825 0.00409762066825
10000 10000 2955 2350 1e-18 0.00402713866236 0.00402713866236 0.00402713866236 0.00402713866236
10000 10000 2955 2350 2e-18 0.00380108399701 0.00380108399701 0.00380108399701 0.00380108399701
10000 10000 2955 2350 5e-18 0.00319814964071 0.00319814964071 0.00319814964071 0.00319814964071
10000 10000 2955 2350 7e-18 0.00285172443282 0.00285172443282 0.00285172443282 0.00285172443282
10000 10000 2955 2350 1e-17 0.00240292662819 0.00240292662819 0.00240292662819 0.00240292662819
10000 10000 2955 2350 2e-17 0.00136642468219 0.00136642468219 0.00136642468219 0.00136642468219
10000 10000 2955 2350 5e-17 0.000265629659033 0.000265629659033 0.000265629659033 0.000265629659033
10000 10000 2955 2350 7e-17 9.30649866292e-05 9.30649866292e-05 9.30649866292e-05 9.30649866292e-05
10000 10000 2955 2350 1e-16 2.04487832219e-05 2.04487832219e-05 2.04487832219e-05 2.04487832219e-05
10000 10000 2955 2350 1e-15 8.14625380235e-21 8.14625380235e-21 8.14625380235e-21 8.14625380235e-21
10000 10000 2955 2350 1e-14 1.30452583899e-165 1.30452583899e-165 1.30452583899e-165 1.30452583899e-165
10000 10000 2955 2350 1e-12 0.0 0.0 0.0 0.0
10000 10000 2955 2350 1e-10 0.0 0.0 0.0 0.0
