10000 10000 2955 950 1e-22 0.168518419598 0.168518419598 0.168515406176 0.168460528147
10000 10000 2955 950 1e-20 0.168459850686 0.168459850686 0.168456838987 0.168401982795
10000 10000 2955 950 1e-19 0.167928398831 0.167928398831 0.167925402756 0.167870744662
10000 10000 2955 950 2e-19 0.167339989189 0.167339989189 0.167337010379 0.167282571509
10000 10000 2955 950 5e-19 0.165587889342 0.165587889342 0.165584961725 0.165531174963
10000 10000 2955 950 7e-19 0.164430676359 0.164430676359 0.164427782377 0.164374425763
10000 10000 2955 950 1e-18 0.162710964319 0.162710964319 0.162708120059 0.16265540186
10000 10000 2955 950 2e-18 0.157115432361 0.157115432361 0.157112747705 0.157062099867
10000 10000 2955 950 5e-18 0.141522471096 0.141522471096 0.141520213098 0.141475276501
10000 10000 2955 950 7e-18 0.132046263828 0.132046263828 0.132044251595 0.132002741261
10000 10000 2955 950 1e-17 0.119073160788 0.119073160788 0.119071467588 0.119034588436
10000 10000 2955 950 2e-17 0.084730498641 0.084730498641 0.0847295443593 0.0847045421703
10000 10000 2955 950 5e-17 0.0316198365693 0.0316198365693 0.0316196623681 0.0316114941351
10000 10000 2955 950 7e-17 0.0167853133885 0.0167853133885 0.0167852563561 0.0167812487431
10000 10000 2955 950 1e-16 0.00667800248479 0.00667800248479 0.00667799150824 0.00667655842261
10000 10000 2955 950 1e-15 4.10211921863e-12 4.10211921863e-12 4.10211921863e-12 4.10211479208e-12
10000 10000 2955 950 1e-14 4.34854467699e-80 4.34854467699e-80 4.34854467699e-80 4.34854467699e-80
10000 10000 2955 950 1e-12 0.0 0.0 0.0 0.0
10000 10000 2955 950 1e-10 0.0 0.0 0.0 0.0
