10000 10000 1105 210 1e-22 0.0414900440331 0.041432034198 0.0 0.0
10000 10000 1105 210 1e-20 0.0414777786431 0.0414197881031 0.0 0.0
10000 10000 1105 210 1e-19 0.0413664463647 0.0413086309329 0.0 0.0
10000 10000 1105 210 2e-19 0.0412431049946 0.041185483491 0.0 0.0
10000 10000 1105 210 5e-19 0.0408753501151 0.0408183064007 0.0 0.0
10000 10000 1105 210 7e-19 0.0406320592609 0.0405753974331 0.0 0.0
10000 10000 1105 210 1e-18 0.0402699178323 0.0402138239214 0.0 0.0
10000 10000 1105 210 2e-18 0.0390866215595 0.0390323788727 0.0 0.0
10000 10000 1105 210 5e-18 0.0357471102481 0.0356980540215 0.0 0.0
10000 10000 1105 210 7e-18 0.0336853660991 0.0336394823025 0.0 0.0
10000 10000 1105 210 1e-17 0.0308197187395 0.0307782041301 0.0 0.0
10000 10000 1105 210 2e-17 0.02295411947 0.0229243250243 0.0 0.0
10000 10000 1105 210 5e-17 0.00962688850033 0.0096156985027 0.0 0.0
10000 10000 1105 210 7e-17 0.00545791510308 0.00545201948607 0.0 0.0
10000 10000 1105 210 1e-16 0.00236866368557 0.00236637276183 0.0 0.0
10000 10000 1105 210 1e-15 1.01571304612e-10 1.01571181371e-10 0.0 0.0
10000 10000 1105 210 1e-14 7.81048681494e-52 7.81048681494e-52 0.0 0.0
10000 10000 1105 210 1e-12 0.0 0.0 0.0 0.0
10000 10000 1105 210 1e-10 0.0 0.0 0.0 0.0
