10000 10000 1405 470 1e-22 0.287514651662 0.287508832086 0.287189375003 0.0
10000 10000 1405 470 1e-20 0.287414476413 0.287408660249 0.287089328576 0.0
10000 10000 1405 470 1e-19 0.286505495776 0.286499710532 0.286181516573 0.0
10000 10000 1405 470 2e-19 0.285499107449 0.285493356366 0.285176421519 0.0
10000 10000 1405 470 5e-19 0.28250246936 0.282496819543 0.282183630598 0.0
10000 10000 1405 470 7e-19 0.280523333354 0.280517750047 0.280207032402 0.0
10000 10000 1405 470 1e-18 0.277582266909 0.277576781888 0.277269732698 0.0
10000 10000 1405 470 2e-18 0.268013510912 0.268008341076 0.267713193699 0.0
10000 10000 1405 470 5e-18 0.241355344967 0.241351015285 0.241088742853 0.0
10000 10000 1405 470 7e-18 0.225160211724 0.225156364228 0.224913846768 0.0
10000 10000 1405 470 1e-17 0.202996862546 0.202993638768 0.202777866865 0.0
10000 10000 1405 470 2e-17 0.144381718182 0.144379926735 0.144233015715 0.0
10000 10000 1405 470 5e-17 0.0539528764408 0.0539525634856 0.0539042011871 0.0
10000 10000 1405 470 7e-17 0.0287380470236 0.0287379478697 0.028714195516 0.0
10000 10000 1405 470 1e-16 0.0115305796637 0.0115305616556 0.0115220896964 0.0
10000 10000 1405 470 1e-15 2.17748274258e-11 2.17748274258e-11 2.17746244541e-11 0.0
10000 10000 1405 470 1e-14 2.47644737612e-60 2.47644737612e-60 2.47644737612e-60 0.0
10000 10000 1405 470 1e-12 0.0 0.0 0.0 0.0
10000 10000 1405 470 1e-10 0.0 0.0 0.0 0.0
