10000 10000 1455 250 1e-22 0.0169327315348 0.0169296021546 0.0 0.0
10000 10000 1455 250 1e-20 0.0169277929631 0.0169246645506 0.0 0.0
10000 10000 1455 250 1e-19 0.0168829654484 0.0168798458194 0.0 0.0
10000 10000 1455 250 2e-19 0.0168333017399 0.0168301918413 0.0 0.0
10000 10000 1455 250 5e-19 0.0166852193884 0.0166821384981 0.0 0.0
10000 10000 1455 250 7e-19 0.0165872503146 0.0165841886116 0.0 0.0
10000 10000 1455 250 1e-18 0.0164414158807 0.0164383827335 0.0 0.0
10000 10000 1455 250 2e-18 0.015964847532 0.0159619076491 0.0 0.0
10000 10000 1455 250 5e-18 0.0146193599799 0.0146166829323 0.0 0.0
10000 10000 1455 250 7e-18 0.0137882408711 0.0137857257797 0.0 0.0
10000 10000 1455 250 1e-17 0.0126323706458 0.0126300801964 0.0 0.0
10000 10000 1455 250 2e-17 0.00945409645012 0.00945241898708 0.0 0.0
10000 10000 1455 250 5e-17 0.00403117523633 0.00403051387051 0.0 0.0
10000 10000 1455 250 7e-17 0.00231245725759 0.00231210059488 0.0 0.0
10000 10000 1455 250 1e-16 0.001021038371 0.00102089651715 0.0 0.0
10000 10000 1455 250 1e-15 4.81552581862e-11 4.81552576139e-11 0.0 0.0
10000 10000 1455 250 1e-14 3.01442398043e-57 3.01442398043e-57 0.0 0.0
10000 10000 1455 250 1e-12 0.0 0.0 0.0 0.0
10000 10000 1455 250 1e-10 0.0 0.0 0.0 0.0
