10000 10000 455 310 1e-22 0.413423014518 0.413166660443 0.0 0.0
10000 10000 455 310 1e-20 0.413258815865 0.413002589557 0.0 0.0
10000 10000 455 310 1e-19 0.411769309016 0.411514241218 0.0 0.0
10000 10000 455 310 2e-19 0.4101210602 0.409867273284 0.0 0.0
10000 10000 455 310 5e-19 0.4052186805 0.404968696474 0.0 0.0
10000 10000 455 310 7e-19 0.401985408852 0.401737927309 0.0 0.0
10000 10000 455 310 1e-18 0.397187332469 0.396943556183 0.0 0.0
10000 10000 455 310 2e-18 0.381632756096 0.381400921706 0.0 0.0
10000 10000 455 310 5e-18 0.338766081635 0.338566573689 0.0 0.0
10000 10000 455 310 7e-18 0.313077379447 0.312896800701 0.0 0.0
10000 10000 455 310 1e-17 0.278384318756 0.278228721676 0.0 0.0
10000 10000 455 310 2e-17 0.189523052766 0.189427817147 0.0 0.0
10000 10000 455 310 5e-17 0.0633345635588 0.0633116612177 0.0 0.0
10000 10000 455 310 7e-17 0.0317553752781 0.031746184623 0.0 0.0
10000 10000 455 310 1e-16 0.0118316977635 0.0118292403099 0.0 0.0
10000 10000 455 310 1e-15 1.97622086524e-11 1.97622078645e-11 0.0 0.0
10000 10000 455 310 1e-14 9.54797349154e-58 9.54797349154e-58 0.0 0.0
10000 10000 455 310 1e-12 0.0 0.0 0.0 0.0
10000 10000 455 310 1e-10 0.0 0.0 0.0 0.0
