10000 10000 1055 410 1e-22 0.373172839753 0.373150511501 0.372505027536 0.0
10000 10000 1055 410 1e-20 0.373038245855 0.373015929283 0.372370699767 0.0
10000 10000 1055 410 1e-19 0.371817046852 0.37179483618 0.371151914939 0.0
10000 10000 1055 410 2e-19 0.370465178486 0.370443084884 0.369802718086 0.0
10000 10000 1055 410 5e-19 0.366441058704 0.366419312566 0.365786544477 0.0
10000 10000 1055 410 7e-19 0.363784330978 0.363762813397 0.36313505775 0.0
10000 10000 1055 410 1e-18 0.359837834065 0.359816654761 0.359196338682 0.0
10000 10000 1055 410 2e-18 0.347010427758 0.34699033757 0.346394149811 0.0
10000 10000 1055 410 5e-18 0.311378272669 0.311361121008 0.310831513182 0.0
10000 10000 1055 410 7e-18 0.289810108022 0.289794669422 0.289305022886 0.0
10000 10000 1055 410 1e-17 0.26039653215 0.260383343829 0.259947742767 0.0
10000 10000 1055 410 2e-17 0.183247926458 0.183240106173 0.182943363569 0.0
10000 10000 1055 410 5e-17 0.0666434030501 0.0666417363708 0.0665432419334 0.0
10000 10000 1055 410 7e-17 0.0349478221829 0.0349472173683 0.0348983780577 0.0
10000 10000 1055 410 1e-16 0.0137214063763 0.0137212710594 0.0137035288718 0.0
10000 10000 1055 410 1e-15 3.37213347901e-11 3.372133479e-11 3.37205710091e-11 0.0
10000 10000 1055 410 1e-14 2.82594144044e-59 2.82594144044e-59 2.82594144044e-59 0.0
10000 10000 1055 410 1e-12 0.0 0.0 0.0 0.0
10000 10000 1055 410 1e-10 0.0 0.0 0.0 0.0
