10000 10000 255 230 1e-22 0.322348817651 0.321742987623 0.0 0.0
10000 10000 255 230 1e-20 0.322223799348 0.321618228032 0.0 0.0
10000 10000 255 230 1e-19 0.321089656502 0.320486431782 0.0 0.0
10000 10000 255 230 2e-19 0.319834527247 0.319233898631 0.0 0.0
10000 10000 255 230 5e-19 0.316100670803 0.315507760149 0.0 0.0
10000 10000 255 230 7e-19 0.313637472784 0.313049649373 0.0 0.0
10000 10000 255 230 1e-18 0.309981267318 0.309400988774 0.0 0.0
10000 10000 255 230 2e-18 0.298120936684 0.297565079919 0.0 0.0
10000 10000 255 230 5e-18 0.265372035406 0.264883164562 0.0 0.0
10000 10000 255 230 7e-18 0.245698257923 0.245249283148 0.0 0.0
10000 10000 255 230 1e-17 0.219064112098 0.218668683572 0.0 0.0
10000 10000 255 230 2e-17 0.150435559701 0.150175086718 0.0 0.0
10000 10000 255 230 5e-17 0.0513924503178 0.0513142958054 0.0 0.0
10000 10000 255 230 7e-17 0.0260547427676 0.0260184683651 0.0 0.0
10000 10000 255 230 1e-16 0.00981780194832 0.00980582404597 0.0 0.0
10000 10000 255 230 1e-15 9.58737162206e-12 9.58731952517e-12 0.0 0.0
10000 10000 255 230 1e-14 1.10926282122e-59 1.10926282122e-59 0.0 0.0
10000 10000 255 230 1e-12 0.0 0.0 0.0 0.0
10000 10000 255 230 1e-10 0.0 0.0 0.0 0.0
