10000 10000 755 150 1e-22 0.0403659943308 0.0 0.0 0.0
10000 10000 755 150 1e-20 0.04035351282 0.0 0.0 0.0
10000 10000 755 150 1e-19 0.0402402317842 0.0 0.0 0.0
10000 10000 755 150 2e-19 0.040114758725 0.0 0.0 0.0
10000 10000 755 150 5e-19 0.0397408184138 0.0 0.0 0.0
10000 10000 755 150 7e-19 0.0394935760545 0.0 0.0 0.0
10000 10000 755 150 1e-18 0.0391257604546 0.0 0.0 0.0
10000 10000 755 150 2e-18 0.0379256633245 0.0 0.0 0.0
10000 10000 755 150 5e-18 0.0345532719845 0.0 0.0 0.0
10000 10000 755 150 7e-18 0.0324821221153 0.0 0.0 0.0
10000 10000 755 150 1e-17 0.0296175186436 0.0 0.0 0.0
10000 10000 755 150 2e-17 0.0218424289577 0.0 0.0 0.0
10000 10000 755 150 5e-17 0.00898937153108 0.0 0.0 0.0
10000 10000 755 150 7e-17 0.00506266244208 0.0 0.0 0.0
10000 10000 755 150 1e-16 0.00218619296513 0.0 0.0 0.0
10000 10000 755 150 1e-15 9.05702601862e-10 0.0 0.0 0.0
10000 10000 755 150 1e-14 7.67690185205e-40 0.0 0.0 0.0
10000 10000 755 150 1e-12 0.0 0.0 0.0 0.0
10000 10000 755 150 1e-10 0.0 0.0 0.0 0.0
