10000 10000 655 320 1e-22 0.400602003887 0.400452229224 0.0 0.0
10000 10000 655 320 1e-20 0.400450974416 0.400301277107 0.0 0.0
10000 10000 655 320 1e-19 0.399080786688 0.3989317907 0.0 0.0
10000 10000 655 320 2e-19 0.397564271209 0.397416050488 0.0 0.0
10000 10000 655 320 5e-19 0.39305181608 0.392905896252 0.0 0.0
10000 10000 655 320 7e-19 0.390074150164 0.38992974374 0.0 0.0
10000 10000 655 320 1e-18 0.385653069504 0.385510902851 0.0 0.0
10000 10000 655 320 2e-18 0.371301200099 0.371166243605 0.0 0.0
10000 10000 655 320 5e-18 0.331585224161 0.331469715525 0.0 0.0
10000 10000 655 320 7e-18 0.307658895567 0.307554722773 0.0 0.0
10000 10000 655 320 1e-17 0.275178041967 0.275088762611 0.0 0.0
10000 10000 655 320 2e-17 0.1909095333 0.190855848016 0.0 0.0
10000 10000 655 320 5e-17 0.0670159775625 0.0670037145389 0.0 0.0
10000 10000 655 320 7e-17 0.0345010925763 0.0344963343392 0.0 0.0
10000 10000 655 320 1e-16 0.0132600880953 0.0132588797659 0.0 0.0
10000 10000 655 320 1e-15 4.67640681175e-11 4.6764068098e-11 0.0 0.0
10000 10000 655 320 1e-14 4.83536955779e-58 4.83536955779e-58 0.0 0.0
10000 10000 655 320 1e-12 0.0 0.0 0.0 0.0
10000 10000 655 320 1e-10 0.0 0.0 0.0 0.0
