10000 10000 1455 150 1e-22 0.00186302458124 0.0 0.0 0.0
10000 10000 1455 150 1e-20 0.00186238187067 0.0 0.0 0.0
10000 10000 1455 150 1e-19 0.00185655116288 0.0 0.0 0.0
10000 10000 1455 150 2e-19 0.0018500981164 0.0 0.0 0.0
10000 10000 1455 150 5e-19 0.00183089883222 0.0 0.0 0.0
10000 10000 1455 150 7e-19 0.00181823119934 0.0 0.0 0.0
10000 10000 1455 150 1e-18 0.00179942497332 0.0 0.0 0.0
10000 10000 1455 150 2e-18 0.00173838813266 0.0 0.0 0.0
10000 10000 1455 150 5e-18 0.0015694868275 0.0 0.0 0.0
10000 10000 1455 150 7e-18 0.0014676342114 0.0 0.0 0.0
10000 10000 1455 150 1e-17 0.0013290503383 0.0 0.0 0.0
10000 10000 1455 150 2e-17 0.000965503104595 0.0 0.0 0.0
10000 10000 1455 150 5e-17 0.000396816094521 0.0 0.0 0.0
10000 10000 1455 150 7e-17 0.000226875818652 0.0 0.0 0.0
10000 10000 1455 150 1e-16 0.000100853980592 0.0 0.0 0.0
10000 10000 1455 150 1e-15 5.06407436726e-10 0.0 0.0 0.0
10000 10000 1455 150 1e-14 2.04553958574e-42 0.0 0.0 0.0
10000 10000 1455 150 1e-12 0.0 0.0 0.0 0.0
10000 10000 1455 150 1e-10 0.0 0.0 0.0 0.0
