10000 10000 555 300 1e-22 0.424908036252 0.424702269903 0.0 0.0
10000 10000 555 300 1e-20 0.424746325194 0.424540661359 0.0 0.0
10000 10000 555 300 1e-19 0.423279238154 0.423074503835 0.0 0.0
10000 10000 555 300 2e-19 0.421655491006 0.421451784373 0.0 0.0
10000 10000 555 300 5e-19 0.416824065825 0.416623410271 0.0 0.0
10000 10000 555 300 7e-19 0.41363600618 0.413437358314 0.0 0.0
10000 10000 555 300 1e-18 0.408902678997 0.408707003683 0.0 0.0
10000 10000 555 300 2e-18 0.393538403211 0.393352307526 0.0 0.0
10000 10000 555 300 5e-18 0.35103306282 0.350872893061 0.0 0.0
10000 10000 555 300 7e-18 0.325437788301 0.325292795972 0.0 0.0
10000 10000 555 300 1e-17 0.290710041299 0.290585075291 0.0 0.0
10000 10000 555 300 2e-17 0.20076847967 0.200691889225 0.0 0.0
10000 10000 555 300 5e-17 0.0694480475723 0.0694294799912 0.0 0.0
10000 10000 555 300 7e-17 0.0354199123314 0.0354124016592 0.0 0.0
10000 10000 555 300 1e-16 0.0134449821025 0.0134429458485 0.0 0.0
10000 10000 555 300 1e-15 3.89775663042e-11 3.89775657598e-11 0.0 0.0
10000 10000 555 300 1e-14 4.89545401327e-59 4.89545401327e-59 0.0 0.0
10000 10000 555 300 1e-12 0.0 0.0 0.0 0.0
10000 10000 555 300 1e-10 0.0 0.0 0.0 0.0
