10000 10000 2955 1250 1e-22 0.204838538031 0.204838538031 0.204838207794 0.204800539272
10000 10000 2955 1250 1e-20 0.204755222669 0.204755222669 0.204754892659 0.2047172448
10000 10000 2955 1250 1e-19 0.203999472715 0.203999472715 0.203999144762 0.203961684207
10000 10000 2955 1250 2e-19 0.203163252593 0.203163252593 0.203162926911 0.203125673329
10000 10000 2955 1250 5e-19 0.200676540616 0.200676540616 0.200676221653 0.200639581847
10000 10000 2955 1250 7e-19 0.199036851185 0.199036851185 0.199036536624 0.199000300123
10000 10000 2955 1250 1e-18 0.196604155215 0.196604155215 0.196603847144 0.196568206919
10000 10000 2955 1250 2e-18 0.188722370545 0.188722370545 0.188722083155 0.188688357515
10000 10000 2955 1250 5e-18 0.167039267456 0.167039267456 0.167039034146 0.16701043327
10000 10000 2955 1250 7e-18 0.154073921117 0.154073921117 0.154073718081 0.15404807581
10000 10000 2955 1250 1e-17 0.136601293639 0.136601293639 0.13660112881 0.136579338462
10000 10000 2955 1250 2e-17 0.0920782675303 0.0920782675303 0.0920781852601 0.0920654101488
10000 10000 2955 1250 5e-17 0.0297530737704 0.0297530737704 0.0297530635408 0.0297502951096
10000 10000 2955 1250 7e-17 0.0145219576912 0.0145219576912 0.0145219551428 0.0145209038079
10000 10000 2955 1250 1e-16 0.00515817891762 0.00515817891762 0.00515817860074 0.00515791789321
10000 10000 2955 1250 1e-15 2.01063226532e-13 2.01063226532e-13 2.01063226532e-13 2.0106322651e-13
10000 10000 2955 1250 1e-14 4.42936840761e-90 4.42936840761e-90 4.42936840761e-90 4.42936840761e-90
10000 10000 2955 1250 1e-12 0.0 0.0 0.0 0.0
10000 10000 2955 1250 1e-10 0.0 0.0 0.0 0.0
