10000 10000 1355 450 1e-22 0.279709006127 0.279700638252 0.279342235605 0.0
10000 10000 1355 450 1e-20 0.279611466365 0.279603103302 0.279244843315 0.0
10000 10000 1355 450 1e-19 0.278726399167 0.27871807972 0.2783611139 0.0
10000 10000 1355 450 2e-19 0.277746485377 0.277738214121 0.277382680477 0.0
10000 10000 1355 450 5e-19 0.274828669022 0.274820540644 0.274469267252 0.0
10000 10000 1355 450 7e-19 0.272901583451 0.27289354893 0.272545085743 0.0
10000 10000 1355 450 1e-18 0.270037854851 0.270029959055 0.269685666766 0.0
10000 10000 1355 450 2e-18 0.260720629142 0.260713178434 0.260382412728 0.0
10000 10000 1355 450 5e-18 0.234762566871 0.234756304457 0.234462856924 0.0
10000 10000 1355 450 7e-18 0.218992367822 0.218986788874 0.218715732292 0.0
10000 10000 1355 450 1e-17 0.197410249631 0.197405556782 0.197164769588 0.0
10000 10000 1355 450 2e-17 0.140333232237 0.140330587041 0.140167451051 0.0
10000 10000 1355 450 5e-17 0.0523182538202 0.0523177672352 0.0522646997448 0.0
10000 10000 1355 450 7e-17 0.0278141652938 0.0278140049058 0.0277880769766 0.0
10000 10000 1355 450 1e-16 0.0111265716002 0.0111265405612 0.0111173237215 0.0
10000 10000 1355 450 1e-15 2.95126620267e-11 2.95126620267e-11 2.95123478341e-11 0.0
10000 10000 1355 450 1e-14 4.06605162503e-58 4.06605162503e-58 4.06605162503e-58 0.0
10000 10000 1355 450 1e-12 0.0 0.0 0.0 0.0
10000 10000 1355 450 1e-10 0.0 0.0 0.0 0.0
