10000 10000 355 200 1e-22 0.352519888789 0.351604039304 0.0 0.0
10000 10000 355 200 1e-20 0.352387782343 0.351472289561 0.0 0.0
10000 10000 355 200 1e-19 0.351189237233 0.350276980428 0.0 0.0
10000 10000 355 200 2e-19 0.349862625182 0.348953949632 0.0 0.0
10000 10000 355 200 5e-19 0.345914802919 0.345016781624 0.0 0.0
10000 10000 355 200 7e-19 0.343309370299 0.342418377914 0.0 0.0
10000 10000 355 200 1e-18 0.339440440723 0.338559882122 0.0 0.0
10000 10000 355 200 2e-18 0.326876683535 0.326029975373 0.0 0.0
10000 10000 355 200 5e-18 0.292074560046 0.291321352874 0.0 0.0
10000 10000 355 200 7e-18 0.271084057791 0.27038704157 0.0 0.0
10000 10000 355 200 1e-17 0.242559315499 0.241938389568 0.0 0.0
10000 10000 355 200 2e-17 0.168400200539 0.167975373988 0.0 0.0
10000 10000 355 200 5e-17 0.0590369220007 0.0588943566318 0.0 0.0
10000 10000 355 200 7e-17 0.0303240508578 0.0302529542913 0.0 0.0
10000 10000 355 200 1e-16 0.0116064988699 0.011580500886 0.0 0.0
10000 10000 355 200 1e-15 3.04615751307e-11 3.04603335486e-11 0.0 0.0
10000 10000 355 200 1e-14 2.82910921195e-54 2.82910921195e-54 0.0 0.0
10000 10000 355 200 1e-12 0.0 0.0 0.0 0.0
10000 10000 355 200 1e-10 0.0 0.0 0.0 0.0
