10000 10000 1355 550 1e-22 0.378417325761 0.378413105389 0.378146818135 0.377131589766
10000 10000 1355 550 1e-20 0.378274751502 0.378270533941 0.378004365313 0.376989536612
10000 10000 1355 550 1e-19 0.376981259061 0.376977066965 0.376711974216 0.37570077114
10000 10000 1355 550 2e-19 0.375549601944 0.375545437962 0.375281535264 0.374274344406
10000 10000 1355 550 5e-19 0.371289475292 0.371285394515 0.371025028346 0.370029772238
10000 10000 1355 550 7e-19 0.368478174778 0.368474148536 0.368216112308 0.367228728554
10000 10000 1355 550 1e-18 0.364303898575 0.364299952761 0.364045370379 0.363069670461
10000 10000 1355 550 2e-18 0.350751514994 0.350747825753 0.350504408985 0.349566598768
10000 10000 1355 550 5e-18 0.313234402558 0.313231386482 0.313018479284 0.312185194714
10000 10000 1355 550 7e-18 0.290623182472 0.290620544934 0.290425721399 0.289655156523
10000 10000 1355 550 1e-17 0.259916352199 0.259914194649 0.25974352818 0.259057773562
10000 10000 1355 550 2e-17 0.180195146767 0.180194039484 0.180083565181 0.179615692799
10000 10000 1355 550 5e-17 0.0629430615432 0.0629429085467 0.0629113220569 0.0627549932179
10000 10000 1355 550 7e-17 0.0322464465124 0.0322464049276 0.0322321664589 0.0321542281177
10000 10000 1355 550 1e-16 0.0122883090573 0.0122883030318 0.0122837864493 0.0122551987101
10000 10000 1355 550 1e-15 2.0414067937e-11 2.0414067937e-11 2.04140579312e-11 2.04054900961e-11
10000 10000 1355 550 1e-14 1.72322074902e-57 1.72322074902e-57 1.72322074902e-57 1.72322074902e-57
10000 10000 1355 550 1e-12 0.0 0.0 0.0 0.0
10000 10000 1355 550 1e-10 0.0 0.0 0.0 0.0
