10000 10000 1355 300 1e-22 0.0640956862863 0.0640901472891 0.0 0.0
10000 10000 1355 300 1e-20 0.0640757358868 0.0640701991529 0.0 0.0
10000 10000 1355 300 1e-19 0.0638946671809 0.0638891509784 0.0 0.0
10000 10000 1355 300 2e-19 0.0636941092016 0.063688615721 0.0 0.0
10000 10000 1355 300 5e-19 0.063096388438 0.0630909625534 0.0 0.0
10000 10000 1355 300 7e-19 0.0627011794895 0.0626957981985 0.0 0.0
10000 10000 1355 300 1e-18 0.062113228277 0.0621079131784 0.0 0.0
10000 10000 1355 300 2e-18 0.0601948085747 0.0601897081964 0.0 0.0
10000 10000 1355 300 5e-18 0.0548035338046 0.0547990261358 0.0 0.0
10000 10000 1355 300 7e-18 0.0514925299889 0.0514883780675 0.0 0.0
10000 10000 1355 300 1e-17 0.0469136442734 0.0469099732124 0.0 0.0
10000 10000 1355 300 2e-17 0.0344948682464 0.0344924279085 0.0 0.0
10000 10000 1355 300 5e-17 0.0140562301857 0.0140554998417 0.0 0.0
10000 10000 1355 300 7e-17 0.00786815027263 0.00786781821386 0.0 0.0
10000 10000 1355 300 1e-16 0.00337352926927 0.00337342494886 0.0 0.0
10000 10000 1355 300 1e-15 1.36665632561e-10 1.36665632544e-10 0.0 0.0
10000 10000 1355 300 1e-14 6.36533750141e-57 6.36533750141e-57 0.0 0.0
10000 10000 1355 300 1e-12 0.0 0.0 0.0 0.0
10000 10000 1355 300 1e-10 0.0 0.0 0.0 0.0
