10000 10000 1305 230 1e-22 0.0197192489415 0.0197081555961 0.0 0.0
10000 10000 1305 230 1e-20 0.0197135941513 0.0197025042306 0.0 0.0
10000 10000 1305 230 1e-19 0.0196622640534 0.0196512052166 0.0 0.0
10000 10000 1305 230 2e-19 0.0196053931726 0.0195943687684 0.0 0.0
10000 10000 1305 230 5e-19 0.0194358019957 0.0194248802301 0.0 0.0
10000 10000 1305 230 7e-19 0.0193235871183 0.0193127332326 0.0 0.0
10000 10000 1305 230 1e-18 0.0191565231136 0.0191457702361 0.0 0.0
10000 10000 1305 230 2e-18 0.0186103795414 0.0185999564388 0.0 0.0
10000 10000 1305 230 5e-18 0.0170667451204 0.017057250397 0.0 0.0
10000 10000 1305 230 7e-18 0.0161118916162 0.0161029682481 0.0 0.0
10000 10000 1305 230 1e-17 0.0147821144264 0.0147739827196 0.0 0.0
10000 10000 1305 230 2e-17 0.0111132414877 0.0111072657368 0.0 0.0
10000 10000 1305 230 5e-17 0.00479611128491 0.00479370658595 0.0 0.0
10000 10000 1305 230 7e-17 0.00277057922297 0.00276925444051 0.0 0.0
10000 10000 1305 230 1e-16 0.00123506646076 0.00123451666225 0.0 0.0
10000 10000 1305 230 1e-15 5.45047235772e-11 5.45045463495e-11 0.0 0.0
10000 10000 1305 230 1e-14 5.6045002004e-57 5.6045002004e-57 0.0 0.0
10000 10000 1305 230 1e-12 0.0 0.0 0.0 0.0
10000 10000 1305 230 1e-10 0.0 0.0 0.0 0.0
