10000 10000 1105 380 1e-22 0.293705008267 0.293687788474 0.292908655379 0.0
10000 10000 1105 380 1e-20 0.293603453062 0.293586241881 0.292807399256 0.0
10000 10000 1105 380 1e-19 0.292681932794 0.292664799707 0.29188859252 0.0
10000 10000 1105 380 2e-19 0.291661623113 0.291644576369 0.290871286496 0.0
10000 10000 1105 380 5e-19 0.288623295489 0.288606505094 0.287841898472 0.0
10000 10000 1105 380 7e-19 0.286616430014 0.28659980831 0.285840933751 0.0
10000 10000 1105 380 1e-18 0.283633867532 0.2836174956 0.282867134912 0.0
10000 10000 1105 380 2e-18 0.273927686116 0.273912119205 0.273189423074 0.0
10000 10000 1105 380 5e-18 0.246866533024 0.246853145346 0.246207218584 0.0
10000 10000 1105 380 7e-18 0.230411484021 0.23039937241 0.229799846615 0.0
10000 10000 1105 380 1e-17 0.207872885294 0.207862457641 0.207326106659 0.0
10000 10000 1105 380 2e-17 0.148146020197 0.148139659535 0.1477681699 0.0
10000 10000 1105 380 5e-17 0.0555896226028 0.0555881195775 0.0554606790058 0.0
10000 10000 1105 380 7e-17 0.029666656905 0.0296660649153 0.0296021744252 0.0
10000 10000 1105 380 1e-16 0.0119350599478 0.0119349079813 0.0119115748192 0.0
10000 10000 1105 380 1e-15 4.22322250034e-11 4.22322250034e-11 4.22310398068e-11 0.0
10000 10000 1105 380 1e-14 7.61758690744e-58 7.61758690744e-58 7.61758690744e-58 0.0
10000 10000 1105 380 1e-12 0.0 0.0 0.0 0.0
10000 10000 1105 380 1e-10 0.0 0.0 0.0 0.0
