10000 10000 1105 470 1e-22 0.388008608353 0.387995703827 0.387514264134 0.0
10000 10000 1105 470 1e-20 0.387862140623 0.387849244428 0.387368009318 0.0
10000 10000 1105 470 1e-19 0.386533339403 0.386520518701 0.386041139208 0.0
10000 10000 1105 470 2e-19 0.385062632263 0.385049894913 0.38457256831 0.0
10000 10000 1105 470 5e-19 0.380686494569 0.380674003985 0.380202780227 0.0
10000 10000 1105 470 7e-19 0.377798792296 0.377786463514 0.377319262248 0.0
10000 10000 1105 470 1e-18 0.373511301613 0.373499211543 0.373037975795 0.0
10000 10000 1105 470 2e-18 0.359593246473 0.35958191868 0.359139990785 0.0
10000 10000 1105 470 5e-18 0.32107924966 0.321069928061 0.32068094685 0.0
10000 10000 1105 470 7e-18 0.297878411714 0.297870222984 0.297512769413 0.0
10000 10000 1105 470 1e-17 0.266384693646 0.266377947597 0.266062804173 0.0
10000 10000 1105 470 2e-17 0.184696423294 0.184692870279 0.184484385818 0.0
10000 10000 1105 470 5e-17 0.0647150202586 0.0647144777877 0.0646506435944 0.0
10000 10000 1105 470 7e-17 0.0332844287935 0.0332842681848 0.0332540911836 0.0
10000 10000 1105 470 1e-16 0.0127819830292 0.0127819557867 0.0127716601614 0.0
10000 10000 1105 470 1e-15 1.74645053455e-11 1.74645053455e-11 1.74643602448e-11 0.0
10000 10000 1105 470 1e-14 2.48243174706e-58 2.48243174706e-58 2.48243174706e-58 0.0
10000 10000 1105 470 1e-12 0.0 0.0 0.0 0.0
10000 10000 1105 470 1e-10 0.0 0.0 0.0 0.0
