10000 10000 955 650 1e-22 0.448696927495 0.448695815533 0.448452948664 0.447640184479
10000 10000 955 650 1e-20 0.448504527515 0.448503416278 0.44826067414 0.447448264668
10000 10000 955 650 1e-19 0.446759480686 0.446758376021 0.446516764752 0.445707572411
10000 10000 955 650 2e-19 0.444829057335 0.444827959926 0.444587598757 0.443781965145
10000 10000 955 650 5e-19 0.439091150326 0.439090074401 0.438853423353 0.438058366567
10000 10000 955 650 7e-19 0.435309911218 0.43530884938 0.435074638635 0.43428655108
10000 10000 955 650 1e-18 0.42970323718 0.429702196129 0.429471596905 0.428693841835
10000 10000 955 650 2e-18 0.41156554741 0.411564572751 0.411345599485 0.410601259848
10000 10000 955 650 5e-18 0.361898366374 0.361897566529 0.361709952665 0.361057026887
10000 10000 955 650 7e-18 0.332374784375 0.332374083269 0.332204750538 0.331606093125
10000 10000 955 650 1e-17 0.292817313868 0.292816738474 0.292671429737 0.292145385916
10000 10000 955 650 2e-17 0.19344209499 0.193441797123 0.193353963947 0.193009665045
10000 10000 955 650 5e-17 0.059474602481 0.0594745610482 0.0594540168503 0.0593516271845
10000 10000 955 650 7e-17 0.0283443713201 0.0283443601716 0.0283362116757 0.0282886573289
10000 10000 955 650 1e-16 0.00983931713201 0.00983931557045 0.00983715778222 0.00982134008126
10000 10000 955 650 1e-15 3.54784432745e-12 3.54784432745e-12 3.54784342587e-12 3.54767348878e-12
10000 10000 955 650 1e-14 1.28034808399e-65 1.28034808399e-65 1.28034808399e-65 1.28034808399e-65
10000 10000 955 650 1e-12 0.0 0.0 0.0 0.0
10000 10000 955 650 1e-10 0.0 0.0 0.0 0.0
