10000 10000 1355 1350 1e-22 0.139351019452 0.139351019452 0.139351019452 0.13926853292
10000 10000 1355 1350 1e-20 0.139280925771 0.139280925771 0.139280925771 0.139198494439
10000 10000 1355 1350 1e-19 0.138645433673 0.138645433673 0.138645433673 0.138563502452
10000 10000 1355 1350 2e-19 0.13794295886 0.13794295886 0.13794295886 0.137861579724
10000 10000 1355 1350 5e-19 0.135858230621 0.135858230621 0.135858230621 0.135778485299
10000 10000 1355 1350 7e-19 0.134487108766 0.134487108766 0.134487108766 0.134408434209
10000 10000 1355 1350 1e-18 0.132458044267 0.132458044267 0.132458044267 0.132380948691
10000 10000 1355 1350 2e-18 0.125927099601 0.125927099601 0.125927099601 0.125855039815
10000 10000 1355 1350 5e-18 0.108314265655 0.108314265655 0.108314265655 0.108255407801
10000 10000 1355 1350 7e-18 0.0980455134615 0.0980455134615 0.0980455134615 0.0979940719842
10000 10000 1355 1350 1e-17 0.0845427593863 0.0845427593863 0.0845427593863 0.084500712845
10000 10000 1355 1350 2e-17 0.0521233540492 0.0521233540492 0.0521233540492 0.0521018193873
10000 10000 1355 1350 5e-17 0.0132844118794 0.0132844118794 0.0132844118794 0.013281429519
10000 10000 1355 1350 7e-17 0.00566060564725 0.00566060564725 0.00566060564725 0.00565978489415
10000 10000 1355 1350 1e-16 0.00168617157448 0.00168617157448 0.00168617157448 0.00168604732217
10000 10000 1355 1350 1e-15 1.83663316285e-14 1.83663316285e-14 1.83663316285e-14 1.83663316284e-14
10000 10000 1355 1350 1e-14 2.30499678476e-103 2.30499678476e-103 2.30499678476e-103 2.30499678476e-103
10000 10000 1355 1350 1e-12 0.0 0.0 0.0 0.0
10000 10000 1355 1350 1e-10 0.0 0.0 0.0 0.0
