10000 10000 705 420 1e-22 0.449367355812 0.449317025481 0.44826628608 0.0
10000 10000 705 420 1e-20 0.44918629271 0.449135990343 0.44808570278 0.0
10000 10000 705 420 1e-19 0.44754385733 0.447493808463 0.446447619046 0.0
10000 10000 705 420 2e-19 0.44572649785 0.44567672912 0.44463507326 0.0
10000 10000 705 420 5e-19 0.440321856908 0.440272919016 0.439244738913 0.0
10000 10000 705 420 7e-19 0.436757925007 0.436709533124 0.435690233777 0.0
10000 10000 705 420 1e-18 0.431470040154 0.431422455642 0.430416324814 0.0
10000 10000 705 420 2e-18 0.414334936384 0.414289945111 0.41332641855 0.0
10000 10000 705 420 5e-18 0.367173215878 0.367135171483 0.366288338988 0.0
10000 10000 705 420 7e-18 0.338955985735 0.338921954606 0.338144506904 0.0
10000 10000 705 420 1e-17 0.300906625365 0.300877820322 0.300193356635 0.0
10000 10000 705 420 2e-17 0.203802216074 0.203785623283 0.20333479096 0.0
10000 10000 705 420 5e-17 0.0671533937211 0.0671501058375 0.0670136253716 0.0
10000 10000 705 420 7e-17 0.0333664053263 0.0333652568133 0.0333011982618 0.0
10000 10000 705 420 1e-16 0.0122588877274 0.0122586417355 0.0122370417435 0.0
10000 10000 705 420 1e-15 1.35954051974e-11 1.35954051974e-11 1.35949775157e-11 0.0
10000 10000 705 420 1e-14 4.89858710131e-59 4.89858710131e-59 4.89858710131e-59 0.0
10000 10000 705 420 1e-12 0.0 0.0 0.0 0.0
10000 10000 705 420 1e-10 0.0 0.0 0.0 0.0
