10000 10000 755 470 1e-22 0.4580922171 0.458059604279 0.457300041149 0.0
10000 10000 755 470 1e-20 0.457901212855 0.457868620702 0.457109402253 0.0
10000 10000 755 470 1e-19 0.456168738916 0.45613633405 0.455380241498 0.0
10000 10000 755 470 2e-19 0.45425204235 0.454219844298 0.453467209057 0.0
10000 10000 755 470 5e-19 0.448553799145 0.448522213532 0.447779850571 0.0
10000 10000 755 470 7e-19 0.44479775772 0.444766573814 0.444030976836 0.0
10000 10000 755 470 1e-18 0.439227050279 0.43919645923 0.438470889575 0.0
10000 10000 755 470 2e-18 0.421193979725 0.421165283476 0.420472110198 0.0
10000 10000 755 470 5e-18 0.371714255103 0.371690558722 0.371085740659 0.0
10000 10000 755 470 7e-18 0.34222562031 0.342204756679 0.34165218263 0.0
10000 10000 755 470 1e-17 0.30261204216 0.302594797469 0.302111848959 0.0
10000 10000 755 470 2e-17 0.202432580346 0.202423405048 0.202112945487 0.0
10000 10000 755 470 5e-17 0.0646994069381 0.0646979743876 0.0646103111904 0.0
10000 10000 755 470 7e-17 0.0316556696553 0.0316552422558 0.0316157488177 0.0
10000 10000 755 470 1e-16 0.0114303337122 0.0114302611997 0.0114176058853 0.0
10000 10000 755 470 1e-15 8.02416953384e-12 8.02416953384e-12 8.02402842167e-12 0.0
10000 10000 755 470 1e-14 3.10643418001e-62 3.10643418001e-62 3.10643418001e-62 0.0
10000 10000 755 470 1e-12 0.0 0.0 0.0 0.0
10000 10000 755 470 1e-10 0.0 0.0 0.0 0.0
