10000 10000 705 430 1e-22 0.464430100722 0.464386476744 0.463401896587 0.0
10000 10000 705 430 1e-20 0.464242184215 0.464198585198 0.463214422358 0.0
10000 10000 705 430 1e-19 0.462537589937 0.462494217164 0.461513839487 0.0
10000 10000 705 430 2e-19 0.460651470012 0.460608347215 0.459632157093 0.0
10000 10000 705 430 5e-19 0.455042459356 0.45500007768 0.454036336312 0.0
10000 10000 705 430 7e-19 0.451343859141 0.451301964297 0.450346428084 0.0
10000 10000 705 430 1e-18 0.445856309664 0.445815134368 0.444871766676 0.0
10000 10000 705 430 2e-18 0.428075450782 0.428036583992 0.42713260028 0.0
10000 10000 705 430 5e-18 0.379147432269 0.379114728235 0.378318743332 0.0
10000 10000 705 430 7e-18 0.349882456638 0.349853297185 0.349121622044 0.0
10000 10000 705 430 1e-17 0.310433319852 0.310408756439 0.309763389304 0.0
10000 10000 705 430 2e-17 0.209850275042 0.209836341929 0.209408608807 0.0
10000 10000 705 430 5e-17 0.068758526038 0.0687558757125 0.0686238600926 0.0
10000 10000 705 430 7e-17 0.0340628386578 0.0340619338982 0.0339990825887 0.0
10000 10000 705 430 1e-16 0.0124824769499 0.0124822886973 0.0124605648983 0.0
10000 10000 705 430 1e-15 1.0815666388e-11 1.0815666388e-11 1.08137388487e-11 0.0
10000 10000 705 430 1e-14 6.09928275964e-61 6.09928275964e-61 6.09928275964e-61 0.0
10000 10000 705 430 1e-12 0.0 0.0 0.0 0.0
10000 10000 705 430 1e-10 0.0 0.0 0.0 0.0
