10000 10000 1255 440 1e-22 0.292537145991 0.292529839518 0.292140209647 0.0
10000 10000 1255 440 1e-20 0.292435491735 0.292428189303 0.292038710751 0.0
10000 10000 1255 440 1e-19 0.291513083649 0.291505817857 0.291117712099 0.0
10000 10000 1255 440 2e-19 0.290491814087 0.290484588787 0.290098002377 0.0
10000 10000 1255 440 5e-19 0.287450772491 0.287443667305 0.287061601443 0.0
10000 10000 1255 440 7e-19 0.285442233515 0.285435207281 0.285056124144 0.0
10000 10000 1255 440 1e-18 0.28245736008 0.282450450613 0.282075795641 0.0
10000 10000 1255 440 2e-18 0.272745132984 0.272738598761 0.272378314867 0.0
10000 10000 1255 440 5e-18 0.245679429036 0.24567390149 0.245353350496 0.0
10000 10000 1255 440 7e-18 0.229230873815 0.229225928824 0.228929282029 0.0
10000 10000 1255 440 1e-17 0.206713225435 0.206709040149 0.206444793187 0.0
10000 10000 1255 440 2e-17 0.147116354153 0.147113948775 0.146933346869 0.0
10000 10000 1255 440 5e-17 0.0550298126354 0.0550293475999 0.0549692704594 0.0
10000 10000 1255 440 7e-17 0.0293195704344 0.0293194127995 0.0292897041626 0.0
10000 10000 1255 440 1e-16 0.011766662913 0.0117666312335 0.0117559156464 0.0
10000 10000 1255 440 1e-15 2.34943552961e-11 2.34943552961e-11 2.34940017633e-11 0.0
10000 10000 1255 440 1e-14 3.87207617425e-60 3.87207617425e-60 3.87207617425e-60 0.0
10000 10000 1255 440 1e-12 0.0 0.0 0.0 0.0
10000 10000 1255 440 1e-10 0.0 0.0 0.0 0.0
