10000 10000 755 400 1e-22 0.43517676416 0.435118539212 0.43402531721 0.0
10000 10000 755 400 1e-20 0.435004360356 0.434946167138 0.433853403708 0.0
10000 10000 755 400 1e-19 0.433440412456 0.433382506877 0.432293902907 0.0
10000 10000 755 400 2e-19 0.431709770004 0.431652182316 0.430568180209 0.0
10000 10000 755 400 5e-19 0.426562207629 0.42650556293 0.425435242596 0.0
10000 10000 755 400 7e-19 0.423167131632 0.42311110679 0.422049805442 0.0
10000 10000 755 400 1e-18 0.418128796324 0.418073688266 0.417025764049 0.0
10000 10000 755 400 2e-18 0.401794115024 0.401741953433 0.400737338898 0.0
10000 10000 755 400 5e-18 0.356767322163 0.3567230686 0.355837334167 0.0
10000 10000 755 400 7e-18 0.329776354386 0.32973668069 0.32892182331 0.0
10000 10000 755 400 1e-17 0.293314330537 0.293280635664 0.292561014892 0.0
10000 10000 755 400 2e-17 0.199858404686 0.199838770232 0.199360001063 0.0
10000 10000 755 400 5e-17 0.0669124330064 0.0669084013313 0.0667593612846 0.0
10000 10000 755 400 7e-17 0.0335703094298 0.0335688668566 0.0334976866122 0.0
10000 10000 755 400 1e-16 0.0125097137501 0.012509393196 0.0124847706795 0.0
10000 10000 755 400 1e-15 2.03713793708e-11 2.03713793705e-11 2.03696972384e-11 0.0
10000 10000 755 400 1e-14 1.22347976826e-59 1.22347976826e-59 1.22347976826e-59 0.0
10000 10000 755 400 1e-12 0.0 0.0 0.0 0.0
10000 10000 755 400 1e-10 0.0 0.0 0.0 0.0
