10000 10000 1255 700 1e-22 0.426151902736 0.426151651279 0.426003954071 0.425379548019
10000 10000 1255 700 1e-20 0.425975417512 0.425975166219 0.425827547387 0.425203412718
10000 10000 1255 700 1e-19 0.424374614354 0.424374364546 0.424227456241 0.423605782924
10000 10000 1255 700 2e-19 0.422603543993 0.422603295826 0.422457172836 0.421838222199
10000 10000 1255 700 5e-19 0.41733795304 0.417337709729 0.417193916661 0.416583057924
10000 10000 1255 700 7e-19 0.413866859533 0.413866619407 0.413724358181 0.413118831227
10000 10000 1255 700 1e-18 0.408718412916 0.40871817749 0.408578182361 0.407980560104
10000 10000 1255 700 2e-18 0.392049250575 0.392049030159 0.391916322004 0.391344262776
10000 10000 1255 700 5e-18 0.346286083157 0.34628590227 0.346172785506 0.345670654939
10000 10000 1255 700 7e-18 0.318992123248 0.318991964691 0.31889022127 0.318429605556
10000 10000 1255 700 1e-17 0.282298909014 0.282298778892 0.282211921012 0.281806862347
10000 10000 1255 700 2e-17 0.189321939164 0.189321871829 0.189270275357 0.18900438494
10000 10000 1255 700 5e-17 0.0607834450846 0.060783435753 0.0607720156156 0.0606921973953
10000 10000 1255 700 7e-17 0.0297327656263 0.0297327631271 0.0297284134353 0.0296911586958
10000 10000 1255 700 1e-16 0.0106791194287 0.0106791190822 0.010678042362 0.0106655997648
10000 10000 1255 700 1e-15 1.00731564089e-11 1.00731564089e-11 1.00731562677e-11 1.007298257e-11
10000 10000 1255 700 1e-14 8.65543235769e-60 8.65543235769e-60 8.65543235769e-60 8.65543235769e-60
10000 10000 1255 700 1e-12 0.0 0.0 0.0 0.0
10000 10000 1255 700 1e-10 0.0 0.0 0.0 0.0
