10000 10000 805 380 1e-22 0.423460304268 0.423386757836 0.422137391904 0.0
10000 10000 805 380 1e-20 0.423295502445 0.423221994573 0.421973142911 0.0
10000 10000 805 380 1e-19 0.421800464732 0.421727306459 0.420483119702 0.0
10000 10000 805 380 2e-19 0.42014597075 0.420073198927 0.418834173747 0.0
10000 10000 805 380 5e-19 0.415224235321 0.415152610363 0.413928934212 0.0
10000 10000 805 380 7e-19 0.411977552899 0.411906682232 0.410693126729 0.0
10000 10000 805 380 1e-18 0.407158619423 0.407088864987 0.405890324474 0.0
10000 10000 805 380 2e-18 0.391528405003 0.391462243158 0.390312347058 0.0
10000 10000 805 380 5e-18 0.348385884515 0.348329406297 0.347313295087 0.0
10000 10000 805 380 7e-18 0.32248031791 0.322429478503 0.321493323613 0.0
10000 10000 805 380 1e-17 0.287425791712 0.287382352355 0.286553878341 0.0
10000 10000 805 380 2e-17 0.197202224743 0.197176408623 0.196621682756 0.0
10000 10000 805 380 5e-17 0.0673577832762 0.0673521715622 0.0671767780821 0.0
10000 10000 805 380 7e-17 0.0342296784297 0.0342275935105 0.0341430959068 0.0
10000 10000 805 380 1e-16 0.0129943331608 0.0129938427528 0.0129642707085 0.0
10000 10000 805 380 1e-15 2.22682980803e-11 2.22682980798e-11 2.22671816891e-11 0.0
10000 10000 805 380 1e-14 6.87614900359e-58 6.87614900359e-58 6.87614900359e-58 0.0
10000 10000 805 380 1e-12 0.0 0.0 0.0 0.0
10000 10000 805 380 1e-10 0.0 0.0 0.0 0.0
