10000 10000 2955 1300 1e-22 0.185775688408 0.185775688408 0.185775688408 0.185711323048
10000 10000 2955 1300 1e-20 0.185696349893 0.185696349893 0.185696349893 0.185632025107
10000 10000 2955 1300 1e-19 0.184976758399 0.184976758399 0.184976758399 0.18491280127
10000 10000 2955 1300 2e-19 0.184180724894 0.184180724894 0.184180724894 0.184117173753
10000 10000 2955 1300 5e-19 0.181814629452 0.181814629452 0.181814629452 0.181752280531
10000 10000 2955 1300 7e-19 0.1802553883 0.1802553883 0.1802553883 0.180193827911
10000 10000 2955 1300 1e-18 0.177943401126 0.177943401126 0.177943401126 0.177883004455
10000 10000 2955 1300 2e-18 0.170463991797 0.170463991797 0.170463991797 0.170407314195
10000 10000 2955 1300 5e-18 0.149981004781 0.149981004781 0.149981004781 0.149934139505
10000 10000 2955 1300 7e-18 0.137802893497 0.137802893497 0.137802893497 0.137761587194
10000 10000 2955 1300 1e-17 0.121481003042 0.121481003042 0.121481003042 0.12144679915
10000 10000 2955 1300 2e-17 0.0804312931099 0.0804312931099 0.0804312931099 0.0804129406731
10000 10000 2955 1300 5e-17 0.0248365299174 0.0248365299174 0.0248365299174 0.0248335151548
10000 10000 2955 1300 7e-17 0.0118269123565 0.0118269123565 0.0118269123565 0.0118259582999
10000 10000 2955 1300 1e-16 0.00407417132676 0.00407417132676 0.00407417132676 0.00407398722742
10000 10000 2955 1300 1e-15 1.15239337393e-13 1.15239337393e-13 1.15239337393e-13 1.15239337391e-13
10000 10000 2955 1300 1e-14 4.52442769176e-94 4.52442769176e-94 4.52442769176e-94 4.52442769176e-94
10000 10000 2955 1300 1e-12 0.0 0.0 0.0 0.0
10000 10000 2955 1300 1e-10 0.0 0.0 0.0 0.0
