10000 10000 755 650 1e-22 0.403250081176 0.403246996747 0.40299651201 0.402203907067
10000 10000 755 650 1e-20 0.403078345531 0.403075263155 0.402824905662 0.40203265094
10000 10000 755 650 1e-19 0.40152070029 0.401517636518 0.401268432693 0.400479354266
10000 10000 755 650 2e-19 0.399797540541 0.399794497308 0.399546568833 0.398761003751
10000 10000 755 650 5e-19 0.394675408783 0.394672426343 0.394428283214 0.393653158754
10000 10000 755 650 7e-19 0.391299724131 0.391296781543 0.391055128434 0.390286882372
10000 10000 755 650 1e-18 0.386294038213 0.386291154406 0.386053186754 0.385295136906
10000 10000 755 650 2e-18 0.370097585412 0.370094889182 0.369868788511 0.369143700082
10000 10000 755 650 5e-18 0.325720929397 0.325718725743 0.325524660515 0.324889635064
10000 10000 755 650 7e-18 0.299322550086 0.299320623689 0.299145254277 0.298563614711
10000 10000 755 650 1e-17 0.263925861665 0.263924287077 0.263773515131 0.263263205814
10000 10000 755 650 2e-17 0.174833123792 0.174832319546 0.174740581851 0.174408203182
10000 10000 755 650 5e-17 0.0540946034784 0.0540944959597 0.0540725889042 0.0539750496917
10000 10000 755 650 7e-17 0.0258453701253 0.0258453419347 0.0258365407174 0.0257916116872
10000 10000 755 650 1e-16 0.00898890720994 0.00898890340866 0.00898653648692 0.00897176365922
10000 10000 755 650 1e-15 2.69085310294e-12 2.69085310294e-12 2.69085246527e-12 2.6902893795e-12
10000 10000 755 650 1e-14 4.44713766693e-73 4.44713766693e-73 4.44713766693e-73 4.44713766693e-73
10000 10000 755 650 1e-12 0.0 0.0 0.0 0.0
10000 10000 755 650 1e-10 0.0 0.0 0.0 0.0
