10000 10000 805 270 1e-22 0.237643475222 0.237500194228 0.0 0.0
10000 10000 805 270 1e-20 0.237559089725 0.237415873113 0.0 0.0
10000 10000 805 270 1e-19 0.236793420514 0.2366507878 0.0 0.0
10000 10000 805 270 2e-19 0.235945778378 0.235803791506 0.0 0.0
10000 10000 805 270 5e-19 0.233422308461 0.233282240734 0.0 0.0
10000 10000 805 270 7e-19 0.231756075762 0.231617272302 0.0 0.0
10000 10000 805 270 1e-18 0.229280583896 0.229143654387 0.0 0.0
10000 10000 805 270 2e-18 0.221231505707 0.221100632952 0.0 0.0
10000 10000 805 270 5e-18 0.198848227101 0.198733892408 0.0 0.0
10000 10000 805 270 7e-18 0.185281086778 0.185176545301 0.0 0.0
10000 10000 805 270 1e-17 0.166754485307 0.166663013483 0.0 0.0
10000 10000 805 270 2e-17 0.118006116523 0.117947129121 0.0 0.0
10000 10000 805 270 5e-17 0.0436894668229 0.0436727584994 0.0 0.0
10000 10000 805 270 7e-17 0.023223849339 0.0232163532161 0.0 0.0
10000 10000 805 270 1e-16 0.0093346460669 0.00933228455036 0.0 0.0
10000 10000 805 270 1e-15 5.49617988347e-11 5.49617972509e-11 0.0 0.0
10000 10000 805 270 1e-14 6.30876299984e-58 6.30876299984e-58 0.0 0.0
10000 10000 805 270 1e-12 0.0 0.0 0.0 0.0
10000 10000 805 270 1e-10 0.0 0.0 0.0 0.0
