10000 10000 955 220 1e-22 0.0639393223585 0.0638697675588 0.0 0.0
10000 10000 955 220 1e-20 0.0639195274927 0.0638499984583 0.0 0.0
10000 10000 955 220 1e-19 0.0637398709311 0.0636705756623 0.0 0.0
10000 10000 955 220 2e-19 0.0635408781937 0.0634718416845 0.0 0.0
10000 10000 955 220 5e-19 0.0629478289673 0.0628795625916 0.0 0.0
10000 10000 955 220 7e-19 0.0625557140799 0.0624879560487 0.0 0.0
10000 10000 955 220 1e-18 0.0619723732453 0.0619053701998 0.0 0.0
10000 10000 955 220 2e-18 0.0600690513181 0.0600045009879 0.0 0.0
10000 10000 955 220 5e-18 0.0547204945639 0.0546627468586 0.0 0.0
10000 10000 955 220 7e-18 0.0514357621249 0.051382123799 0.0 0.0
10000 10000 955 220 1e-17 0.0468929304829 0.0468448850207 0.0 0.0
10000 10000 955 220 2e-17 0.034566379177 0.0345329267318 0.0 0.0
10000 10000 955 220 5e-17 0.0142171048421 0.0142053543123 0.0 0.0
10000 10000 955 220 7e-17 0.00801245103983 0.00800644098179 0.0 0.0
10000 10000 955 220 1e-16 0.00346969100357 0.0034674217264 0.0 0.0
10000 10000 955 220 1e-15 5.47094463033e-11 5.47092806314e-11 0.0 0.0
10000 10000 955 220 1e-14 5.0690913719e-55 5.0690913719e-55 0.0 0.0
10000 10000 955 220 1e-12 0.0 0.0 0.0 0.0
10000 10000 955 220 1e-10 0.0 0.0 0.0 0.0
