10000 10000 705 270 1e-22 0.324365989471 0.324169631272 0.0 0.0
10000 10000 705 270 1e-20 0.324250035214 0.324053765025 0.0 0.0
10000 10000 705 270 1e-19 0.323197941045 0.323002469045 0.0 0.0
10000 10000 705 270 2e-19 0.322033236922 0.321838647797 0.0 0.0
10000 10000 705 270 5e-19 0.318566031702 0.31837406613 0.0 0.0
10000 10000 705 270 7e-19 0.316276798095 0.316086560872 0.0 0.0
10000 10000 705 270 1e-18 0.312875934077 0.312688258759 0.0 0.0
10000 10000 705 270 2e-18 0.301819735694 0.301640341241 0.0 0.0
10000 10000 705 270 5e-18 0.271088207541 0.270931429675 0.0 0.0
10000 10000 705 270 7e-18 0.252471253242 0.252327872847 0.0 0.0
10000 10000 705 270 1e-17 0.227061862585 0.22693636905 0.0 0.0
10000 10000 705 270 2e-17 0.1602812191 0.160200232475 0.0 0.0
10000 10000 705 270 5e-17 0.0587989388802 0.0587760477212 0.0 0.0
10000 10000 705 270 7e-17 0.0310151698003 0.0310049573463 0.0 0.0
10000 10000 705 270 1e-16 0.0122998539568 0.0122966804738 0.0 0.0
10000 10000 705 270 1e-15 8.56852477185e-11 8.56852438458e-11 0.0 0.0
10000 10000 705 270 1e-14 6.4764617726e-57 6.4764617726e-57 0.0 0.0
10000 10000 705 270 1e-12 0.0 0.0 0.0 0.0
10000 10000 705 270 1e-10 0.0 0.0 0.0 0.0
