10000 10000 655 230 1e-22 0.258727856939 0.258363689216 0.0 0.0
10000 10000 655 230 1e-20 0.258637966215 0.258273939697 0.0 0.0
10000 10000 655 230 1e-19 0.257822301203 0.257459555737 0.0 0.0
10000 10000 655 230 2e-19 0.256919217445 0.256557889835 0.0 0.0
10000 10000 655 230 5e-19 0.254230112404 0.253873003648 0.0 0.0
10000 10000 655 230 7e-19 0.252454030657 0.252099705789 0.0 0.0
10000 10000 655 230 1e-18 0.249814625863 0.249464434298 0.0 0.0
10000 10000 655 230 2e-18 0.241226613267 0.240889838598 0.0 0.0
10000 10000 655 230 5e-18 0.217294644012 0.216994986505 0.0 0.0
10000 10000 655 230 7e-18 0.202750930798 0.202473620009 0.0 0.0
10000 10000 655 230 1e-17 0.182841090341 0.182594088268 0.0 0.0
10000 10000 655 230 2e-17 0.130143209694 0.129974560474 0.0 0.0
10000 10000 655 230 5e-17 0.0486792895679 0.0486237152941 0.0 0.0
10000 10000 655 230 7e-17 0.0259190178116 0.0258918466647 0.0 0.0
10000 10000 655 230 1e-16 0.0103807081613 0.0103711364705 0.0 0.0
10000 10000 655 230 1e-15 7.5095391703e-11 7.50952618812e-11 0.0 0.0
10000 10000 655 230 1e-14 4.54732460024e-57 4.54732460024e-57 0.0 0.0
10000 10000 655 230 1e-12 0.0 0.0 0.0 0.0
10000 10000 655 230 1e-10 0.0 0.0 0.0 0.0
