10000 10000 955 200 1e-22 0.0672063083908 0.0671047924074 0.0 0.0
10000 10000 955 200 1e-20 0.0671853153778 0.0670838346947 0.0 0.0
10000 10000 955 200 1e-19 0.0669947832021 0.066893622848 0.0 0.0
10000 10000 955 200 2e-19 0.0667837415444 0.0666829358827 0.0 0.0
10000 10000 955 200 5e-19 0.0661547663834 0.0660550170872 0.0 0.0
10000 10000 955 200 7e-19 0.0657388840501 0.0656398326195 0.0 0.0
10000 10000 955 200 1e-18 0.0651201651242 0.0650221510206 0.0 0.0
10000 10000 955 200 2e-18 0.0631012555128 0.0630066186122 0.0 0.0
10000 10000 955 200 5e-18 0.0574268089276 0.0573415988429 0.0 0.0
10000 10000 955 200 7e-18 0.0539413831794 0.0538619127256 0.0 0.0
10000 10000 955 200 1e-17 0.0491207418295 0.0490491411829 0.0 0.0
10000 10000 955 200 2e-17 0.0360447247165 0.0359940111431 0.0 0.0
10000 10000 955 200 5e-17 0.0145470308063 0.0145285948609 0.0 0.0
10000 10000 955 200 7e-17 0.00806882308045 0.00805927147207 0.0 0.0
10000 10000 955 200 1e-16 0.00340099148298 0.00339734947102 0.0 0.0
10000 10000 955 200 1e-15 1.81991464073e-10 1.8199117359e-10 0.0 0.0
10000 10000 955 200 1e-14 7.26378943586e-50 7.26378943586e-50 0.0 0.0
10000 10000 955 200 1e-12 0.0 0.0 0.0 0.0
10000 10000 955 200 1e-10 0.0 0.0 0.0 0.0
