10000 10000 1955 320 1e-22 0.00849157656539 0.00849157656539 0.0 0.0
10000 10000 1955 320 1e-20 0.00848932788323 0.00848932788323 0.0 0.0
10000 10000 1955 320 1e-19 0.00846891328818 0.00846891328818 0.0 0.0
10000 10000 1955 320 2e-19 0.00844628940161 0.00844628940161 0.0 0.0
10000 10000 1955 320 5e-19 0.00837878865244 0.00837878865244 0.0 0.0
10000 10000 1955 320 7e-19 0.00833409551791 0.00833409551791 0.0 0.0
10000 10000 1955 320 1e-18 0.00826751343133 0.00826751343133 0.0 0.0
10000 10000 1955 320 2e-18 0.00804948407958 0.00804948407958 0.0 0.0
10000 10000 1955 320 5e-18 0.00743008575724 0.00743008575724 0.0 0.0
10000 10000 1955 320 7e-18 0.00704449248961 0.00704449248961 0.0 0.0
10000 10000 1955 320 1e-17 0.00650416707999 0.00650416707999 0.0 0.0
10000 10000 1955 320 2e-17 0.00499080489506 0.00499080489506 0.0 0.0
10000 10000 1955 320 5e-17 0.00227936311267 0.00227936311267 0.0 0.0
10000 10000 1955 320 7e-17 0.00136417027136 0.00136417027136 0.0 0.0
10000 10000 1955 320 1e-16 0.000640400227103 0.000640400227103 0.0 0.0
10000 10000 1955 320 1e-15 1.28644875111e-10 1.28644875111e-10 0.0 0.0
10000 10000 1955 320 1e-14 4.18077616894e-57 4.18077616894e-57 0.0 0.0
10000 10000 1955 320 1e-12 0.0 0.0 0.0 0.0
10000 10000 1955 320 1e-10 0.0 0.0 0.0 0.0
