10000 10000 905 290 1e-22 0.220113171163 0.22005092242 0.0 0.0
10000 10000 905 290 1e-20 0.220037291477 0.219975073099 0.0 0.0
10000 10000 905 290 1e-19 0.219348753138 0.219286810099 0.0 0.0
10000 10000 905 290 2e-19 0.218586401986 0.218524763386 0.0 0.0
10000 10000 905 290 5e-19 0.216316237523 0.216255502893 0.0 0.0
10000 10000 905 290 7e-19 0.214816757667 0.214756617977 0.0 0.0
10000 10000 905 290 1e-18 0.212588262586 0.212529003912 0.0 0.0
10000 10000 905 290 2e-18 0.205336052374 0.20527963425 0.0 0.0
10000 10000 905 290 5e-18 0.185116473523 0.185067753926 0.0 0.0
10000 10000 905 290 7e-18 0.172821215177 0.172777010899 0.0 0.0
10000 10000 905 290 1e-17 0.155979417555 0.155941182608 0.0 0.0
10000 10000 905 290 2e-17 0.111337912686 0.111314170955 0.0 0.0
10000 10000 905 290 5e-17 0.0420483374501 0.042042281096 0.0 0.0
10000 10000 905 290 7e-17 0.0225603617929 0.0225578017628 0.0 0.0
10000 10000 905 290 1e-16 0.00915687698981 0.00915612570287 0.0 0.0
10000 10000 905 290 1e-15 7.20493635987e-11 7.20493627038e-11 0.0 0.0
10000 10000 905 290 1e-14 1.94096207885e-57 1.94096207885e-57 0.0 0.0
10000 10000 905 290 1e-12 0.0 0.0 0.0 0.0
10000 10000 905 290 1e-10 0.0 0.0 0.0 0.0
