10000 10000 1355 200 1e-22 0.00380723246323 0.00380481597947 0.0 0.0
10000 10000 1355 200 1e-20 0.00380627457974 0.00380385871448 0.0 0.0
10000 10000 1355 200 1e-19 0.00379757772389 0.00379516747399 0.0 0.0
10000 10000 1355 200 2e-19 0.00378793812689 0.00378553410091 0.0 0.0
10000 10000 1355 200 5e-19 0.00375916760771 0.00375678215667 0.0 0.0
10000 10000 1355 200 7e-19 0.00374011018111 0.00373773703315 0.0 0.0
10000 10000 1355 200 1e-18 0.00371170714741 0.00370935233456 0.0 0.0
10000 10000 1355 200 2e-18 0.00361859684344 0.00361630212536 0.0 0.0
10000 10000 1355 200 5e-18 0.00335320032306 0.00335107679783 0.0 0.0
10000 10000 1355 200 7e-18 0.00318729499693 0.00318527840889 0.0 0.0
10000 10000 1355 200 1e-17 0.00295386985691 0.00295200361326 0.0 0.0
10000 10000 1355 200 2e-17 0.00229354053588 0.00229209873686 0.0 0.0
10000 10000 1355 200 5e-17 0.00107873365637 0.0010780674434 0.0 0.0
10000 10000 1355 200 7e-17 0.000655086979105 0.00065468812406 0.0 0.0
10000 10000 1355 200 1e-16 0.00031201607218 0.000311830858705 0.0 0.0
10000 10000 1355 200 1e-15 4.0390303633e-11 4.03902611248e-11 0.0 0.0
10000 10000 1355 200 1e-14 4.5822496242e-53 4.5822496242e-53 0.0 0.0
10000 10000 1355 200 1e-12 0.0 0.0 0.0 0.0
10000 10000 1355 200 1e-10 0.0 0.0 0.0 0.0
