10000 10000 655 310 1e-22 0.38583815329 0.385673939606 0.0 0.0
10000 10000 655 310 1e-20 0.385693525452 0.385529396287 0.0 0.0
10000 10000 655 310 1e-19 0.384381409776 0.384218046895 0.0 0.0
10000 10000 655 310 2e-19 0.382929156223 0.382766640417 0.0 0.0
10000 10000 655 310 5e-19 0.378607840135 0.378447838316 0.0 0.0
10000 10000 655 310 7e-19 0.375756239772 0.375597891497 0.0 0.0
10000 10000 655 310 1e-18 0.37152224009 0.371366338958 0.0 0.0
10000 10000 655 310 2e-18 0.357776862256 0.357628838625 0.0 0.0
10000 10000 655 310 5e-18 0.319731769901 0.319604992758 0.0 0.0
10000 10000 655 310 7e-18 0.296805689587 0.296691296128 0.0 0.0
10000 10000 655 310 1e-17 0.265673080349 0.265574957201 0.0 0.0
10000 10000 655 310 2e-17 0.184826677393 0.184767450511 0.0 0.0
10000 10000 655 310 5e-17 0.0655080829425 0.0654942667437 0.0 0.0
10000 10000 655 310 7e-17 0.0339473471809 0.0339418627899 0.0 0.0
10000 10000 655 310 1e-16 0.0131610381866 0.0131595788424 0.0 0.0
10000 10000 655 310 1e-15 3.82731218756e-11 3.82731217403e-11 0.0 0.0
10000 10000 655 310 1e-14 1.30835557904e-57 1.30835557904e-57 0.0 0.0
10000 10000 655 310 1e-12 0.0 0.0 0.0 0.0
10000 10000 655 310 1e-10 0.0 0.0 0.0 0.0
