10000 10000 1405 460 1e-22 0.282591190929 0.282587481352 0.282298098877 0.0
10000 10000 1405 460 1e-20 0.282494691163 0.282490983872 0.282201709816 0.0
10000 10000 1405 460 1e-19 0.281619021083 0.281615334509 0.28132704411 0.0
10000 10000 1405 460 2e-19 0.280649427806 0.280645764114 0.280358562533 0.0
10000 10000 1405 460 5e-19 0.277761818986 0.277758223089 0.277474262039 0.0
10000 10000 1405 460 7e-19 0.275854252027 0.275850700625 0.275568878503 0.0
10000 10000 1405 460 1e-18 0.273018888676 0.273015402981 0.272736757476 0.0
10000 10000 1405 460 2e-18 0.263788572183 0.263785296818 0.263516970346 0.0
10000 10000 1405 460 5e-18 0.238027341168 0.238024623368 0.237784908599 0.0
10000 10000 1405 460 7e-18 0.222342149977 0.222339749885 0.222117311337 0.0
10000 10000 1405 460 1e-17 0.200830518177 0.200828526131 0.200629587678 0.0
10000 10000 1405 460 2e-17 0.14364721194 0.14364614041 0.143508408912 0.0
10000 10000 1405 460 5e-17 0.0543217790047 0.0543216107649 0.0542742079163 0.0
10000 10000 1405 460 7e-17 0.0290644759534 0.029064426683 0.0290405493704 0.0
10000 10000 1405 460 1e-16 0.0116953542348 0.0116953463655 0.0116865496963 0.0
10000 10000 1405 460 1e-15 2.78438037173e-11 2.78438037173e-11 2.7843603656e-11 0.0
10000 10000 1405 460 1e-14 1.86901077238e-58 1.86901077238e-58 1.86901077238e-58 0.0
10000 10000 1405 460 1e-12 0.0 0.0 0.0 0.0
10000 10000 1405 460 1e-10 0.0 0.0 0.0 0.0
