10000 10000 1255 850 1e-22 0.370232713895 0.370232713895 0.370159662865 0.369817790093
10000 10000 1255 850 1e-20 0.37006309576 0.37006309576 0.369990087533 0.369648378351
10000 10000 1255 850 1e-19 0.368524902736 0.368524902736 0.368452282447 0.368112056691
10000 10000 1255 850 2e-19 0.366823780748 0.366823780748 0.36675158901 0.366413003597
10000 10000 1255 850 5e-19 0.36177039598 0.36177039598 0.361699474343 0.361365760428
10000 10000 1255 850 7e-19 0.358442691732 0.358442691732 0.358372604026 0.358042096937
10000 10000 1255 850 1e-18 0.353512110225 0.353512110225 0.353443254529 0.353117497277
10000 10000 1255 850 2e-18 0.337591754741 0.337591754741 0.337526847097 0.337216412742
10000 10000 1255 850 5e-18 0.294246796423 0.294246796423 0.294192392192 0.293923558168
10000 10000 1255 850 7e-18 0.268670387793 0.268670387793 0.268621998794 0.268377619225
10000 10000 1255 850 1e-17 0.234648632886 0.234648632886 0.234608012041 0.234396034985
10000 10000 1255 850 2e-17 0.150692364984 0.150692364984 0.150669548548 0.150536695564
10000 10000 1255 850 5e-17 0.0428855338985 0.0428855338985 0.0428812540362 0.0428465066278
10000 10000 1255 850 7e-17 0.019553983073 0.019553983073 0.0195525183528 0.0195376251644
10000 10000 1255 850 1e-16 0.00642320589891 0.00642320589891 0.00642289525416 0.00641844265713
10000 10000 1255 850 1e-15 8.03035918203e-13 8.03035918203e-13 8.03035897544e-13 8.03015557281e-13
10000 10000 1255 850 1e-14 5.24501176873e-77 5.24501176873e-77 5.24501176873e-77 5.24501176873e-77
10000 10000 1255 850 1e-12 0.0 0.0 0.0 0.0
10000 10000 1255 850 1e-10 0.0 0.0 0.0 0.0
