10000 10000 755 700 1e-22 0.394880762521 0.394880385335 0.394700814725 0.394070641444
10000 10000 755 700 1e-20 0.394707553208 0.394707176262 0.394527700968 0.393897815131
10000 10000 755 700 1e-19 0.393136651738 0.393136276973 0.39295766577 0.392330386689
10000 10000 755 700 2e-19 0.391399058545 0.391398686188 0.391221030023 0.390596633897
10000 10000 755 700 5e-19 0.386235467394 0.386235102168 0.386060279431 0.385444448006
10000 10000 755 700 7e-19 0.382833650428 0.38283328988 0.382660329996 0.382050138958
10000 10000 755 700 1e-18 0.377790974192 0.377790620548 0.377620416392 0.377018583243
10000 10000 755 700 2e-18 0.361489528525 0.361489196955 0.361327853905 0.360753013095
10000 10000 755 700 5e-18 0.316946707653 0.316946434365 0.31680891221 0.316307607517
10000 10000 755 700 7e-18 0.290540698741 0.290540458491 0.290416763242 0.289958885188
10000 10000 755 700 1e-17 0.255252087375 0.255251889338 0.255146288912 0.254746223599
10000 10000 755 700 2e-17 0.167146735844 0.167146631807 0.167083887084 0.166826766778
10000 10000 755 700 5e-17 0.0502176525264 0.0502176373894 0.0502037244528 0.0501309421532
10000 10000 755 700 7e-17 0.0236203333595 0.0236203291597 0.023615021043 0.0235821938684
10000 10000 755 700 1e-16 0.00806280805195 0.0080628074354 0.0080614903229 0.00805099019679
10000 10000 755 700 1e-15 1.40598245683e-12 1.40598245683e-12 1.40598239353e-12 1.4058526802e-12
10000 10000 755 700 1e-14 3.62386945046e-70 3.62386945046e-70 3.62386945046e-70 3.62386945046e-70
10000 10000 755 700 1e-12 0.0 0.0 0.0 0.0
10000 10000 755 700 1e-10 0.0 0.0 0.0 0.0
