10000 10000 1355 440 1e-22 0.269494219084 0.269491138862 0.26914609637 0.0
10000 10000 1355 440 1e-20 0.269402511318 0.269399432852 0.269054519842 0.0
10000 10000 1355 440 1e-19 0.268570310237 0.268567247697 0.268223509449 0.0
10000 10000 1355 440 2e-19 0.267648816537 0.267645771596 0.267303333711 0.0
10000 10000 1355 440 5e-19 0.264904257973 0.264901265215 0.264562697512 0.0
10000 10000 1355 440 7e-19 0.263091027871 0.263088069398 0.262752056275 0.0
10000 10000 1355 440 1e-18 0.260395645417 0.260392737631 0.260060518488 0.0
10000 10000 1355 440 2e-18 0.251619046749 0.251616301674 0.251296407536 0.0
10000 10000 1355 440 5e-18 0.227108144813 0.227105834808 0.226820117831 0.0
10000 10000 1355 440 7e-18 0.212172810421 0.212170751118 0.211905672729 0.0
10000 10000 1355 440 1e-17 0.191675737639 0.191674003907 0.191437000366 0.0
10000 10000 1355 440 2e-17 0.137115512904 0.137114534107 0.136950644438 0.0
10000 10000 1355 440 5e-17 0.051736377589 0.0517361986005 0.0516800460288 0.0
10000 10000 1355 440 7e-17 0.0276099469425 0.0276098885932 0.0275816850087 0.0
10000 10000 1355 440 1e-16 0.0110639322669 0.0110639212402 0.0110535612515 0.0
10000 10000 1355 440 1e-15 1.89300866655e-11 1.89300866655e-11 1.89296761059e-11 0.0
10000 10000 1355 440 1e-14 3.70417895598e-61 3.70417895598e-61 3.70417895598e-61 0.0
10000 10000 1355 440 1e-12 0.0 0.0 0.0 0.0
10000 10000 1355 440 1e-10 0.0 0.0 0.0 0.0
