10000 10000 805 440 1e-22 0.461339001524 0.461307107158 0.460445886943 0.0
10000 10000 805 440 1e-20 0.461156666055 0.461124790942 0.460263931511 0.0
10000 10000 805 440 1e-19 0.459502618389 0.459470917754 0.458613330794 0.0
10000 10000 805 440 2e-19 0.45767226131 0.457640753397 0.456786786981 0.0
10000 10000 805 440 5e-19 0.452228038242 0.452197101347 0.451353899209 0.0
10000 10000 805 440 7e-19 0.448637238276 0.448606676179 0.447770569873 0.0
10000 10000 805 440 1e-18 0.443308353236 0.443278344664 0.44245276311 0.0
10000 10000 805 440 2e-18 0.426030875938 0.426002639628 0.42521113363 0.0
10000 10000 805 440 5e-18 0.378397734069 0.378374199958 0.377676234493 0.0
10000 10000 805 440 7e-18 0.349837953406 0.349817102507 0.349174912963 0.0
10000 10000 805 440 1e-17 0.311246909796 0.311229511239 0.310662277407 0.0
10000 10000 805 440 2e-17 0.212262062871 0.212252500239 0.211874908012 0.0
10000 10000 805 440 5e-17 0.0711227471567 0.071121092004 0.0710034902847 0.0
10000 10000 805 440 7e-17 0.0356229526694 0.0356224224898 0.0355663241908 0.0
10000 10000 805 440 1e-16 0.0131917956466 0.0131916957096 0.0131723797249 0.0
10000 10000 805 440 1e-15 1.12790593552e-11 1.12790593552e-11 1.12785252936e-11 0.0
10000 10000 805 440 1e-14 3.32401461884e-61 3.32401461884e-61 3.32401461884e-61 0.0
10000 10000 805 440 1e-12 0.0 0.0 0.0 0.0
10000 10000 805 440 1e-10 0.0 0.0 0.0 0.0
