10000 10000 2955 1550 1e-22 0.106067289796 0.106067289796 0.106067289796 0.106056629807
10000 10000 2955 1550 1e-20 0.106021196435 0.106021196435 0.106021196435 0.106010541452
10000 10000 2955 1550 1e-19 0.105603137154 0.105603137154 0.105603137154 0.105592527574
10000 10000 2955 1550 2e-19 0.105140672636 0.105140672636 0.105140672636 0.10513011327
10000 10000 2955 1550 5e-19 0.103766096474 0.103766096474 0.103766096474 0.103755686288
10000 10000 2955 1550 7e-19 0.102860288944 0.102860288944 0.102860288944 0.102849977006
10000 10000 2955 1550 1e-18 0.101517235791 0.101517235791 0.101517235791 0.101507069437
10000 10000 2955 1550 2e-18 0.0971728140613 0.0971728140613 0.0971728140613 0.0971631179038
10000 10000 2955 1550 5e-18 0.0852799363347 0.0852799363347 0.0852799363347 0.0852715210566
10000 10000 2955 1550 7e-18 0.0782137494803 0.0782137494803 0.0782137494803 0.0782060902991
10000 10000 2955 1550 1e-17 0.0687513205773 0.0687513205773 0.0687513205773 0.0687446670985
10000 10000 2955 1550 2e-17 0.0450244288534 0.0450244288534 0.0450244288534 0.0450202518562
10000 10000 2955 1550 5e-17 0.0133311167069 0.0133311167069 0.0133311167069 0.0133300537621
10000 10000 2955 1550 7e-17 0.00614162118406 0.00614162118406 0.00614162118406 0.00614118677913
10000 10000 2955 1550 1e-16 0.00200447099682 0.00200447099682 0.00200447099682 0.00200435552347
10000 10000 2955 1550 1e-15 6.46046639273e-15 6.46046639273e-15 6.46046639273e-15 6.46046639045e-15
10000 10000 2955 1550 1e-14 1.7192052239e-108 1.7192052239e-108 1.7192052239e-108 1.7192052239e-108
10000 10000 2955 1550 1e-12 0.0 0.0 0.0 0.0
10000 10000 2955 1550 1e-10 0.0 0.0 0.0 0.0
