10000 10000 455 180 1e-22 0.263120548079 0.262291014054 0.0 0.0
10000 10000 455 180 1e-20 0.263026553598 0.262197329931 0.0 0.0
10000 10000 455 180 1e-19 0.262173697535 0.261347289651 0.0 0.0
10000 10000 455 180 2e-19 0.261229534278 0.260406243143 0.0 0.0
10000 10000 455 180 5e-19 0.258418717531 0.257604701999 0.0 0.0
10000 10000 455 180 7e-19 0.256562753249 0.255754859779 0.0 0.0
10000 10000 455 180 1e-18 0.253805385414 0.253006583576 0.0 0.0
10000 10000 455 180 2e-18 0.24483985816 0.244070585731 0.0 0.0
10000 10000 455 180 5e-18 0.219909443485 0.21922201477 0.0 0.0
10000 10000 455 180 7e-18 0.20480026731 0.204162234624 0.0 0.0
10000 10000 455 180 1e-17 0.184171820027 0.183600953082 0.0 0.0
10000 10000 455 180 2e-17 0.129933724379 0.129537682202 0.0 0.0
10000 10000 455 180 5e-17 0.0475665150016 0.0474285989304 0.0 0.0
10000 10000 455 180 7e-17 0.0250741375331 0.0250038221733 0.0 0.0
10000 10000 455 180 1e-16 0.00994927479195 0.00992274523425 0.0 0.0
10000 10000 455 180 1e-15 3.376350783e-10 3.37633039852e-10 0.0 0.0
10000 10000 455 180 1e-14 3.19136225978e-45 3.19136225978e-45 0.0 0.0
10000 10000 455 180 1e-12 0.0 0.0 0.0 0.0
10000 10000 455 180 1e-10 0.0 0.0 0.0 0.0
