10000 10000 955 250 1e-22 0.121786430509 0.12168352232 0.0 0.0
10000 10000 955 250 1e-20 0.121745591031 0.121642725486 0.0 0.0
10000 10000 955 250 1e-19 0.121374991151 0.121272512417 0.0 0.0
10000 10000 955 250 2e-19 0.120964621734 0.120862570988 0.0 0.0
10000 10000 955 250 5e-19 0.119742351709 0.119641573631 0.0 0.0
10000 10000 955 250 7e-19 0.118934813641 0.118834874682 0.0 0.0
10000 10000 955 250 1e-18 0.117734357361 0.117635663264 0.0 0.0
10000 10000 955 250 2e-18 0.113825088747 0.113730427207 0.0 0.0
10000 10000 955 250 5e-18 0.102903649737 0.102820075148 0.0 0.0
10000 10000 955 250 7e-18 0.0962453794844 0.0961684283331 0.0 0.0
10000 10000 955 250 1e-17 0.0871020500167 0.0870340155855 0.0 0.0
10000 10000 955 250 2e-17 0.0627159796085 0.0626705927678 0.0 0.0
10000 10000 955 250 5e-17 0.0242314959346 0.0242173924945 0.0 0.0
10000 10000 955 250 7e-17 0.0131653107706 0.0131586393295 0.0 0.0
10000 10000 955 250 1e-16 0.00542592246181 0.00542367580151 0.0 0.0
10000 10000 955 250 1e-15 5.91159581098e-11 5.91159547464e-11 0.0 0.0
10000 10000 955 250 1e-14 8.15835072895e-58 8.15835072895e-58 0.0 0.0
10000 10000 955 250 1e-12 0.0 0.0 0.0 0.0
10000 10000 955 250 1e-10 0.0 0.0 0.0 0.0
