10000 10000 1255 500 1e-22 0.391370674686 0.391368121153 0.39097436806 0.389549206247
10000 10000 1255 500 1e-20 0.391227392994 0.391224841049 0.390831249984 0.389406628854
10000 10000 1255 500 1e-19 0.389927383635 0.389924846088 0.389532724794 0.388113009004
10000 10000 1255 500 2e-19 0.38848830564 0.388485783996 0.388095289014 0.386681002638
10000 10000 1255 500 5e-19 0.384204799849 0.384202325309 0.38381666686 0.382418537236
10000 10000 1255 500 7e-19 0.381377002389 0.381374558759 0.380992089646 0.379604622555
10000 10000 1255 500 1e-18 0.377176652938 0.377174254943 0.37679651795 0.375424883561
10000 10000 1255 500 2e-18 0.363526453717 0.363524201723 0.363161798955 0.361841573608
10000 10000 1255 500 5e-18 0.325629848164 0.325627982579 0.325307780569 0.324129910608
10000 10000 1255 500 7e-18 0.302708927061 0.302707281212 0.302412319934 0.301320265843
10000 10000 1255 500 1e-17 0.271477504626 0.27147614046 0.271215195085 0.270239689751
10000 10000 1255 500 2e-17 0.189770025259 0.189769293914 0.189594935673 0.188921868452
10000 10000 1255 500 5e-17 0.0674770024246 0.0674768873061 0.0674225679072 0.0671920026412
10000 10000 1255 500 7e-17 0.0348472684355 0.0348472342801 0.0348214862523 0.0347051724089
10000 10000 1255 500 1e-16 0.0133968058719 0.0133968002114 0.0133880729365 0.0133448352399
10000 10000 1255 500 1e-15 1.30593214136e-11 1.30593214136e-11 1.30592818586e-11 1.30355737583e-11
10000 10000 1255 500 1e-14 6.66277594028e-64 6.66277594028e-64 6.66277594028e-64 6.66277594028e-64
10000 10000 1255 500 1e-12 0.0 0.0 0.0 0.0
10000 10000 1255 500 1e-10 0.0 0.0 0.0 0.0
