10000 10000 655 390 1e-22 0.449241998425 0.449171041625 0.447838044059 0.0
10000 10000 655 390 1e-20 0.449062206949 0.448991287957 0.447658849625 0.0
10000 10000 655 390 1e-19 0.447431282632 0.447360706396 0.446033340617 0.0
10000 10000 655 390 2e-19 0.445626609788 0.445556412388 0.444234658769 0.0
10000 10000 655 390 5e-19 0.440259382872 0.440190309441 0.438885241841 0.0
10000 10000 655 390 7e-19 0.436719862884 0.436651528436 0.435357460652 0.0
10000 10000 655 390 1e-18 0.431467814449 0.431400573214 0.430122821211 0.0
10000 10000 655 390 2e-18 0.414445624889 0.414381899159 0.413156976251 0.0
10000 10000 655 390 5e-18 0.367567982964 0.367513709363 0.366433837167 0.0
10000 10000 655 390 7e-18 0.339500578253 0.339451791824 0.338458427639 0.0
10000 10000 655 390 1e-17 0.301626958628 0.301585353058 0.300708259712 0.0
10000 10000 655 390 2e-17 0.204809530201 0.204784922637 0.204202007029 0.0
10000 10000 655 390 5e-17 0.0679779116458 0.0679725757585 0.0677922821287 0.0
10000 10000 655 390 7e-17 0.0339456958317 0.0339437014901 0.0338581443848 0.0
10000 10000 655 390 1e-16 0.012577331817 0.0125768546694 0.0125476053501 0.0
10000 10000 655 390 1e-15 1.36525365578e-11 1.36525365566e-11 1.36514850274e-11 0.0
10000 10000 655 390 1e-14 9.41712499827e-59 9.41712499827e-59 9.41712499827e-59 0.0
10000 10000 655 390 1e-12 0.0 0.0 0.0 0.0
10000 10000 655 390 1e-10 0.0 0.0 0.0 0.0
