10000 10000 855 650 1e-22 0.408751404674 0.408750911557 0.408479772548 0.407696321182
10000 10000 855 650 1e-20 0.408572740596 0.408572247802 0.40830124946 0.407518151574
10000 10000 855 650 1e-19 0.406952337337 0.406951847468 0.406682124475 0.405902232325
10000 10000 855 650 2e-19 0.405159925745 0.405159439105 0.404891125918 0.404114779439
10000 10000 855 650 5e-19 0.399833035262 0.399832558184 0.399568429034 0.398802617731
10000 10000 855 650 7e-19 0.396323311529 0.396322840721 0.396061463533 0.395302591674
10000 10000 855 650 1e-18 0.39112020667 0.391119745112 0.390862440596 0.390113853583
10000 10000 855 650 2e-18 0.374296277465 0.374295845448 0.374051650556 0.373336295756
10000 10000 855 650 5e-18 0.328295758222 0.328295403962 0.328086561252 0.327461874574
10000 10000 855 650 7e-18 0.301004993492 0.301004683129 0.300816439838 0.30024539155
10000 10000 855 650 1e-17 0.264510556347 0.264510301845 0.26434911289 0.263849586054
10000 10000 855 650 2e-17 0.173285763714 0.173285632364 0.173189029956 0.172866944255
10000 10000 855 650 5e-17 0.0520701856594 0.0520701676023 0.0520483939799 0.0519565773263
10000 10000 855 650 7e-17 0.0245162665072 0.0245162616975 0.0245079037488 0.0244662766643
10000 10000 855 650 1e-16 0.00840740284945 0.00840740218824 0.00840531537423 0.00839185077013
10000 10000 855 650 1e-15 2.67269848961e-12 2.67269848961e-12 2.6726984234e-12 2.6723201451e-12
10000 10000 855 650 1e-14 2.03813957744e-64 2.03813957744e-64 2.03813957744e-64 2.03813957744e-64
10000 10000 855 650 1e-12 0.0 0.0 0.0 0.0
10000 10000 855 650 1e-10 0.0 0.0 0.0 0.0
