10000 10000 2955 1000 1e-22 0.184976542027 0.184976542027 0.184970974787 0.184899468127
10000 10000 2955 1000 1e-20 0.184910981828 0.184910981828 0.184905417593 0.1848339416
10000 10000 2955 1000 1e-19 0.184316111168 0.184316111168 0.18431057417 0.184239376342
10000 10000 2955 1000 2e-19 0.18365752766 0.18365752766 0.183652020765 0.183581130696
10000 10000 2955 1000 5e-19 0.181696733612 0.181696733612 0.181691316021 0.181621341
10000 10000 2955 1000 7e-19 0.180401900349 0.180401900349 0.180396541468 0.180327169682
10000 10000 2955 1000 1e-18 0.178477994672 0.178477994672 0.178472722636 0.178404245632
10000 10000 2955 1000 2e-18 0.172220773136 0.172220773136 0.172215780299 0.172150200619
10000 10000 2955 1000 5e-18 0.154806932418 0.154806932418 0.154802689676 0.154745064614
10000 10000 2955 1000 7e-18 0.144241969699 0.144241969699 0.144238161948 0.144185279365
10000 10000 2955 1000 1e-17 0.12980246531 0.12980246531 0.129799226199 0.129752713325
10000 10000 2955 1000 2e-17 0.0917378834786 0.0917378834786 0.0917359863908 0.0917055379688
10000 10000 2955 1000 5e-17 0.0335696730579 0.0335696730579 0.0335692799923 0.033560417689
10000 10000 2955 1000 7e-17 0.0176042530944 0.0176042530944 0.0176041128578 0.0176001053598
10000 10000 2955 1000 1e-16 0.00688713814149 0.00688713814149 0.0068871076941 0.00688583914622
10000 10000 2955 1000 1e-15 4.00890923526e-12 4.00890923526e-12 4.00890923526e-12 4.0089078507e-12
10000 10000 2955 1000 1e-14 2.69101551811e-78 2.69101551811e-78 2.69101551811e-78 2.69101551811e-78
10000 10000 2955 1000 1e-12 0.0 0.0 0.0 0.0
10000 10000 2955 1000 1e-10 0.0 0.0 0.0 0.0
