10000 10000 705 470 1e-22 0.46957836082 0.469549601973 0.468753981251 0.0
10000 10000 705 470 1e-20 0.469387027156 0.469358286386 0.468563013869 0.0
10000 10000 705 470 1e-19 0.46765147076 0.467622893799 0.466830779396 0.0
10000 10000 705 470 2e-19 0.465731165043 0.465702768986 0.464914148028 0.0
10000 10000 705 470 5e-19 0.460020949534 0.459993089274 0.459214851113 0.0
10000 10000 705 470 7e-19 0.456255991161 0.456228482411 0.455457085629 0.0
10000 10000 705 470 1e-18 0.450670541818 0.450643551949 0.449882298086 0.0
10000 10000 705 470 2e-18 0.432577064332 0.432551733701 0.431823282001 0.0
10000 10000 705 470 5e-18 0.382826117016 0.382805171366 0.38216645171 0.0
10000 10000 705 470 7e-18 0.353096123998 0.353077667364 0.352492212143 0.0
10000 10000 705 470 1e-17 0.313054029368 0.313038757901 0.312524561773 0.0
10000 10000 705 470 2e-17 0.21115046554 0.211142321163 0.210806371651 0.0
10000 10000 705 470 5e-17 0.0687713256696 0.0687700579457 0.0686707024594 0.0
10000 10000 705 470 7e-17 0.0339121864927 0.0339118116853 0.0338657968473 0.0
10000 10000 705 470 1e-16 0.0123145058891 0.0123144436906 0.0122991679361 0.0
10000 10000 705 470 1e-15 5.16229256393e-12 5.16229256393e-12 5.16202199231e-12 0.0
10000 10000 705 470 1e-14 6.98214849317e-69 6.98214849317e-69 6.98214849317e-69 0.0
10000 10000 705 470 1e-12 0.0 0.0 0.0 0.0
10000 10000 705 470 1e-10 0.0 0.0 0.0 0.0
