10000 10000 555 330 1e-22 0.428679710505 0.428460807366 0.0 0.0
10000 10000 555 330 1e-20 0.428507732827 0.428288947009 0.0 0.0
10000 10000 555 330 1e-19 0.426947708078 0.426729985851 0.0 0.0
10000 10000 555 330 2e-19 0.425221528036 0.425004981341 0.0 0.0
10000 10000 555 330 5e-19 0.420087993514 0.419874934409 0.0 0.0
10000 10000 555 330 7e-19 0.416702791071 0.416492024886 0.0 0.0
10000 10000 555 330 1e-18 0.41168002462 0.411472650339 0.0 0.0
10000 10000 555 330 2e-18 0.395403438668 0.395206970789 0.0 0.0
10000 10000 555 330 5e-18 0.350599125168 0.350431970834 0.0 0.0
10000 10000 555 330 7e-18 0.3237874479 0.32363730163 0.0 0.0
10000 10000 555 330 1e-17 0.287625687428 0.287497785232 0.0 0.0
10000 10000 555 330 2e-17 0.195276000097 0.195200654235 0.0 0.0
10000 10000 555 330 5e-17 0.064937501828 0.0649213487406 0.0 0.0
10000 10000 555 330 7e-17 0.03250251794 0.0324965091773 0.0 0.0
10000 10000 555 330 1e-16 0.0120875817664 0.0120861452246 0.0 0.0
10000 10000 555 330 1e-15 2.45144449292e-11 2.45144449029e-11 0.0 0.0
10000 10000 555 330 1e-14 2.10971395827e-58 2.10971395827e-58 0.0 0.0
10000 10000 555 330 1e-12 0.0 0.0 0.0 0.0
10000 10000 555 330 1e-10 0.0 0.0 0.0 0.0
