10000 10000 655 270 1e-22 0.329396504141 0.329131281358 0.0 0.0
10000 10000 655 270 1e-20 0.329274056706 0.329008955587 0.0 0.0
10000 10000 655 270 1e-19 0.328163135587 0.327899137819 0.0 0.0
10000 10000 655 270 2e-19 0.326933493274 0.326670715807 0.0 0.0
10000 10000 655 270 5e-19 0.323274132628 0.323014980692 0.0 0.0
10000 10000 655 270 7e-19 0.320858985448 0.320602221358 0.0 0.0
10000 10000 655 270 1e-18 0.317272484963 0.317019259468 0.0 0.0
10000 10000 655 270 2e-18 0.305624714162 0.305382919158 0.0 0.0
10000 10000 655 270 5e-18 0.27334950063 0.273138862685 0.0 0.0
10000 10000 655 270 7e-18 0.25387441286 0.253682184034 0.0 0.0
10000 10000 655 270 1e-17 0.227396264105 0.227228549735 0.0 0.0
10000 10000 655 270 2e-17 0.158462297531 0.15835518324 0.0 0.0
10000 10000 655 270 5e-17 0.0562825569759 0.0562531110339 0.0 0.0
10000 10000 655 270 7e-17 0.0291922430624 0.0291793033383 0.0 0.0
10000 10000 655 270 1e-16 0.0113489385393 0.0113449905808 0.0 0.0
10000 10000 655 270 1e-15 4.08302950263e-11 4.08302936274e-11 0.0 0.0
10000 10000 655 270 1e-14 1.84579163044e-59 1.84579163044e-59 0.0 0.0
10000 10000 655 270 1e-12 0.0 0.0 0.0 0.0
10000 10000 655 270 1e-10 0.0 0.0 0.0 0.0
