10000 10000 1155 450 1e-22 0.329602896978 0.329590664092 0.329129640387 0.0
10000 10000 1155 450 1e-20 0.329484863446 0.329472637866 0.329011796725 0.0
10000 10000 1155 450 1e-19 0.328413908997 0.328401749638 0.327942564649 0.0
10000 10000 1155 450 2e-19 0.32722833797 0.327216251762 0.326758899524 0.0
10000 10000 1155 450 5e-19 0.323699089747 0.32368722032 0.323235319833 0.0
10000 10000 1155 450 7e-19 0.321368954686 0.321357227581 0.320908923191 0.0
10000 10000 1155 450 1e-18 0.317907420965 0.317895904098 0.317452936936 0.0
10000 10000 1155 450 2e-18 0.306654771913 0.306643928577 0.306218269865 0.0
10000 10000 1155 450 5e-18 0.27538389504 0.275374841838 0.274996931561 0.0
10000 10000 1155 450 7e-18 0.256445377752 0.256437348235 0.256088086548 0.0
10000 10000 1155 450 1e-17 0.230603983304 0.230597273484 0.230286743531 0.0
10000 10000 1155 450 2e-17 0.162730564415 0.162726862569 0.162515750394 0.0
10000 10000 1155 450 5e-17 0.0597148718002 0.0597142288228 0.0596446172473 0.0
10000 10000 1155 450 7e-17 0.0315222061033 0.0315220005126 0.0314876405662 0.0
10000 10000 1155 450 1e-16 0.0125122031251 0.0125121645533 0.0124997666042 0.0
10000 10000 1155 450 1e-15 2.39217248997e-11 2.39217248997e-11 2.39214233606e-11 0.0
10000 10000 1155 450 1e-14 7.19273659127e-60 7.19273659127e-60 7.19273659127e-60 0.0
10000 10000 1155 450 1e-12 0.0 0.0 0.0 0.0
10000 10000 1155 450 1e-10 0.0 0.0 0.0 0.0
