10000 10000 1955 330 1e-22 0.0165253676301 0.0165201321942 0.0 0.0
10000 10000 1955 330 1e-20 0.0165201973518 0.0165149642989 0.0 0.0
10000 10000 1955 330 1e-19 0.0164732767989 0.0164680653589 0.0 0.0
10000 10000 1955 330 2e-19 0.0164213156393 0.0164161281062 0.0 0.0
10000 10000 1955 330 5e-19 0.0162665165435 0.0162614000577 0.0 0.0
10000 10000 1955 330 7e-19 0.0161642138 0.0161591441232 0.0 0.0
10000 10000 1955 330 1e-18 0.0160120908022 0.016007090516 0.0 0.0
10000 10000 1955 330 2e-18 0.0155163295259 0.0155115535773 0.0 0.0
10000 10000 1955 330 5e-18 0.0141279206533 0.0141237576688 0.0 0.0
10000 10000 1955 330 7e-18 0.0132786459864 0.0132748461683 0.0 0.0
10000 10000 1955 330 1e-17 0.0121081976183 0.0121048825218 0.0 0.0
10000 10000 1955 330 2e-17 0.00895415750698 0.00895204540423 0.0 0.0
10000 10000 1955 330 5e-17 0.00378449516105 0.0037839255612 0.0 0.0
10000 10000 1955 330 7e-17 0.00219167448347 0.00219142726324 0.0 0.0
10000 10000 1955 330 1e-16 0.000995102933438 0.000995027651663 0.0 0.0
10000 10000 1955 330 1e-15 1.20948304863e-10 1.20948304777e-10 0.0 0.0
10000 10000 1955 330 1e-14 2.88533309863e-57 2.88533309863e-57 0.0 0.0
10000 10000 1955 330 1e-12 0.0 0.0 0.0 0.0
10000 10000 1955 330 1e-10 0.0 0.0 0.0 0.0
