10000 10000 555 410 1e-22 0.407111691322 0.407057352124 0.406020253825 0.0
10000 10000 555 410 1e-20 0.406945343494 0.406891034028 0.405854386899 0.0
10000 10000 555 410 1e-19 0.405436444559 0.405382404618 0.404349849478 0.0
10000 10000 555 410 2e-19 0.403766955525 0.403713213454 0.402685184844 0.0
10000 10000 555 410 5e-19 0.398802765486 0.398749906992 0.397735331901 0.0
10000 10000 555 410 7e-19 0.395529852903 0.395477575197 0.394471865091 0.0
10000 10000 555 410 1e-18 0.390674612938 0.390623194208 0.389630627583 0.0
10000 10000 555 410 2e-18 0.374948601456 0.37489994319 0.373949885978 0.0
10000 10000 555 410 5e-18 0.331724369437 0.331683118034 0.330849379144 0.0
10000 10000 555 410 7e-18 0.30590749525 0.305870531793 0.305105865793 0.0
10000 10000 555 410 1e-17 0.27115275134 0.271121383121 0.270449165898 0.0
10000 10000 555 410 2e-17 0.182807971221 0.182789743996 0.182349079394 0.0
10000 10000 555 410 5e-17 0.0596883534638 0.0596846432288 0.0595528240302 0.0
10000 10000 555 410 7e-17 0.0295843036012 0.0295829832058 0.0295214406291 0.0
10000 10000 555 410 1e-16 0.010878854134 0.0108785631655 0.0108578808406 0.0
10000 10000 555 410 1e-15 9.03499790778e-12 9.03499790776e-12 9.03419460684e-12 0.0
10000 10000 555 410 1e-14 6.57766043374e-71 6.57766043374e-71 6.57766043374e-71 0.0
10000 10000 555 410 1e-12 0.0 0.0 0.0 0.0
10000 10000 555 410 1e-10 0.0 0.0 0.0 0.0
