10000 10000 1305 180 1e-22 0.00430015904224 0.0042951993959 0.0 0.0
10000 10000 1305 180 1e-20 0.00429908248834 0.00429412419377 0.0 0.0
10000 10000 1305 180 1e-19 0.00428930819421 0.00428436217157 0.0 0.0
10000 10000 1305 180 2e-19 0.00427847436242 0.00427354193942 0.0 0.0
10000 10000 1305 180 5e-19 0.00424613949251 0.00424124764314 0.0 0.0
10000 10000 1305 180 7e-19 0.00422472104436 0.00421985605737 0.0 0.0
10000 10000 1305 180 1e-18 0.00419279913283 0.00418797416145 0.0 0.0
10000 10000 1305 180 2e-18 0.00408815294609 0.00408345898421 0.0 0.0
10000 10000 1305 180 5e-18 0.00378986945503 0.00378554744303 0.0 0.0
10000 10000 1305 180 7e-18 0.00360339837457 0.00359930771237 0.0 0.0
10000 10000 1305 180 1e-17 0.00334102209244 0.00333725531204 0.0 0.0
10000 10000 1305 180 2e-17 0.00259861218278 0.00259575002527 0.0 0.0
10000 10000 1305 180 5e-17 0.00123080717512 0.00122954776139 0.0 0.0
10000 10000 1305 180 7e-17 0.000752077301438 0.000751346750955 0.0 0.0
10000 10000 1305 180 1e-16 0.000362373270562 0.000362049097259 0.0 0.0
10000 10000 1305 180 1e-15 3.46167534051e-10 3.46167416151e-10 0.0 0.0
10000 10000 1305 180 1e-14 7.25466558331e-44 7.25466558331e-44 0.0 0.0
10000 10000 1305 180 1e-12 0.0 0.0 0.0 0.0
10000 10000 1305 180 1e-10 0.0 0.0 0.0 0.0
