10000 10000 1305 420 1e-22 0.245769884391 0.245759407915 0.245341389061 0.0
10000 10000 1305 420 1e-20 0.245687202553 0.245676731386 0.245258866551 0.0
10000 10000 1305 420 1e-19 0.24493689695 0.244926473925 0.244510006528 0.0
10000 10000 1305 420 2e-19 0.244106064325 0.244095694529 0.243680774083 0.0
10000 10000 1305 420 5e-19 0.241631393704 0.241621181948 0.241210866223 0.0
10000 10000 1305 420 7e-19 0.239996356566 0.239986248812 0.239578973042 0.0
10000 10000 1305 420 1e-18 0.237565692288 0.237555738532 0.237152978391 0.0
10000 10000 1305 420 2e-18 0.229649637617 0.229640180242 0.229252096047 0.0
10000 10000 1305 420 5e-18 0.207529662966 0.207521549526 0.207174217586 0.0
10000 10000 1305 420 7e-18 0.19404135035 0.194034023851 0.193711344067 0.0
10000 10000 1305 420 1e-17 0.175516321064 0.17551003275 0.175220945209 0.0
10000 10000 1305 420 2e-17 0.126107456712 0.12610367083 0.125902438938 0.0
10000 10000 1305 420 5e-17 0.048288354554 0.0482875148464 0.0482172554852 0.0
10000 10000 1305 420 7e-17 0.0260503071553 0.026049995705 0.0260142791216 0.0
10000 10000 1305 420 1e-16 0.0106190144653 0.0106189429412 0.0106055885191 0.0
10000 10000 1305 420 1e-15 3.51013319809e-11 3.51013319809e-11 3.51004985896e-11 0.0
10000 10000 1305 420 1e-14 3.38543502927e-58 3.38543502927e-58 3.38543502927e-58 0.0
10000 10000 1305 420 1e-12 0.0 0.0 0.0 0.0
10000 10000 1305 420 1e-10 0.0 0.0 0.0 0.0
