10000 10000 855 50 1e-22 3.20719587607e-06 0.0 0.0 0.0
10000 10000 855 50 1e-20 3.20710440837e-06 0.0 0.0 0.0
10000 10000 855 50 1e-19 3.20627300425e-06 0.0 0.0 0.0
10000 10000 855 50 2e-19 3.2053494763e-06 0.0 0.0 0.0
10000 10000 855 50 5e-19 3.20258049852e-06 0.0 0.0 0.0
10000 10000 855 50 7e-19 3.20073585094e-06 0.0 0.0 0.0
10000 10000 855 50 1e-18 3.19797088443e-06 0.0 0.0 0.0
10000 10000 855 50 2e-18 3.1887716794e-06 0.0 0.0 0.0
10000 10000 855 50 5e-18 3.16133355079e-06 0.0 0.0 0.0
10000 10000 855 50 7e-18 3.14317359759e-06 0.0 0.0 0.0
10000 10000 855 50 1e-17 3.11613033107e-06 0.0 0.0 0.0
10000 10000 855 50 2e-17 3.0276658986e-06 0.0 0.0 0.0
10000 10000 855 50 5e-17 2.77714772014e-06 0.0 0.0 0.0
10000 10000 855 50 7e-17 2.62183116705e-06 0.0 0.0 0.0
10000 10000 855 50 1e-16 2.40508802991e-06 0.0 0.0 0.0
10000 10000 855 50 1e-15 1.84994774865e-07 0.0 0.0 0.0
10000 10000 855 50 1e-14 1.17886582241e-17 0.0 0.0 0.0
10000 10000 855 50 1e-12 0.0 0.0 0.0 0.0
10000 10000 855 50 1e-10 0.0 0.0 0.0 0.0
