10000 10000 2955 850 1e-22 0.126441758607 0.126441758607 0.126438671291 0.126378662417
10000 10000 2955 850 1e-20 0.126400228546 0.126400228546 0.12639714265 0.126337156138
10000 10000 2955 850 1e-19 0.126023342267 0.126023342267 0.126020269241 0.125960485623
10000 10000 2955 850 2e-19 0.125605970433 0.125605970433 0.125602911643 0.125543352624
10000 10000 2955 850 5e-19 0.124362585108 0.124362585108 0.124359568623 0.12430067813
10000 10000 2955 850 7e-19 0.123540882809 0.123540882809 0.123537894194 0.123479445031
10000 10000 2955 850 1e-18 0.122319054403 0.122319054403 0.122316107101 0.12225831347
10000 10000 2955 850 2e-18 0.118337538076 0.118337538076 0.118334724316 0.118279060923
10000 10000 2955 850 5e-18 0.107192075382 0.107192075382 0.107189626308 0.107139875706
10000 10000 2955 850 7e-18 0.100380473965 0.100380473965 0.100378240815 0.100332064875
10000 10000 2955 850 1e-17 0.0910046800678 0.0910046800678 0.0910027349292 0.090961426698
10000 10000 2955 850 2e-17 0.0658621794959 0.0658621794959 0.065860947974 0.0658323445626
10000 10000 2955 850 5e-17 0.0256882282327 0.0256882282327 0.0256879063025 0.0256780961039
10000 10000 2955 850 7e-17 0.0139927472035 0.0139927472035 0.0139926122734 0.0139876864979
10000 10000 2955 850 1e-16 0.00576839268728 0.00576839268728 0.00576835466524 0.00576654499413
10000 10000 2955 850 1e-15 1.00752770726e-11 1.00752770726e-11 1.00752770616e-11 1.00752033133e-11
10000 10000 2955 850 1e-14 9.23935259278e-61 9.23935259278e-61 9.23935259278e-61 9.23935259278e-61
10000 10000 2955 850 1e-12 0.0 0.0 0.0 0.0
10000 10000 2955 850 1e-10 0.0 0.0 0.0 0.0
