10000 10000 755 450 1e-22 0.442530727693 0.442495623308 0.441732928749 0.0
10000 10000 755 450 1e-20 0.442352499784 0.442317417564 0.441555053608 0.0
10000 10000 755 450 1e-19 0.440735791038 0.440700909671 0.439941544166 0.0
10000 10000 755 450 2e-19 0.438946915778 0.438912256204 0.438156207519 0.0
10000 10000 755 450 5e-19 0.433627092884 0.433593090097 0.432846899198 0.0
10000 10000 755 450 7e-19 0.430119180407 0.43008560841 0.42934591291 0.0
10000 10000 755 450 1e-18 0.424914541585 0.424881605354 0.424151539784 0.0
10000 10000 755 450 2e-18 0.408050232198 0.408019327844 0.407320405313 0.0
10000 10000 755 450 5e-18 0.36164162116 0.361616078142 0.361002354232 0.0
10000 10000 755 450 7e-18 0.333879960831 0.333857455488 0.333294315386 0.0
10000 10000 755 450 1e-17 0.296449868032 0.296431244101 0.295935801476 0.0
10000 10000 755 450 2e-17 0.200939823965 0.200929863273 0.20060402567 0.0
10000 10000 755 450 5e-17 0.0664429753302 0.0664413805518 0.0663425836304 0.0
10000 10000 755 450 7e-17 0.0330979969824 0.0330975103194 0.0330509204226 0.0
10000 10000 755 450 1e-16 0.0121995931749 0.0121995074364 0.0121836384727 0.0
10000 10000 755 450 1e-15 1.29227050831e-11 1.29227050831e-11 1.29225227875e-11 0.0
10000 10000 755 450 1e-14 8.17277350248e-61 8.17277350248e-61 8.17277350248e-61 0.0
10000 10000 755 450 1e-12 0.0 0.0 0.0 0.0
10000 10000 755 450 1e-10 0.0 0.0 0.0 0.0
