10000 10000 655 400 1e-22 0.438210749649 0.438134236424 0.436867687993 0.0
10000 10000 655 400 1e-20 0.43803632029 0.437959847566 0.436693832252 0.0
10000 10000 655 400 1e-19 0.43645401201 0.43637790648 0.435116726782 0.0
10000 10000 655 400 2e-19 0.434703082295 0.434627382658 0.433371552901 0.0
10000 10000 655 400 5e-19 0.42949536596 0.42942087086 0.428180947005 0.0
10000 10000 655 400 7e-19 0.426060770254 0.425987067345 0.42475762863 0.0
10000 10000 655 400 1e-18 0.420964016115 0.420891485481 0.419677598532 0.0
10000 10000 655 400 2e-18 0.404441849125 0.404373091061 0.403209554274 0.0
10000 10000 655 400 5e-18 0.358914128513 0.358855535385 0.357830199056 0.0
10000 10000 655 400 7e-18 0.331634845012 0.331582167504 0.330639219215 0.0
10000 10000 655 400 1e-17 0.294798962844 0.294754043164 0.29392178132 0.0
10000 10000 655 400 2e-17 0.200481939907 0.200455452816 0.199902938745 0.0
10000 10000 655 400 5e-17 0.0666913807668 0.0666858127082 0.0665151327898 0.0
10000 10000 655 400 7e-17 0.0332904072553 0.0332883991435 0.0332073342814 0.0
10000 10000 655 400 1e-16 0.0122946064304 0.0122941589205 0.0122663658869 0.0
10000 10000 655 400 1e-15 1.67304479901e-11 1.67304479897e-11 1.67292674966e-11 0.0
10000 10000 655 400 1e-14 2.65502873544e-59 2.65502873544e-59 2.65502873544e-59 0.0
10000 10000 655 400 1e-12 0.0 0.0 0.0 0.0
10000 10000 655 400 1e-10 0.0 0.0 0.0 0.0
