10000 10000 1255 470 1e-22 0.349096792402 0.349085439405 0.348744093271 0.0
10000 10000 1255 470 1e-20 0.348969240821 0.348957895052 0.348616689131 0.0
10000 10000 1255 470 1e-19 0.347811964548 0.347800684278 0.347460750205 0.0
10000 10000 1255 470 2e-19 0.346530914087 0.346519706145 0.346181179315 0.0
10000 10000 1255 470 5e-19 0.342717945316 0.34270695155 0.342372609346 0.0
10000 10000 1255 470 7e-19 0.340200906331 0.340190053042 0.339858469959 0.0
10000 10000 1255 470 1e-18 0.336462338503 0.336451692531 0.336124202752 0.0
10000 10000 1255 470 2e-18 0.324314349722 0.324304366284 0.323990136707 0.0
10000 10000 1255 470 5e-18 0.290599842962 0.290591607254 0.290313840017 0.0
10000 10000 1255 470 7e-18 0.270215866048 0.270208620102 0.269952640943 0.0
10000 10000 1255 470 1e-17 0.242448827535 0.242442845398 0.242216207086 0.0
10000 10000 1255 470 2e-17 0.169827156423 0.169823987849 0.169671953418 0.0
10000 10000 1255 470 5e-17 0.0609658517013 0.0609653660516 0.0609169680095 0.0
10000 10000 1255 470 7e-17 0.0317361954064 0.0317360527502 0.0317126467216 0.0
10000 10000 1255 470 1e-16 0.0123570487802 0.0123570252249 0.0123488095264 0.0
10000 10000 1255 470 1e-15 2.25518115089e-11 2.25518115089e-11 2.25516367512e-11 0.0
10000 10000 1255 470 1e-14 3.10441938451e-58 3.10441938451e-58 3.10441938451e-58 0.0
10000 10000 1255 470 1e-12 0.0 0.0 0.0 0.0
10000 10000 1255 470 1e-10 0.0 0.0 0.0 0.0
