10000 10000 455 250 1e-22 0.386815304111 0.386291640217 0.0 0.0
10000 10000 455 250 1e-20 0.386666544724 0.386143111025 0.0 0.0
10000 10000 455 250 1e-19 0.385316998362 0.384795652432 0.0 0.0
10000 10000 455 250 2e-19 0.383823426449 0.383304389916 0.0 0.0
10000 10000 455 250 5e-19 0.379379853338 0.378867680171 0.0 0.0
10000 10000 455 250 7e-19 0.376448147785 0.37594049671 0.0 0.0
10000 10000 455 250 1e-18 0.372096058815 0.371595111713 0.0 0.0
10000 10000 455 250 2e-18 0.357974488922 0.357495219078 0.0 0.0
10000 10000 455 250 5e-18 0.318949603875 0.318529606942 0.0 0.0
10000 10000 455 250 7e-18 0.295481242489 0.295096411259 0.0 0.0
10000 10000 455 250 1e-17 0.263678307273 0.263340500466 0.0 0.0
10000 10000 455 250 2e-17 0.181536628015 0.181316338033 0.0 0.0
10000 10000 455 250 5e-17 0.0623139771647 0.0622493757781 0.0 0.0
10000 10000 455 250 7e-17 0.0316261743169 0.0315965432974 0.0 0.0
10000 10000 455 250 1e-16 0.0119117541059 0.0119021315573 0.0 0.0
10000 10000 455 250 1e-15 4.15327578026e-11 4.15327350158e-11 0.0 0.0
10000 10000 455 250 1e-14 2.13867471907e-57 2.13867471907e-57 0.0 0.0
10000 10000 455 250 1e-12 0.0 0.0 0.0 0.0
10000 10000 455 250 1e-10 0.0 0.0 0.0 0.0
