10000 10000 655 650 1e-22 0.381809732636 0.381808862333 0.381583212024 0.38082265455
10000 10000 655 650 1e-20 0.381645022097 0.381644152357 0.381418619717 0.380658392712
10000 10000 655 650 1e-19 0.380151143207 0.380150278565 0.379925812716 0.379168582965
10000 10000 655 650 2e-19 0.3784986277 0.378497768687 0.378274481989 0.377520567763
10000 10000 655 650 5e-19 0.37358712537 0.373586283025 0.373366495157 0.372622435056
10000 10000 655 650 7e-19 0.370350780057 0.370349948643 0.370132461509 0.369394894544
10000 10000 655 650 1e-18 0.365552494287 0.365551679003 0.365337595964 0.364609655784
10000 10000 655 650 2e-18 0.350033618121 0.350032854377 0.349829722337 0.349132916702
10000 10000 655 650 5e-18 0.307567528751 0.307566900852 0.307393249551 0.306781630735
10000 10000 655 650 7e-18 0.282346500917 0.28234594985 0.282189442286 0.281628406288
10000 10000 655 650 1e-17 0.248581701802 0.248581248689 0.248447218057 0.247953881494
10000 10000 655 650 2e-17 0.163919446372 0.163919210245 0.16383866805 0.163514911144
10000 10000 655 650 5e-17 0.050273856791 0.0502738231856 0.0502551682667 0.0501578638032
10000 10000 655 650 7e-17 0.0239800364838 0.02398002728 0.0239726353379 0.0239270312592
10000 10000 655 650 1e-16 0.00836705567131 0.00836705434278 0.00836508780385 0.00834966348719
10000 10000 655 650 1e-15 4.1245052758e-12 4.1245052758e-12 4.12450445057e-12 4.1237107591e-12
10000 10000 655 650 1e-14 4.9761730861e-80 4.9761730861e-80 4.9761730861e-80 4.9761730861e-80
10000 10000 655 650 1e-12 0.0 0.0 0.0 0.0
10000 10000 655 650 1e-10 0.0 0.0 0.0 0.0
