10000 10000 555 50 1e-22 3.20719587459e-06 0.0 0.0 0.0
10000 10000 555 50 1e-20 3.20710426068e-06 0.0 0.0 0.0
10000 10000 555 50 1e-19 3.20627152815e-06 0.0 0.0 0.0
10000 10000 555 50 2e-19 3.20534652589e-06 0.0 0.0 0.0
10000 10000 555 50 5e-19 3.20257313582e-06 0.0 0.0 0.0
10000 10000 555 50 7e-19 3.20072555558e-06 0.0 0.0 0.0
10000 10000 555 50 1e-18 3.19795620333e-06 0.0 0.0 0.0
10000 10000 555 50 2e-18 3.1887424938e-06 0.0 0.0 0.0
10000 10000 555 50 5e-18 3.1612618988e-06 0.0 0.0 0.0
10000 10000 555 50 7e-18 3.14307449497e-06 0.0 0.0 0.0
10000 10000 555 50 1e-17 3.11599131863e-06 0.0 0.0 0.0
10000 10000 555 50 2e-17 3.02740444151e-06 0.0 0.0 0.0
10000 10000 555 50 5e-17 2.7766071001e-06 0.0 0.0 0.0
10000 10000 555 50 7e-17 2.62116774689e-06 0.0 0.0 0.0
10000 10000 555 50 1e-16 2.40431752348e-06 0.0 0.0 0.0
10000 10000 555 50 1e-15 1.86019250197e-07 0.0 0.0 0.0
10000 10000 555 50 1e-14 7.96130965457e-18 0.0 0.0 0.0
10000 10000 555 50 1e-12 0.0 0.0 0.0 0.0
10000 10000 555 50 1e-10 0.0 0.0 0.0 0.0
