10000 10000 2955 750 1e-22 0.0868301454337 0.0868301454337 0.0868224575036 0.0867661324925
10000 10000 2955 750 1e-20 0.0868028301645 0.0868028301645 0.0867951461763 0.0867388408529
10000 10000 2955 750 1e-19 0.0865549298076 0.0865549298076 0.0865472815595 0.0864911548776
10000 10000 2955 750 2e-19 0.0862803709335 0.0862803709335 0.0862727621953 0.0862168332936
10000 10000 2955 750 5e-19 0.0854622565804 0.0854622565804 0.0854547651119 0.0853994250936
10000 10000 2955 750 7e-19 0.0849214484769 0.0849214484769 0.0849140341498 0.0848590830358
10000 10000 2955 750 1e-18 0.084117071602 0.084117071602 0.0841097714516 0.0840553982266
10000 10000 2955 750 2e-18 0.0814939862401 0.0814939862401 0.0814870537327 0.0814345603638
10000 10000 2955 750 5e-18 0.0741346450718 0.0741346450718 0.074128704917 0.0740814462532
10000 10000 2955 750 7e-18 0.0696237746636 0.0696237746636 0.0696184134397 0.0695743330903
10000 10000 2955 750 1e-17 0.0633963203218 0.0633963203218 0.0633917203244 0.063351987275
10000 10000 2955 750 2e-17 0.0465655272787 0.0465655272787 0.0465627497738 0.0465345010181
10000 10000 2955 750 5e-17 0.019007760139 0.019007760139 0.0190071135892 0.018996548325
10000 10000 2955 750 7e-17 0.0106691463418 0.0106691463418 0.0106688902391 0.0106632531776
10000 10000 2955 750 1e-16 0.0045912951197 0.0045912951197 0.00459122716412 0.00458895821411
10000 10000 2955 750 1e-15 2.27035464701e-11 2.27035464701e-11 2.27035464432e-11 2.27030847829e-11
10000 10000 2955 750 1e-14 2.04303725779e-59 2.04303725779e-59 2.04303725779e-59 2.04303725779e-59
10000 10000 2955 750 1e-12 0.0 0.0 0.0 0.0
10000 10000 2955 750 1e-10 0.0 0.0 0.0 0.0
