10000 10000 2955 1900 1e-22 0.0272322466783 0.0272322466783 0.0272322466783 0.0272321976786
10000 10000 2955 1900 1e-20 0.0272183320593 0.0272183320593 0.0272183320593 0.0272182830836
10000 10000 2955 1900 1e-19 0.0270921787497 0.0270921787497 0.0270921787497 0.0270921299919
10000 10000 2955 1900 2e-19 0.0269527309566 0.0269527309566 0.0269527309566 0.0269526824398
10000 10000 2955 1900 5e-19 0.0265389085788 0.0265389085788 0.0265389085788 0.0265388607779
10000 10000 2955 1900 7e-19 0.0262667515968 0.0262667515968 0.0262667515968 0.0262667042672
10000 10000 2955 1900 1e-18 0.0258640183861 0.0258640183861 0.0258640183861 0.0258639717549
10000 10000 2955 1900 2e-18 0.0245679217861 0.0245679217861 0.0245679217861 0.0245678774092
10000 10000 2955 1900 5e-18 0.0210743081345 0.0210743081345 0.0210743081345 0.0210742698874
10000 10000 2955 1900 7e-18 0.0190390138736 0.0190390138736 0.0190390138736 0.0190389792351
10000 10000 2955 1900 1e-17 0.0163652458686 0.0163652458686 0.0163652458686 0.0163652160147
10000 10000 2955 1900 2e-17 0.00996567484111 0.00996567484111 0.00996567484111 0.00996565665229
10000 10000 2955 1900 5e-17 0.0024086108659 0.0024086108659 0.0024086108659 0.00240860675235
10000 10000 2955 1900 7e-17 0.000979051508754 0.000979051508754 0.000979051508754 0.000979049981801
10000 10000 2955 1900 1e-16 0.000267795576262 0.000267795576262 0.000267795576262 0.000267795230929
10000 10000 2955 1900 1e-15 3.44600180387e-17 3.44600180387e-17 3.44600180387e-17 3.44600180387e-17
10000 10000 2955 1900 1e-14 1.24037087233e-127 1.24037087233e-127 1.24037087233e-127 1.24037087233e-127
10000 10000 2955 1900 1e-12 0.0 0.0 0.0 0.0
10000 10000 2955 1900 1e-10 0.0 0.0 0.0 0.0
