10000 10000 1155 250 1e-22 0.0583112535783 0.0582695367945 0.0 0.0
10000 10000 1155 250 1e-20 0.0582931328987 0.0582514325658 0.0 0.0
10000 10000 1155 250 1e-19 0.0581286724958 0.0580871214006 0.0 0.0
10000 10000 1155 250 2e-19 0.0579465143642 0.0579051284225 0.0 0.0
10000 10000 1155 250 5e-19 0.0574036546406 0.0573627599833 0.0 0.0
10000 10000 1155 250 7e-19 0.0570447390879 0.0570041685048 0.0 0.0
10000 10000 1155 250 1e-18 0.0565108099264 0.0564707203442 0.0 0.0
10000 10000 1155 250 2e-18 0.0547688876967 0.0547303581506 0.0 0.0
10000 10000 1155 250 5e-18 0.0498753250361 0.049841100742 0.0 0.0
10000 10000 1155 250 7e-18 0.0468710473041 0.0468394075651 0.0 0.0
10000 10000 1155 250 1e-17 0.0427173385836 0.0426891953048 0.0 0.0
10000 10000 1155 250 2e-17 0.0314537545694 0.0314346030231 0.0 0.0
10000 10000 1155 250 5e-17 0.0128861427345 0.0128798591443 0.0 0.0
10000 10000 1155 250 7e-17 0.00723838807497 0.00723532291434 0.0 0.0
10000 10000 1155 250 1e-16 0.00311689308785 0.00311582039397 0.0 0.0
10000 10000 1155 250 1e-15 6.79914950558e-11 6.79914893403e-11 0.0 0.0
10000 10000 1155 250 1e-14 1.4012068996e-58 1.4012068996e-58 0.0 0.0
10000 10000 1155 250 1e-12 0.0 0.0 0.0 0.0
10000 10000 1155 250 1e-10 0.0 0.0 0.0 0.0
