10000 10000 1955 290 1e-22 0.0092426668212 0.00924229450229 0.0 0.0
10000 10000 1955 290 1e-20 0.00924007447785 0.00923970226663 0.0 0.0
10000 10000 1955 290 1e-19 0.00921654245748 0.00921617122385 0.0 0.0
10000 10000 1955 290 2e-19 0.00919046902523 0.0091900988748 0.0 0.0
10000 10000 1955 290 5e-19 0.00911270907797 0.00911234215823 0.0 0.0
10000 10000 1955 290 7e-19 0.00906125037682 0.00906088559519 0.0 0.0
10000 10000 1955 290 1e-18 0.00898462953311 0.00898426793529 0.0 0.0
10000 10000 1955 290 2e-18 0.00873406744927 0.00873371626486 0.0 0.0
10000 10000 1955 290 5e-18 0.00802514862049 0.00802482691124 0.0 0.0
10000 10000 1955 290 7e-18 0.00758605705348 0.00758575360678 0.0 0.0
10000 10000 1955 290 1e-17 0.00697375844897 0.00697348047078 0.0 0.0
10000 10000 1955 290 2e-17 0.00527873796486 0.0052785304233 0.0 0.0
10000 10000 1955 290 5e-17 0.00232980206688 0.00232971569186 0.0 0.0
10000 10000 1955 290 7e-17 0.00136833964582 0.00136829149797 0.0 0.0
10000 10000 1955 290 1e-16 0.000626649830512 0.000626629792255 0.0 0.0
10000 10000 1955 290 1e-15 1.00905301107e-10 1.00905301031e-10 0.0 0.0
10000 10000 1955 290 1e-14 4.33964776987e-57 4.33964776987e-57 0.0 0.0
10000 10000 1955 290 1e-12 0.0 0.0 0.0 0.0
10000 10000 1955 290 1e-10 0.0 0.0 0.0 0.0
