10000 10000 355 280 1e-22 0.381216532318 0.380858433185 0.0 0.0
10000 10000 355 280 1e-20 0.381065847023 0.380707925891 0.0 0.0
10000 10000 355 280 1e-19 0.37969890726 0.379342600044 0.0 0.0
10000 10000 355 280 2e-19 0.378186250834 0.377831727869 0.0 0.0
10000 10000 355 280 5e-19 0.373686930537 0.373337704072 0.0 0.0
10000 10000 355 280 7e-19 0.370719296516 0.370373554689 0.0 0.0
10000 10000 355 280 1e-18 0.366315131957 0.365974548568 0.0 0.0
10000 10000 355 280 2e-18 0.352035136287 0.351711170032 0.0 0.0
10000 10000 355 280 5e-18 0.312660471728 0.312381426189 0.0 0.0
10000 10000 355 280 7e-18 0.289048426372 0.288795645747 0.0 0.0
10000 10000 355 280 1e-17 0.257138366701 0.256920210558 0.0 0.0
10000 10000 355 280 2e-17 0.175268289078 0.175133691066 0.0 0.0
10000 10000 355 280 5e-17 0.0585375186991 0.0585037034518 0.0 0.0
10000 10000 355 280 7e-17 0.029231604593 0.0292174859781 0.0 0.0
10000 10000 355 280 1e-16 0.0107743945575 0.0107703665702 0.0 0.0
10000 10000 355 280 1e-15 1.97790762645e-11 1.97790760027e-11 0.0 0.0
10000 10000 355 280 1e-14 6.71492414878e-62 6.71492414878e-62 0.0 0.0
10000 10000 355 280 1e-12 0.0 0.0 0.0 0.0
10000 10000 355 280 1e-10 0.0 0.0 0.0 0.0
