10000 10000 905 310 1e-22 0.265228003958 0.265137786171 0.0 0.0
10000 10000 905 310 1e-20 0.265134683173 0.265044510202 0.0 0.0
10000 10000 905 310 1e-19 0.264287931681 0.264198165081 0.0 0.0
10000 10000 905 310 2e-19 0.263350509189 0.263261191901 0.0 0.0
10000 10000 905 310 5e-19 0.260559649388 0.260471666192 0.0 0.0
10000 10000 905 310 7e-19 0.258716769149 0.258629663932 0.0 0.0
10000 10000 905 310 1e-18 0.255978697633 0.255892892502 0.0 0.0
10000 10000 905 310 2e-18 0.247074653868 0.246993039875 0.0 0.0
10000 10000 905 310 5e-18 0.222303139639 0.222232879093 0.0 0.0
10000 10000 905 310 7e-18 0.207279496869 0.20721589038 0.0 0.0
10000 10000 905 310 1e-17 0.186750835093 0.186696017457 0.0 0.0
10000 10000 905 310 2e-17 0.132636690786 0.132603146698 0.0 0.0
10000 10000 905 310 5e-17 0.0496290693367 0.0496210826047 0.0 0.0
10000 10000 905 310 7e-17 0.0265381086518 0.0265349513442 0.0 0.0
10000 10000 905 310 1e-16 0.010734108689 0.0107332934577 0.0 0.0
10000 10000 905 310 1e-15 6.29254192231e-11 6.29254192118e-11 0.0 0.0
10000 10000 905 310 1e-14 8.98688503276e-58 8.98688503276e-58 0.0 0.0
10000 10000 905 310 1e-12 0.0 0.0 0.0 0.0
10000 10000 905 310 1e-10 0.0 0.0 0.0 0.0
