10000 10000 555 150 1e-22 0.134109010228 0.0 0.0 0.0
10000 10000 555 150 1e-20 0.134063834727 0.0 0.0 0.0
10000 10000 555 150 1e-19 0.133653894528 0.0 0.0 0.0
10000 10000 555 150 2e-19 0.13319997814 0.0 0.0 0.0
10000 10000 555 150 5e-19 0.131848098594 0.0 0.0 0.0
10000 10000 555 150 7e-19 0.130955006065 0.0 0.0 0.0
10000 10000 555 150 1e-18 0.129627480875 0.0 0.0 0.0
10000 10000 555 150 2e-18 0.125305354111 0.0 0.0 0.0
10000 10000 555 150 5e-18 0.113238157768 0.0 0.0 0.0
10000 10000 555 150 7e-18 0.105886931116 0.0 0.0 0.0
10000 10000 555 150 1e-17 0.0957988775578 0.0 0.0 0.0
10000 10000 555 150 2e-17 0.0689313521791 0.0 0.0 0.0
10000 10000 555 150 5e-17 0.026626234201 0.0 0.0 0.0
10000 10000 555 150 7e-17 0.0144688652428 0.0 0.0 0.0
10000 10000 555 150 1e-16 0.00595883532579 0.0 0.0 0.0
10000 10000 555 150 1e-15 1.15093983796e-09 0.0 0.0 0.0
10000 10000 555 150 1e-14 5.02384163893e-40 0.0 0.0 0.0
10000 10000 555 150 1e-12 0.0 0.0 0.0 0.0
10000 10000 555 150 1e-10 0.0 0.0 0.0 0.0
