10000 10000 1255 310 1e-22 0.108158102553 0.108137316821 0.0 0.0
10000 10000 1255 310 1e-20 0.108123374516 0.108102598467 0.0 0.0
10000 10000 1255 310 1e-19 0.107808209698 0.107787521466 0.0 0.0
10000 10000 1255 310 2e-19 0.107459174607 0.107438583485 0.0 0.0
10000 10000 1255 310 5e-19 0.106419276217 0.10639897354 0.0 0.0
10000 10000 1255 310 7e-19 0.10573197189 0.105711859126 0.0 0.0
10000 10000 1255 310 1e-18 0.104709869159 0.104690037742 0.0 0.0
10000 10000 1255 310 2e-18 0.101378186027 0.101359262682 0.0 0.0
10000 10000 1255 310 5e-18 0.0920428604023 0.0920264064029 0.0 0.0
10000 10000 1255 310 7e-18 0.0863301987754 0.0863151996443 0.0 0.0
10000 10000 1255 310 1e-17 0.0784563885447 0.0784433218584 0.0 0.0
10000 10000 1255 310 2e-17 0.0572624133025 0.0572540985934 0.0 0.0
10000 10000 1255 310 5e-17 0.022960132193 0.0229578565264 0.0 0.0
10000 10000 1255 310 7e-17 0.0127514234784 0.0127504261552 0.0 0.0
10000 10000 1255 310 1e-16 0.00541372116577 0.0054134198573 0.0 0.0
10000 10000 1255 310 1e-15 1.12994120493e-10 1.12994120487e-10 0.0 0.0
10000 10000 1255 310 1e-14 1.27770924568e-57 1.27770924568e-57 0.0 0.0
10000 10000 1255 310 1e-12 0.0 0.0 0.0 0.0
10000 10000 1255 310 1e-10 0.0 0.0 0.0 0.0
