10000 10000 955 430 1e-22 0.407800397761 0.407776460171 0.407064919667 0.0
10000 10000 955 430 1e-20 0.407646487372 0.40762256364 0.406911314968 0.0
10000 10000 955 430 1e-19 0.406250177161 0.406226379037 0.40551777748 0.0
10000 10000 955 430 2e-19 0.404704779177 0.404681119829 0.40397544709 0.0
10000 10000 955 430 5e-19 0.400106567767 0.400083319808 0.399386355687 0.0
10000 10000 955 430 7e-19 0.397072465002 0.397049487237 0.396358264612 0.0
10000 10000 955 430 1e-18 0.392567812927 0.392545234456 0.391862528922 0.0
10000 10000 955 430 2e-18 0.377946494491 0.377925196564 0.377270076032 0.0
10000 10000 955 430 5e-18 0.3374996753 0.337481791782 0.336902476905 0.0
10000 10000 955 430 7e-18 0.313143619501 0.313127696713 0.312593648149 0.0
10000 10000 955 430 1e-17 0.280092066896 0.280078682416 0.279605557171 0.0
10000 10000 955 430 2e-17 0.194407696351 0.194400159018 0.194081805773 0.0
10000 10000 955 430 5e-17 0.0685185408795 0.0685171376112 0.0684140730475 0.0
10000 10000 955 430 7e-17 0.0354203017124 0.0354198288402 0.0353691899993 0.0
10000 10000 955 430 1e-16 0.0137109380549 0.0137108412793 0.0136925680309 0.0
10000 10000 955 430 1e-15 1.86303489987e-11 1.86303489987e-11 1.8629268884e-11 0.0
10000 10000 955 430 1e-14 4.52339017207e-61 4.52339017207e-61 4.52339017207e-61 0.0
10000 10000 955 430 1e-12 0.0 0.0 0.0 0.0
10000 10000 955 430 1e-10 0.0 0.0 0.0 0.0
