10000 10000 2955 1400 1e-22 0.140333152402 0.140333152402 0.140333152402 0.140318093858
10000 10000 2955 1400 1e-20 0.140274503272 0.140274503272 0.140274503272 0.14025945431
10000 10000 2955 1400 1e-19 0.139742526358 0.139742526358 0.139742526358 0.139727564209
10000 10000 2955 1400 2e-19 0.139153962293 0.139153962293 0.139153962293 0.139139096003
10000 10000 2955 1400 5e-19 0.137404069817 0.137404069817 0.137404069817 0.137389487357
10000 10000 2955 1400 7e-19 0.136250514967 0.136250514967 0.136250514967 0.136236118645
10000 10000 2955 1400 1e-18 0.134539493228 0.134539493228 0.134539493228 0.134525371572
10000 10000 2955 1400 2e-18 0.128999481499 0.128999481499 0.128999481499 0.128986237327
10000 10000 2955 1400 5e-18 0.113788655556 0.113788655556 0.113788655556 0.113777724001
10000 10000 2955 1400 7e-18 0.104716144723 0.104716144723 0.104716144723 0.104706521446
10000 10000 2955 1400 1e-17 0.0925197324318 0.0925197324318 0.0925197324318 0.0925117782419
10000 10000 2955 1400 2e-17 0.0616320118753 0.0616320118753 0.0616320118753 0.0616277691336
10000 10000 2955 1400 5e-17 0.0191699197839 0.0191699197839 0.0191699197839 0.0191692322678
10000 10000 2955 1400 7e-17 0.00910512264536 0.00910512264536 0.00910512264536 0.00910490579026
10000 10000 2955 1400 1e-16 0.00310122992545 0.00310122992545 0.00310122992545 0.00310118790483
10000 10000 2955 1400 1e-15 6.56019096757e-14 6.56019096757e-14 6.56019096757e-14 6.56019096756e-14
10000 10000 2955 1400 1e-14 3.45823287335e-99 3.45823287335e-99 3.45823287335e-99 3.45823287335e-99
10000 10000 2955 1400 1e-12 0.0 0.0 0.0 0.0
10000 10000 2955 1400 1e-10 0.0 0.0 0.0 0.0
