10000 10000 1355 600 1e-22 0.41990475039 0.419903159361 0.419653473701 0.418712542489
10000 10000 1355 600 1e-20 0.419741093205 0.419739503233 0.419489935717 0.418549380349
10000 10000 1355 600 1e-19 0.418256439847 0.418254859453 0.418006363292 0.417069217351
10000 10000 1355 600 2e-19 0.416613438849 0.416611869028 0.416364557617 0.415431184467
10000 10000 1355 600 5e-19 0.411725898852 0.411724360325 0.411480567805 0.410558416109
10000 10000 1355 600 7e-19 0.408501779035 0.408500261019 0.408258785269 0.407344034515
10000 10000 1355 600 1e-18 0.403716341745 0.40371485398 0.40347681025 0.402573042328
10000 10000 1355 600 2e-18 0.388194828621 0.388193437368 0.38796646947 0.387098306518
10000 10000 1355 600 5e-18 0.34535271138 0.345351573405 0.345154709647 0.344384671546
10000 10000 1355 600 7e-18 0.319627711882 0.31962671638 0.319447574525 0.318736338574
10000 10000 1355 600 1e-17 0.284817658281 0.284816843501 0.284661215897 0.28402938764
10000 10000 1355 600 2e-17 0.195224233631 0.19522381469 0.195125797013 0.19469727206
10000 10000 1355 600 5e-17 0.0663259781901 0.0663259200237 0.0662999479747 0.0661591787932
10000 10000 1355 600 7e-17 0.033501393849 0.0335013780218 0.0334901692517 0.0334207013801
10000 10000 1355 600 1e-16 0.0125531983173 0.0125531960325 0.0125498231319 0.0125246920024
10000 10000 1355 600 1e-15 1.00119817622e-11 1.00119817622e-11 1.00119766154e-11 1.00092008449e-11
10000 10000 1355 600 1e-14 4.80586293107e-62 4.80586293107e-62 4.80586293107e-62 4.80586293107e-62
10000 10000 1355 600 1e-12 0.0 0.0 0.0 0.0
10000 10000 1355 600 1e-10 0.0 0.0 0.0 0.0
