10000 10000 1405 320 1e-22 0.0725217719449 0.0725141168781 0.0 0.0
10000 10000 1405 320 1e-20 0.0724989581259 0.0724913063437 0.0 0.0
10000 10000 1405 320 1e-19 0.0722919063831 0.072284284395 0.0 0.0
10000 10000 1405 320 2e-19 0.072062579633 0.072054990609 0.0 0.0
10000 10000 1405 320 5e-19 0.0713791879803 0.0713716969697 0.0 0.0
10000 10000 1405 320 7e-19 0.0709273903951 0.0709199640008 0.0 0.0
10000 10000 1405 320 1e-18 0.0702553357832 0.0702480052377 0.0 0.0
10000 10000 1405 320 2e-18 0.0680631940743 0.0680561739133 0.0 0.0
10000 10000 1405 320 5e-18 0.0619085203635 0.0619023525469 0.0 0.0
10000 10000 1405 320 7e-18 0.0581330664694 0.0581274069314 0.0 0.0
10000 10000 1405 320 1e-17 0.05291758753 0.0529126107908 0.0 0.0
10000 10000 1405 320 2e-17 0.0388079859578 0.0388047316417 0.0 0.0
10000 10000 1405 320 5e-17 0.015723511091 0.0157225698947 0.0 0.0
10000 10000 1405 320 7e-17 0.00878026521697 0.00877984259599 0.0 0.0
10000 10000 1405 320 1e-16 0.00375816304573 0.00375803139786 0.0 0.0
10000 10000 1405 320 1e-15 1.50497665618e-10 1.5049766561e-10 0.0 0.0
10000 10000 1405 320 1e-14 5.35967122176e-57 5.35967122176e-57 0.0 0.0
10000 10000 1405 320 1e-12 0.0 0.0 0.0 0.0
10000 10000 1405 320 1e-10 0.0 0.0 0.0 0.0
