10000 10000 1255 380 1e-22 0.217833670195 0.217819950635 0.21732535155 0.0
10000 10000 1255 380 1e-20 0.217760338992 0.217746626361 0.217252207903 0.0
10000 10000 1255 380 1e-19 0.217094895832 0.217081246034 0.216588466452 0.0
10000 10000 1255 380 2e-19 0.216358052601 0.216344472271 0.215853506962 0.0
10000 10000 1255 380 5e-19 0.214163451662 0.214150077571 0.213664513038 0.0
10000 10000 1255 380 7e-19 0.212713555925 0.212700317542 0.212218318775 0.0
10000 10000 1255 380 1e-18 0.210558266746 0.210545229285 0.210068527609 0.0
10000 10000 1255 380 2e-18 0.203540204941 0.203527814946 0.203068332404 0.0
10000 10000 1255 380 5e-18 0.183938731165 0.183928092905 0.183516453527 0.0
10000 10000 1255 380 7e-18 0.171992537977 0.171982924624 0.171600249325 0.0
10000 10000 1255 380 1e-17 0.155592811113 0.155584549049 0.155241372038 0.0
10000 10000 1255 380 2e-17 0.111886548661 0.111881541386 0.111641868628 0.0
10000 10000 1255 380 5e-17 0.0430579223173 0.0430567643579 0.0429722837009 0.0
10000 10000 1255 380 7e-17 0.0233300882658 0.0233296382666 0.0232864515135 0.0
10000 10000 1255 380 1e-16 0.00957584697609 0.00957573310721 0.00955947705621 0.0
10000 10000 1255 380 1e-15 4.77827956032e-11 4.77827956026e-11 4.77818021897e-11 0.0
10000 10000 1255 380 1e-14 4.36096539166e-58 4.36096539166e-58 4.36096539166e-58 0.0
10000 10000 1255 380 1e-12 0.0 0.0 0.0 0.0
10000 10000 1255 380 1e-10 0.0 0.0 0.0 0.0
