10000 10000 1055 390 1e-22 0.345402983313 0.34537497591 0.344562059106 0.0
10000 10000 1055 390 1e-20 0.345277709177 0.345249716335 0.344437117839 0.0
10000 10000 1055 390 1e-19 0.344141088164 0.344113227335 0.343303516495 0.0
10000 10000 1055 390 2e-19 0.342882885187 0.342855170286 0.342048655177 0.0
10000 10000 1055 390 5e-19 0.339137813895 0.339110532056 0.338313524054 0.0
10000 10000 1055 390 7e-19 0.336665506806 0.336638509787 0.33584777371 0.0
10000 10000 1055 390 1e-18 0.332993245893 0.332966670358 0.332185244124 0.0
10000 10000 1055 390 2e-18 0.321059564699 0.321034345676 0.32028312125 0.0
10000 10000 1055 390 5e-18 0.28792953515 0.28790797259 0.287240152269 0.0
10000 10000 1055 390 7e-18 0.267890401248 0.267870968231 0.26725325651 0.0
10000 10000 1055 390 1e-17 0.240580596403 0.240563959107 0.240014081575 0.0
10000 10000 1055 390 2e-17 0.169061613307 0.169051645623 0.168676452758 0.0
10000 10000 1055 390 5e-17 0.061352131981 0.0613498875509 0.0612253712852 0.0
10000 10000 1055 390 7e-17 0.0321842213728 0.0321833619086 0.0321218643647 0.0
10000 10000 1055 390 1e-16 0.012678057822 0.0126778449348 0.0126557324067 0.0
10000 10000 1055 390 1e-15 3.67248572332e-11 3.67248572328e-11 3.67240320561e-11 0.0
10000 10000 1055 390 1e-14 1.3576010635e-59 1.3576010635e-59 1.3576010635e-59 0.0
10000 10000 1055 390 1e-12 0.0 0.0 0.0 0.0
10000 10000 1055 390 1e-10 0.0 0.0 0.0 0.0
