10000 10000 1955 350 1e-22 0.0174198713794 0.0174193586415 0.0173770327006 0.0
10000 10000 1955 350 1e-20 0.0174149371507 0.017414424624 0.0173721114638 0.0
10000 10000 1955 350 1e-19 0.0173701474002 0.0173696367894 0.0173274396343 0.0
10000 10000 1955 350 2e-19 0.0173205220371 0.0173200135468 0.0172779449015 0.0
10000 10000 1955 350 5e-19 0.0171725321126 0.0171720299307 0.0171303443972 0.0
10000 10000 1955 350 7e-19 0.0170746060382 0.0170741080186 0.0170326758913 0.0
10000 10000 1955 350 1e-18 0.0169288086168 0.0169283167757 0.0168872617812 0.0
10000 10000 1955 350 2e-18 0.0164521324318 0.0164516606378 0.0164118373713 0.0
10000 10000 1955 350 5e-18 0.0151043626835 0.0151039462597 0.0150675944674 0.0
10000 10000 1955 350 7e-18 0.0142702789035 0.0142698957338 0.0142356835046 0.0
10000 10000 1955 350 1e-17 0.0131081353514 0.0131077971505 0.0130765537925 0.0
10000 10000 1955 350 2e-17 0.00989754325055 0.0098973201728 0.00987419262484 0.0
10000 10000 1955 350 5e-17 0.00434222330253 0.00434215928133 0.00433263341051 0.0
10000 10000 1955 350 7e-17 0.00254303478638 0.00254300693021 0.00253767373735 0.0
10000 10000 1955 350 1e-16 0.00116127256773 0.00116126457221 0.00115899852984 0.0
10000 10000 1955 350 1e-15 6.30621908987e-11 6.30621908987e-11 6.30619115347e-11 0.0
10000 10000 1955 350 1e-14 4.31565096982e-58 4.31565096982e-58 4.31565096982e-58 0.0
10000 10000 1955 350 1e-12 0.0 0.0 0.0 0.0
10000 10000 1955 350 1e-10 0.0 0.0 0.0 0.0
