10000 10000 1455 250 1e-22 0.0351387780147 0.0351259273931 0.0 0.0
10000 10000 1455 250 1e-20 0.0351285112302 0.0351156647357 0.0 0.0
10000 10000 1455 250 1e-19 0.03503531575 0.0350225067152 0.0 0.0
10000 10000 1455 250 2e-19 0.0349320582185 0.0349192906812 0.0 0.0
10000 10000 1455 250 5e-19 0.0346241272834 0.0346114834583 0.0 0.0
10000 10000 1455 250 7e-19 0.0344203656924 0.0344078036951 0.0 0.0
10000 10000 1455 250 1e-18 0.0341169939318 0.0341045537132 0.0 0.0
10000 10000 1455 250 2e-18 0.0331251458432 0.0331131033283 0.0 0.0
10000 10000 1455 250 5e-18 0.0303212182234 0.0303102959977 0.0 0.0
10000 10000 1455 250 7e-18 0.0285867362499 0.0285765036756 0.0 0.0
10000 10000 1455 250 1e-17 0.0261718046765 0.0261625273473 0.0 0.0
10000 10000 1455 250 2e-17 0.0195203149683 0.0195136304195 0.0 0.0
10000 10000 1455 250 5e-17 0.00819111037517 0.00818861883115 0.0 0.0
10000 10000 1455 250 7e-17 0.00464072474228 0.00463943203855 0.0 0.0
10000 10000 1455 250 1e-16 0.00201262469158 0.00201213809868 0.0 0.0
10000 10000 1455 250 1e-15 9.96698707005e-11 9.96698697056e-11 0.0 0.0
10000 10000 1455 250 1e-14 3.76498992946e-57 3.76498992946e-57 0.0 0.0
10000 10000 1455 250 1e-12 0.0 0.0 0.0 0.0
10000 10000 1455 250 1e-10 0.0 0.0 0.0 0.0
