10000 10000 1355 1050 1e-22 0.472179754515 0.472179754515 0.472130377598 0.471898235217
10000 10000 1355 1050 1e-20 0.47197361329 0.47197361329 0.471924279145 0.471692226493
10000 10000 1355 1050 1e-19 0.47010370508 0.47010370508 0.470054757819 0.469823519817
10000 10000 1355 1050 2e-19 0.468034676029 0.468034676029 0.467986154559 0.46775581947
10000 10000 1355 1050 5e-19 0.461881835231 0.461881835231 0.461834565815 0.46160692517
10000 10000 1355 1050 7e-19 0.45782477671 0.45782477671 0.457778321376 0.45755246505
10000 10000 1355 1050 1e-18 0.451805707586 0.451805707586 0.451760443356 0.451537245432
10000 10000 1355 1050 2e-18 0.432306884246 0.432306884246 0.432265344313 0.432050849405
10000 10000 1355 1050 5e-18 0.378723994295 0.378723994295 0.378691682214 0.378501805702
10000 10000 1355 1050 7e-18 0.346767090142 0.346767090142 0.346739623817 0.34656490369
10000 10000 1355 1050 1e-17 0.303871124455 0.303871124455 0.303849450833 0.303695601446
10000 10000 1355 1050 2e-17 0.196204979711 0.196204979711 0.196194640004 0.196095491713
10000 10000 1355 1050 5e-17 0.055116256673 0.055116256673 0.0551147964579 0.0550896052699
10000 10000 1355 1050 7e-17 0.0246685977675 0.0246685977675 0.0246681603011 0.0246579964936
10000 10000 1355 1050 1e-16 0.0078480452397 0.0078480452397 0.00784796864856 0.00784525519501
10000 10000 1355 1050 1e-15 4.23899197885e-13 4.23899197885e-13 4.23899197885e-13 4.23898987239e-13
10000 10000 1355 1050 1e-14 1.13325602634e-84 1.13325602634e-84 1.13325602634e-84 1.13325602634e-84
10000 10000 1355 1050 1e-12 0.0 0.0 0.0 0.0
10000 10000 1355 1050 1e-10 0.0 0.0 0.0 0.0
