10000 10000 1155 950 1e-22 0.526987763624 0.526987763624 0.526927654635 0.526630887206
10000 10000 1155 950 1e-20 0.526775524493 0.526775524493 0.526715437969 0.526418730025
10000 10000 1155 950 1e-19 0.524849626847 0.524849626847 0.524789744642 0.524493580098
10000 10000 1155 950 2e-19 0.522717228996 0.522717228996 0.522657573993 0.522362018685
10000 10000 1155 950 5e-19 0.516367152983 0.516367152983 0.516308180538 0.516014486212
10000 10000 1155 950 7e-19 0.512172850636 0.512172850636 0.512114333829 0.511821906693
10000 10000 1155 950 1e-18 0.505939649773 0.505939649773 0.505881816955 0.505591328087
10000 10000 1155 950 2e-18 0.485661043296 0.485661043296 0.485605489509 0.485321751005
10000 10000 1155 950 5e-18 0.429260671238 0.429260671238 0.429211826601 0.428950206998
10000 10000 1155 950 7e-18 0.395154291369 0.395154291369 0.395109710701 0.394863642711
10000 10000 1155 950 1e-17 0.348822357758 0.348822357758 0.348783735302 0.348561121543
10000 10000 1155 950 2e-17 0.229714298824 0.229714298824 0.229691217401 0.229539008678
10000 10000 1155 950 5e-17 0.0669162472508 0.0669162472508 0.0669118531711 0.0668699688142
10000 10000 1155 950 7e-17 0.030439386073 0.030439386073 0.0304379364398 0.0304204562615
10000 10000 1155 950 1e-16 0.00988001151889 0.00988001151889 0.0098797257461 0.00987484048823
10000 10000 1155 950 1e-15 4.4465582473e-13 4.4465582473e-13 4.4465582473e-13 4.44652067892e-13
10000 10000 1155 950 1e-14 5.00616858707e-89 5.00616858707e-89 5.00616858707e-89 5.00616858707e-89
10000 10000 1155 950 1e-12 0.0 0.0 0.0 0.0
10000 10000 1155 950 1e-10 0.0 0.0 0.0 0.0
