10000 10000 955 440 1e-22 0.662700784656 0.662661142514 0.661914100123 0.0
10000 10000 955 440 1e-20 0.662497271779 0.662457648517 0.661710702049 0.0
10000 10000 955 440 1e-19 0.660649296774 0.660609844903 0.65986377692 0.0
10000 10000 955 440 2e-19 0.658600522868 0.658561260884 0.657816182511 0.0
10000 10000 955 440 5e-19 0.652482896058 0.652444200257 0.651702173792 0.0
10000 10000 955 440 7e-19 0.648428461474 0.648390140191 0.647650215293 0.0
10000 10000 955 440 1e-18 0.642382914586 0.642345150613 0.641608474076 0.0
10000 10000 955 440 2e-18 0.622545753044 0.622509807157 0.621784722335 0.0
10000 10000 955 440 5e-18 0.565963921305 0.56593304879 0.565248203995 0.0
10000 10000 955 440 7e-18 0.530683885203 0.530656070743 0.530001074813 0.0
10000 10000 955 440 1e-17 0.481359538846 0.481335834056 0.480727812177 0.0
10000 10000 955 440 2e-17 0.34577075253 0.345757110489 0.345302870835 0.0
10000 10000 955 440 5e-17 0.126976588721 0.126974131847 0.126811423069 0.0
10000 10000 955 440 7e-17 0.0659675171145 0.0659667284793 0.0658865735264 0.0
10000 10000 955 440 1e-16 0.0254396827054 0.0254395340706 0.0254112991615 0.0
10000 10000 955 440 1e-15 3.30414223387e-11 3.30414223387e-11 3.30407864186e-11 0.0
10000 10000 955 440 1e-14 1.37946203803e-61 1.37946203803e-61 1.37946203803e-61 0.0
10000 10000 955 440 1e-12 0.0 0.0 0.0 0.0
10000 10000 955 440 1e-10 0.0 0.0 0.0 0.0
