10000 10000 705 430 1e-22 0.70583808612 0.705792866395 0.70484045326 0.0
10000 10000 705 430 1e-20 0.705618505654 0.705573295096 0.704620931779 0.0
10000 10000 705 430 1e-19 0.703624366518 0.703579239847 0.702627342377 0.0
10000 10000 705 430 2e-19 0.701412994631 0.701367962311 0.700416609565 0.0
10000 10000 705 430 5e-19 0.694806469113 0.694761726805 0.693812175427 0.0
10000 10000 705 430 7e-19 0.690425297553 0.690380754135 0.689432538932 0.0
10000 10000 705 430 1e-18 0.683888663391 0.683844426147 0.682898410172 0.0
10000 10000 705 430 2e-18 0.66240946235 0.662366306165 0.661429188312 0.0
10000 10000 705 430 5e-18 0.600931726392 0.600892203705 0.599993397266 0.0
10000 10000 705 430 7e-18 0.562483553488 0.5624466229 0.561580271433 0.0
10000 10000 705 430 1e-17 0.508647974799 0.508614966091 0.507803419779 0.0
10000 10000 705 430 2e-17 0.360766174861 0.360744778999 0.360128203367 0.0
10000 10000 705 430 5e-17 0.126526219173 0.126521488618 0.126298520686 0.0
10000 10000 705 430 7e-17 0.0637832064463 0.0637815450429 0.0636718764883 0.0
10000 10000 705 430 1e-16 0.0236178229701 0.0236174743109 0.0235789842557 0.0
10000 10000 705 430 1e-15 2.02142976288e-11 2.02142976288e-11 2.02120975233e-11 0.0
10000 10000 705 430 1e-14 6.10689582031e-61 6.10689582031e-61 6.10689582031e-61 0.0
10000 10000 705 430 1e-12 0.0 0.0 0.0 0.0
10000 10000 705 430 1e-10 0.0 0.0 0.0 0.0
