10000 10000 1355 1200 1e-22 0.375634360549 0.375634360549 0.375622395236 0.375473717799
10000 10000 1355 1200 1e-20 0.375456865546 0.375456865546 0.375444910157 0.375296296298
10000 10000 1355 1200 1e-19 0.373847273905 0.373847273905 0.373835408313 0.373687371695
10000 10000 1355 1200 2e-19 0.372067260902 0.372067260902 0.372055494201 0.371908097398
10000 10000 1355 1200 5e-19 0.366779964784 0.366779964784 0.366768489268 0.366623001912
10000 10000 1355 1200 7e-19 0.363298598803 0.363298598803 0.363287312934 0.363143090091
10000 10000 1355 1200 1e-18 0.358140899983 0.358140899983 0.358129892057 0.35798755308
10000 10000 1355 1200 2e-18 0.341492063275 0.341492063275 0.341481928109 0.341345753624
10000 10000 1355 1200 5e-18 0.296209165788 0.296209165788 0.296201219842 0.296082416022
10000 10000 1355 1200 7e-18 0.269530076557 0.269530076557 0.269523297608 0.269415100939
10000 10000 1355 1200 1e-17 0.234107992331 0.234107992331 0.234102626586 0.234008875768
10000 10000 1355 1200 2e-17 0.147256711383 0.147256711383 0.147254174436 0.147197022497
10000 10000 1355 1200 5e-17 0.0388944385432 0.0388944385432 0.0388941294582 0.0388817251042
10000 10000 1355 1200 7e-17 0.0168223722337 0.0168223722337 0.0168222924521 0.0168177364528
10000 10000 1355 1200 1e-16 0.00510867209508 0.00510867209508 0.00510866127078 0.00510759407713
10000 10000 1355 1200 1e-15 9.53409323035e-14 9.53409323035e-14 9.53409323035e-14 9.53409310298e-14
10000 10000 1355 1200 1e-14 2.98134320256e-93 2.98134320256e-93 2.98134320256e-93 2.98134320256e-93
10000 10000 1355 1200 1e-12 0.0 0.0 0.0 0.0
10000 10000 1355 1200 1e-10 0.0 0.0 0.0 0.0
