10000 10000 1455 270 1e-22 0.0555462687786 0.0555302634085 0.0 0.0
10000 10000 1455 270 1e-20 0.0555301888888 0.0555141901714 0.0 0.0
10000 10000 1455 270 1e-19 0.055384233092 0.0553682947218 0.0 0.0
10000 10000 1455 270 2e-19 0.0552225344633 0.0552066628668 0.0 0.0
10000 10000 1455 270 5e-19 0.0547404192926 0.054724746268 0.0 0.0
10000 10000 1455 270 7e-19 0.0544214768857 0.0544059347984 0.0 0.0
10000 10000 1455 270 1e-18 0.0539467326456 0.0539313848242 0.0 0.0
10000 10000 1455 270 2e-18 0.0523955381209 0.0523808197206 0.0 0.0
10000 10000 1455 270 5e-18 0.0480176456379 0.0480046585581 0.0 0.0
10000 10000 1455 270 7e-18 0.0453143623097 0.0453024099329 0.0 0.0
10000 10000 1455 270 1e-17 0.0415556982193 0.0415451389572 0.0 0.0
10000 10000 1455 270 2e-17 0.0312215091467 0.031214485695 0.0 0.0
10000 10000 1455 270 5e-17 0.0135339805938 0.0135318094061 0.0 0.0
10000 10000 1455 270 7e-17 0.0078717071324 0.00787067484342 0.0 0.0
10000 10000 1455 270 1e-16 0.00355816434287 0.00355780810278 0.0 0.0
10000 10000 1455 270 1e-15 2.25589069877e-10 2.25589066707e-10 0.0 0.0
10000 10000 1455 270 1e-14 1.83532449466e-56 1.83532449466e-56 0.0 0.0
10000 10000 1455 270 1e-12 0.0 0.0 0.0 0.0
10000 10000 1455 270 1e-10 0.0 0.0 0.0 0.0
