10000 10000 455 310 1e-22 0.615337061201 0.615076958295 0.0 0.0
10000 10000 455 310 1e-20 0.615144376386 0.614884322644 0.0 0.0
10000 10000 455 310 1e-19 0.61339464009 0.613135035667 0.0 0.0
10000 10000 455 310 2e-19 0.611454604232 0.611195503993 0.0 0.0
10000 10000 455 310 5e-19 0.605660606778 0.605403049285 0.0 0.0
10000 10000 455 310 7e-19 0.601819814108 0.601563309253 0.0 0.0
10000 10000 455 310 1e-18 0.596091647299 0.595836755637 0.0 0.0
10000 10000 455 310 2e-18 0.577286989764 0.577037741839 0.0 0.0
10000 10000 455 310 5e-18 0.52359773422 0.523367183985 0.0 0.0
10000 10000 455 310 7e-18 0.490103924142 0.489886657567 0.0 0.0
10000 10000 455 310 1e-17 0.443288964733 0.443091894709 0.0 0.0
10000 10000 455 310 2e-17 0.314997864943 0.314862328001 0.0 0.0
10000 10000 455 310 5e-17 0.111636700179 0.11159960015 0.0 0.0
10000 10000 455 310 7e-17 0.0567575111622 0.05674229512 0.0 0.0
10000 10000 455 310 1e-16 0.0213057112226 0.0213016224697 0.0 0.0
10000 10000 455 310 1e-15 3.61812670302e-11 3.61812660886e-11 0.0 0.0
10000 10000 455 310 1e-14 9.55164617383e-58 9.55164617383e-58 0.0 0.0
10000 10000 455 310 1e-12 0.0 0.0 0.0 0.0
10000 10000 455 310 1e-10 0.0 0.0 0.0 0.0
