10000 10000 1455 350 1e-22 0.167692879247 0.167682645206 0.167184129321 0.0
10000 10000 1455 350 1e-20 0.167642580145 0.167632351379 0.167133986446 0.0
10000 10000 1455 350 1e-19 0.167186022257 0.167175841319 0.166678846767 0.0
10000 10000 1455 350 2e-19 0.166680226006 0.166670097936 0.166174621999 0.0
10000 10000 1455 350 5e-19 0.165172202032 0.165162230854 0.164671285372 0.0
10000 10000 1455 350 7e-19 0.16417460839 0.164164740393 0.163676794139 0.0
10000 10000 1455 350 1e-18 0.162689755464 0.162680040152 0.162196561289 0.0
10000 10000 1455 350 2e-18 0.157838698897 0.157829474956 0.157360617453 0.0
10000 10000 1455 350 5e-18 0.144154949429 0.144147049785 0.143719636173 0.0
10000 10000 1455 350 7e-18 0.135713288642 0.135706160263 0.135304443964 0.0
10000 10000 1455 350 1e-17 0.123990443379 0.123984327739 0.123618431453 0.0
10000 10000 1455 350 2e-17 0.0919001810026 0.0918964848534 0.0916291079614 0.0
10000 10000 1455 350 5e-17 0.0380449595697 0.038044093858 0.0379403641073 0.0
10000 10000 1455 350 7e-17 0.0214375353302 0.0214371925497 0.0213817510393 0.0
10000 10000 1455 350 1e-16 0.00925799838046 0.00925790875499 0.00923593029569 0.0
10000 10000 1455 350 1e-15 1.6996172592e-10 1.6996172592e-10 1.69959114247e-10 0.0
10000 10000 1455 350 1e-14 1.85777334927e-57 1.85777334927e-57 1.85777334927e-57 0.0
10000 10000 1455 350 1e-12 0.0 0.0 0.0 0.0
10000 10000 1455 350 1e-10 0.0 0.0 0.0 0.0
