10000 10000 555 360 1e-22 0.65588151088 0.655722649734 0.653851077995 0.0
10000 10000 555 360 1e-20 0.65567108999 0.655512281236 0.653640917682 0.0
10000 10000 555 360 1e-19 0.653760516555 0.653602184337 0.651732730401 0.0
10000 10000 555 360 2e-19 0.651642614976 0.651484812734 0.649617516204 0.0
10000 10000 555 360 5e-19 0.64532029515 0.645164085566 0.643303480503 0.0
10000 10000 555 360 7e-19 0.641131638223 0.640976492298 0.639120525277 0.0
10000 10000 555 360 1e-18 0.634888111879 0.634734563527 0.63288580816 0.0
10000 10000 555 360 2e-18 0.614419954974 0.614271738707 0.612449058628 0.0
10000 10000 555 360 5e-18 0.556206299616 0.556073895211 0.554344268846 0.0
10000 10000 555 360 7e-18 0.520046015659 0.519923779511 0.518264682562 0.0
10000 10000 555 360 1e-17 0.469686806493 0.469578977696 0.468032467273 0.0
10000 10000 555 360 2e-17 0.332633269865 0.332564528608 0.33139505672 0.0
10000 10000 555 360 5e-17 0.117519056279 0.117503021714 0.11707257362 0.0
10000 10000 555 360 7e-17 0.0597180790466 0.0597120224985 0.0594971254299 0.0
10000 10000 555 360 1e-16 0.0223776063034 0.022376139397 0.0222993223136 0.0
10000 10000 555 360 1e-15 5.27897063876e-11 5.27897063567e-11 5.2786884993e-11 0.0
10000 10000 555 360 1e-14 8.65327533167e-58 8.65327533167e-58 8.65327533167e-58 0.0
10000 10000 555 360 1e-12 0.0 0.0 0.0 0.0
10000 10000 555 360 1e-10 0.0 0.0 0.0 0.0
