10000 10000 1105 210 1e-22 0.072892182162 0.0727883638279 0.0 0.0
10000 10000 1105 210 1e-20 0.0728702824278 0.0727664993584 0.0 0.0
10000 10000 1105 210 1e-19 0.0726715082151 0.0725680451595 0.0 0.0
10000 10000 1105 210 2e-19 0.0724513106587 0.0723482019627 0.0 0.0
10000 10000 1105 210 5e-19 0.0717948807577 0.0716928275373 0.0 0.0
10000 10000 1105 210 7e-19 0.0713607068962 0.0712593510379 0.0 0.0
10000 10000 1105 210 1e-18 0.0707145697692 0.070614250616 0.0 0.0
10000 10000 1105 210 2e-18 0.0686044574815 0.0685075145925 0.0 0.0
10000 10000 1105 210 5e-18 0.0626588007281 0.0625712917167 0.0 0.0
10000 10000 1105 210 7e-18 0.0589952205386 0.058913463415 0.0 0.0
10000 10000 1105 210 1e-17 0.0539124253182 0.0538385663725 0.0 0.0
10000 10000 1105 210 2e-17 0.0400188604305 0.0399660495652 0.0 0.0
10000 10000 1105 210 5e-17 0.0166892567211 0.0166694352071 0.0 0.0
10000 10000 1105 210 7e-17 0.00945191196721 0.00944140181017 0.0 0.0
10000 10000 1105 210 1e-16 0.00410698576178 0.00410283085442 0.0 0.0
10000 10000 1105 210 1e-15 2.27220052617e-10 2.27219497536e-10 0.0 0.0
10000 10000 1105 210 1e-14 3.58668976832e-50 3.58668976832e-50 0.0 0.0
10000 10000 1105 210 1e-12 0.0 0.0 0.0 0.0
10000 10000 1105 210 1e-10 0.0 0.0 0.0 0.0
