10000 10000 1055 270 1e-22 0.249704629925 0.249586158544 0.0 0.0
10000 10000 1055 270 1e-20 0.249623569591 0.2495051501 0.0 0.0
10000 10000 1055 270 1e-19 0.248887907536 0.248769958682 0.0 0.0
10000 10000 1055 270 2e-19 0.248073140834 0.247955712605 0.0 0.0
10000 10000 1055 270 5e-19 0.245645392378 0.24552951157 0.0 0.0
10000 10000 1055 270 7e-19 0.244040590964 0.243925729847 0.0 0.0
10000 10000 1055 270 1e-18 0.241653745694 0.241540396456 0.0 0.0
10000 10000 1055 270 2e-18 0.233870989148 0.233762530167 0.0 0.0
10000 10000 1055 270 5e-18 0.212046103167 0.21195102826 0.0 0.0
10000 10000 1055 270 7e-18 0.198680669904 0.198593544127 0.0 0.0
10000 10000 1055 270 1e-17 0.180252023847 0.18017553762 0.0 0.0
10000 10000 1055 270 2e-17 0.130669668769 0.130619817005 0.0 0.0
10000 10000 1055 270 5e-17 0.0511066868286 0.0510921737754 0.0 0.0
10000 10000 1055 270 7e-17 0.0279189404507 0.0279123390237 0.0 0.0
10000 10000 1055 270 1e-16 0.0116031878024 0.0116010791145 0.0 0.0
10000 10000 1055 270 1e-15 2.00200144154e-10 2.00200140494e-10 0.0 0.0
10000 10000 1055 270 1e-14 9.1181435976e-57 9.1181435976e-57 0.0 0.0
10000 10000 1055 270 1e-12 0.0 0.0 0.0 0.0
10000 10000 1055 270 1e-10 0.0 0.0 0.0 0.0
