10000 10000 1255 300 1e-22 0.182534724518 0.182507901378 0.0 0.0
10000 10000 1255 300 1e-20 0.182478528787 0.182451717989 0.0 0.0
10000 10000 1255 300 1e-19 0.181968485967 0.181941787104 0.0 0.0
10000 10000 1255 300 2e-19 0.181403516374 0.181376941316 0.0 0.0
10000 10000 1255 300 5e-19 0.17971956539 0.179693358191 0.0 0.0
10000 10000 1255 300 7e-19 0.178606000982 0.178580036089 0.0 0.0
10000 10000 1255 300 1e-18 0.176949135916 0.176923530142 0.0 0.0
10000 10000 1255 300 2e-18 0.171541128519 0.171516683097 0.0 0.0
10000 10000 1255 300 5e-18 0.156327575269 0.156306295061 0.0 0.0
10000 10000 1255 300 7e-18 0.14697237187 0.146952963286 0.0 0.0
10000 10000 1255 300 1e-17 0.13401894617 0.134002031316 0.0 0.0
10000 10000 1255 300 2e-17 0.0987857738461 0.0987750263831 0.0 0.0
10000 10000 1255 300 5e-17 0.0404191418339 0.0404162628576 0.0 0.0
10000 10000 1255 300 7e-17 0.022638607165 0.0226373701578 0.0 0.0
10000 10000 1255 300 1e-16 0.0096934537885 0.00969308988033 0.0 0.0
10000 10000 1255 300 1e-15 2.34769647815e-10 2.34769647807e-10 0.0 0.0
10000 10000 1255 300 1e-14 7.02935526191e-57 7.02935526191e-57 0.0 0.0
10000 10000 1255 300 1e-12 0.0 0.0 0.0 0.0
10000 10000 1255 300 1e-10 0.0 0.0 0.0 0.0
