10000 10000 905 320 1e-22 0.525602684184 0.525447945405 0.0 0.0
10000 10000 905 320 1e-20 0.525439714482 0.525285045121 0.0 0.0
10000 10000 905 320 1e-19 0.523960239179 0.523806199603 0.0 0.0
10000 10000 905 320 2e-19 0.522320742671 0.522167400149 0.0 0.0
10000 10000 905 320 5e-19 0.517429758082 0.517278489691 0.0 0.0
10000 10000 905 320 7e-19 0.514191956947 0.514042057191 0.0 0.0
10000 10000 905 320 1e-18 0.50936940425 0.509221536422 0.0 0.0
10000 10000 905 320 2e-18 0.493587924396 0.493446649925 0.0 0.0
10000 10000 905 320 5e-18 0.448889775359 0.448766690413 0.0 0.0
10000 10000 905 320 7e-18 0.421214667708 0.421102465679 0.0 0.0
10000 10000 905 320 1e-17 0.382712036172 0.382614459166 0.0 0.0
10000 10000 905 320 2e-17 0.277473095408 0.27741208791 0.0 0.0
10000 10000 905 320 5e-17 0.106108489549 0.106093555512 0.0 0.0
10000 10000 905 320 7e-17 0.0566820397639 0.0566760752778 0.0 0.0
10000 10000 905 320 1e-16 0.0227081252684 0.022706558698 0.0 0.0
10000 10000 905 320 1e-15 1.31033021709e-10 1.31033021659e-10 0.0 0.0
10000 10000 905 320 1e-14 2.94351597575e-57 2.94351597575e-57 0.0 0.0
10000 10000 905 320 1e-12 0.0 0.0 0.0 0.0
10000 10000 905 320 1e-10 0.0 0.0 0.0 0.0
