10000 10000 905 260 1e-22 0.302526568218 0.302346074922 0.0 0.0
10000 10000 905 260 1e-20 0.302428502599 0.302248081299 0.0 0.0
10000 10000 905 260 1e-19 0.301538469879 0.301358701733 0.0 0.0
10000 10000 905 260 2e-19 0.300552650693 0.300373605413 0.0 0.0
10000 10000 905 260 5e-19 0.297614709692 0.29743781507 0.0 0.0
10000 10000 905 260 7e-19 0.295672243877 0.295496768205 0.0 0.0
10000 10000 905 260 1e-18 0.292782583997 0.292609214766 0.0 0.0
10000 10000 905 260 2e-18 0.283355451704 0.283188917438 0.0 0.0
10000 10000 905 260 5e-18 0.256882896763 0.256735246788 0.0 0.0
10000 10000 905 260 7e-18 0.240648064576 0.240511763384 0.0 0.0
10000 10000 905 260 1e-17 0.218239633379 0.218118693475 0.0 0.0
10000 10000 905 260 2e-17 0.1578706673 0.157789205472 0.0 0.0
10000 10000 905 260 5e-17 0.061183060914 0.0611573864568 0.0 0.0
10000 10000 905 260 7e-17 0.0332196427787 0.0332074683079 0.0 0.0
10000 10000 905 260 1e-16 0.013691554452 0.0136874593018 0.0 0.0
10000 10000 905 260 1e-15 1.27234099941e-10 1.27234087202e-10 0.0 0.0
10000 10000 905 260 1e-14 3.60804807381e-57 3.60804807381e-57 0.0 0.0
10000 10000 905 260 1e-12 0.0 0.0 0.0 0.0
10000 10000 905 260 1e-10 0.0 0.0 0.0 0.0
