10000 10000 1155 850 1e-22 0.57771394999 0.577659995348 0.577572071656 0.577170143832
10000 10000 1155 850 1e-20 0.57748815814 0.577434264392 0.577346374701 0.576944518834
10000 10000 1155 850 1e-19 0.575439077884 0.575385734531 0.575298153904 0.574896955922
10000 10000 1155 850 2e-19 0.573169864101 0.573117125615 0.573029888294 0.572629429067
10000 10000 1155 850 5e-19 0.566409725567 0.566358760262 0.566272552027 0.56587435657
10000 10000 1155 850 7e-19 0.561942415367 0.561892598468 0.561807075389 0.561410427112
10000 10000 1155 850 1e-18 0.555300342185 0.555252198876 0.555167701774 0.55477342819
10000 10000 1155 850 2e-18 0.533665704369 0.533622738858 0.533541640454 0.533155702719
10000 10000 1155 850 5e-18 0.473289822881 0.473259247974 0.473188021398 0.472829894257
10000 10000 1155 850 7e-18 0.43663569718 0.436611303638 0.436546280203 0.436208017434
10000 10000 1155 850 1e-17 0.386668429999 0.38665102139 0.38659461011 0.386286653598
10000 10000 1155 850 2e-17 0.257225004343 0.257219277268 0.257185221864 0.256970188775
10000 10000 1155 850 5e-17 0.077007753428 0.0770075204025 0.0770007369215 0.0769376249022
10000 10000 1155 850 7e-17 0.0355765461951 0.0355765143314 0.0355742060163 0.0355466847369
10000 10000 1155 850 1e-16 0.0117651519635 0.0117651497846 0.0117646727085 0.0117564595529
10000 10000 1155 850 1e-15 1.67177031384e-12 1.67177031384e-12 1.67177029379e-12 1.67174561547e-12
10000 10000 1155 850 1e-14 1.78111822657e-80 1.78111822657e-80 1.78111822657e-80 1.78111822657e-80
10000 10000 1155 850 1e-12 0.0 0.0 0.0 0.0
10000 10000 1155 850 1e-10 0.0 0.0 0.0 0.0
