10000 10000 955 300 1e-22 0.406189261254 0.40605046915 0.0 0.0
10000 10000 955 300 1e-20 0.406057646324 0.405918916134 0.0 0.0
10000 10000 955 300 1e-19 0.40486310329 0.404724934825 0.0 0.0
10000 10000 955 300 2e-19 0.403539959204 0.403402412485 0.0 0.0
10000 10000 955 300 5e-19 0.399596458716 0.399460762201 0.0 0.0
10000 10000 955 300 7e-19 0.39698893912 0.396854463604 0.0 0.0
10000 10000 955 300 1e-18 0.393109623641 0.392976961044 0.0 0.0
10000 10000 955 300 2e-18 0.380451446478 0.380324668022 0.0 0.0
10000 10000 955 300 5e-18 0.344888353387 0.344777818459 0.0 0.0
10000 10000 955 300 7e-18 0.323068263968 0.322967454284 0.0 0.0
10000 10000 955 300 1e-17 0.292941367786 0.292853634049 0.0 0.0
10000 10000 955 300 2e-17 0.211753983302 0.211698971207 0.0 0.0
10000 10000 955 300 5e-17 0.0817929966756 0.0817792815699 0.0 0.0
10000 10000 955 300 7e-17 0.0442645587694 0.0442589537916 0.0 0.0
10000 10000 955 300 1e-16 0.0181136524019 0.0181121051916 0.0 0.0
10000 10000 955 300 1e-15 1.84302920592e-10 1.84302920434e-10 0.0 0.0
10000 10000 955 300 1e-14 3.75787961291e-57 3.75787961291e-57 0.0 0.0
10000 10000 955 300 1e-12 0.0 0.0 0.0 0.0
10000 10000 955 300 1e-10 0.0 0.0 0.0 0.0
