10000 10000 455 370 1e-22 0.573289886954 0.573180370729 0.571689590064 0.0
10000 10000 455 370 1e-20 0.573109125614 0.572999633891 0.571508955839 0.0
10000 10000 455 370 1e-19 0.571467594723 0.571358326664 0.569868599828 0.0
10000 10000 455 370 2e-19 0.56964738807 0.569538370439 0.568049738952 0.0
10000 10000 455 370 5e-19 0.564210390292 0.564102135577 0.56261702709 0.0
10000 10000 455 370 7e-19 0.560605556204 0.560497819351 0.559015251166 0.0
10000 10000 455 370 1e-18 0.555228327684 0.555121380639 0.553642898998 0.0
10000 10000 455 370 2e-18 0.537568418972 0.537464204294 0.536001561825 0.0
10000 10000 455 370 5e-18 0.487103897153 0.487008501203 0.485609753443 0.0
10000 10000 455 370 7e-18 0.455605781689 0.455516504568 0.454170027324 0.0
10000 10000 455 370 1e-17 0.41158369437 0.411503555565 0.410243887946 0.0
10000 10000 455 370 2e-17 0.291159644163 0.291106408083 0.29015029813 0.0
10000 10000 455 370 5e-17 0.101904100624 0.101890932301 0.101542713463 0.0
10000 10000 455 370 7e-17 0.0514577008029 0.051452631963 0.0512802575434 0.0
10000 10000 455 370 1e-16 0.019139575868 0.0191383296818 0.019077320367 0.0
10000 10000 455 370 1e-15 2.50788576624e-11 2.50788576527e-11 2.50769524066e-11 0.0
10000 10000 455 370 1e-14 1.05136871472e-58 1.05136871472e-58 1.05136871472e-58 0.0
10000 10000 455 370 1e-12 0.0 0.0 0.0 0.0
10000 10000 455 370 1e-10 0.0 0.0 0.0 0.0
