10000 10000 905 410 1e-22 0.65071577364 0.65065992235 0.649679099066 0.0
10000 10000 905 410 1e-20 0.650524535251 0.650468709029 0.649488018341 0.0
10000 10000 905 410 1e-19 0.648787661386 0.648732062695 0.647752584874 0.0
10000 10000 905 410 2e-19 0.646861313659 0.646805967015 0.645827852399 0.0
10000 10000 905 410 5e-19 0.641104612553 0.641050017185 0.640076087937 0.0
10000 10000 905 410 7e-19 0.637285587913 0.637231489323 0.636260427484 0.0
10000 10000 905 410 1e-18 0.631585515681 0.631532156108 0.630565506008 0.0
10000 10000 905 410 2e-18 0.612836392486 0.612785442518 0.611834377915 0.0
10000 10000 905 410 5e-18 0.558996732597 0.558952508638 0.55805448059 0.0
10000 10000 905 410 7e-18 0.525176067494 0.525135910272 0.524276690381 0.0
10000 10000 905 410 1e-17 0.477598101704 0.477563440884 0.476764882291 0.0
10000 10000 905 410 2e-17 0.345256510573 0.345235595433 0.344634697094 0.0
10000 10000 905 410 5e-17 0.12780116979 0.127796753906 0.127574923926 0.0
10000 10000 905 410 7e-17 0.066482740948 0.0664811582522 0.0663697053035 0.0
10000 10000 905 410 1e-16 0.0256367346202 0.0256363813216 0.0255961074571 0.0
10000 10000 905 410 1e-15 4.48398687703e-11 4.48398687703e-11 4.4837595835e-11 0.0
10000 10000 905 410 1e-14 7.1972276276e-59 7.1972276276e-59 7.1972276276e-59 0.0
10000 10000 905 410 1e-12 0.0 0.0 0.0 0.0
10000 10000 905 410 1e-10 0.0 0.0 0.0 0.0
