10000 10000 705 270 1e-22 0.529366498462 0.529073445751 0.0 0.0
10000 10000 705 270 1e-20 0.52920079551 0.528907846827 0.0 0.0
10000 10000 705 270 1e-19 0.527696558014 0.527404553796 0.0 0.0
10000 10000 705 270 2e-19 0.526029727712 0.525738770287 0.0 0.0
10000 10000 705 270 5e-19 0.521057861912 0.520770028313 0.0 0.0
10000 10000 705 270 7e-19 0.517767058287 0.517481293403 0.0 0.0
10000 10000 705 270 1e-18 0.512866349686 0.51258366705 0.0 0.0
10000 10000 705 270 2e-18 0.49683557065 0.496562980705 0.0 0.0
10000 10000 705 270 5e-18 0.451482158125 0.451238158977 0.0 0.0
10000 10000 705 270 7e-18 0.423436451723 0.42321011145 0.0 0.0
10000 10000 705 270 1e-17 0.384459524126 0.384257619662 0.0 0.0
10000 10000 705 270 2e-17 0.278149752806 0.278013091811 0.0 0.0
10000 10000 705 270 5e-17 0.105779824347 0.105738627785 0.0 0.0
10000 10000 705 270 7e-17 0.0563204891318 0.0563018288598 0.0 0.0
10000 10000 705 270 1e-16 0.0224683308392 0.022462472783 0.0 0.0
10000 10000 705 270 1e-15 1.36796923614e-10 1.36796917621e-10 0.0 0.0
10000 10000 705 270 1e-14 8.04237674496e-57 8.04237674496e-57 0.0 0.0
10000 10000 705 270 1e-12 0.0 0.0 0.0 0.0
10000 10000 705 270 1e-10 0.0 0.0 0.0 0.0
