10000 10000 1355 460 1e-22 0.487033688935 0.487021792807 0.486511669854 0.0
10000 10000 1355 460 1e-20 0.486882137648 0.486870248379 0.486360277409 0.0
10000 10000 1355 460 1e-19 0.48550644634 0.485494619251 0.484986028615 0.0
10000 10000 1355 460 2e-19 0.483982221045 0.48397046268 0.483463402918 0.0
10000 10000 1355 460 5e-19 0.479436731332 0.479425176858 0.478922691729 0.0
10000 10000 1355 460 7e-19 0.476428955915 0.476417535486 0.475918085005 0.0
10000 10000 1355 460 1e-18 0.471950910824 0.471939688676 0.471444767286 0.0
10000 10000 1355 460 2e-18 0.457312051046 0.457301466283 0.456821440326 0.0
10000 10000 1355 460 5e-18 0.415963273859 0.415954398992 0.415517133612 0.0
10000 10000 1355 460 7e-18 0.390432455365 0.390424568441 0.390014157615 0.0
10000 10000 1355 460 1e-17 0.354981885764 0.354975282917 0.354602644902 0.0
10000 10000 1355 460 2e-17 0.25830161923 0.25829798188 0.258030368245 0.0
10000 10000 1355 460 5e-17 0.100252221183 0.100251615141 0.10015567339 0.0
10000 10000 1355 460 7e-17 0.0540451482218 0.0540449614577 0.0539965050109 0.0
10000 10000 1355 460 1e-16 0.0218884230282 0.0218883896059 0.0218706491169 0.0
10000 10000 1355 460 1e-15 4.67274301164e-11 4.67274301164e-11 4.67268290029e-11 0.0
10000 10000 1355 460 1e-14 6.74045029197e-60 6.74045029197e-60 6.74045029197e-60 0.0
10000 10000 1355 460 1e-12 0.0 0.0 0.0 0.0
10000 10000 1355 460 1e-10 0.0 0.0 0.0 0.0
