10000 10000 705 330 1e-22 0.642645023314 0.642461359372 0.0 0.0
10000 10000 705 330 1e-20 0.642452285933 0.642268674169 0.0 0.0
10000 10000 705 330 1e-19 0.640701908052 0.640518771171 0.0 0.0
10000 10000 705 330 2e-19 0.638760814797 0.638578206673 0.0 0.0
10000 10000 705 330 5e-19 0.632961491296 0.63278047602 0.0 0.0
10000 10000 705 330 7e-19 0.629115375537 0.628935427207 0.0 0.0
10000 10000 705 330 1e-18 0.623376610304 0.623198269133 0.0 0.0
10000 10000 705 330 2e-18 0.604514693461 0.604341755194 0.0 0.0
10000 10000 705 330 5e-18 0.550469811088 0.550313216722 0.0 0.0
10000 10000 705 330 7e-18 0.516606370594 0.516460520573 0.0 0.0
10000 10000 705 330 1e-17 0.469076338235 0.468946007544 0.0 0.0
10000 10000 705 330 2e-17 0.337519330991 0.337432860541 0.0 0.0
10000 10000 705 330 5e-17 0.123658487457 0.123636352225 0.0 0.0
10000 10000 705 330 7e-17 0.0640533200514 0.064044587125 0.0 0.0
10000 10000 705 330 1e-16 0.0246193063255 0.0246170973164 0.0 0.0
10000 10000 705 330 1e-15 5.69292081224e-11 5.69292080881e-11 0.0 0.0
10000 10000 705 330 1e-14 8.48230863116e-58 8.48230863116e-58 0.0 0.0
10000 10000 705 330 1e-12 0.0 0.0 0.0 0.0
10000 10000 705 330 1e-10 0.0 0.0 0.0 0.0
