10000 10000 1155 1000 1e-22 0.461636851774 0.461636851774 0.461587635179 0.461334415824
10000 10000 1155 1000 1e-20 0.461443317023 0.461443317023 0.461394129514 0.461140970722
10000 10000 1155 1000 1e-19 0.459687389737 0.459687389737 0.459638465829 0.459385859287
10000 10000 1155 1000 2e-19 0.457743698386 0.457743698386 0.457695065672 0.457443076197
10000 10000 1155 1000 5e-19 0.451958757331 0.451958757331 0.451910987601 0.451660870271
10000 10000 1155 1000 7e-19 0.448140350589 0.448140350589 0.448093147463 0.447844294803
10000 10000 1155 1000 1e-18 0.442469622649 0.442469622649 0.442423256576 0.442176324073
10000 10000 1155 1000 2e-18 0.424052836044 0.424052836044 0.424009152284 0.423768794915
10000 10000 1155 1000 5e-18 0.373089336962 0.373089336962 0.373052790559 0.372833180885
10000 10000 1155 1000 7e-18 0.342457785535 0.342457785535 0.342425328853 0.342219856371
10000 10000 1155 1000 1e-17 0.301077111957 0.301077111957 0.301049940236 0.300865355141
10000 10000 1155 1000 2e-17 0.195980789978 0.195980789978 0.195965738338 0.195841941174
10000 10000 1155 1000 5e-17 0.0558272542516 0.0558272542516 0.0558246508866 0.055792143828
10000 10000 1155 1000 7e-17 0.0251736065639 0.0251736065639 0.0251727802645 0.0251596124452
10000 10000 1155 1000 1e-16 0.00810206090144 0.00810206090144 0.00810190702956 0.00809838834984
10000 10000 1155 1000 1e-15 7.99578365341e-13 7.99578365341e-13 7.99578365341e-13 7.99575901449e-13
10000 10000 1155 1000 1e-14 1.51316559049e-73 1.51316559049e-73 1.51316559049e-73 1.51316559049e-73
10000 10000 1155 1000 1e-12 0.0 0.0 0.0 0.0
10000 10000 1155 1000 1e-10 0.0 0.0 0.0 0.0
