10000 10000 1255 900 1e-22 0.562113728893 0.562097823389 0.562025535256 0.561660130991
10000 10000 1255 900 1e-20 0.561886665771 0.561870776498 0.561798516898 0.561433183523
10000 10000 1255 900 1e-19 0.559826253543 0.559810511059 0.559738510794 0.5593738252
10000 10000 1255 900 2e-19 0.557544921342 0.557529340366 0.557457628119 0.557093669192
10000 10000 1255 900 5e-19 0.55075136823 0.550736261893 0.550665412688 0.550303675915
10000 10000 1255 900 7e-19 0.546264187273 0.546249389293 0.546179114435 0.545818892735
10000 10000 1255 900 1e-18 0.53959582791 0.53958148069 0.539512065502 0.539154163975
10000 10000 1255 900 2e-18 0.517902681798 0.517889740166 0.517823169618 0.51747337004
10000 10000 1255 900 5e-18 0.457585869055 0.457576369842 0.457518036124 0.45719493629
10000 10000 1255 900 7e-18 0.421131083353 0.421123353262 0.421070176941 0.42076593523
10000 10000 1255 900 1e-17 0.371642377637 0.371636702426 0.371590663903 0.371314947156
10000 10000 1255 900 2e-17 0.244647433165 0.244645404604 0.244617772153 0.244428093341
10000 10000 1255 900 5e-17 0.0715775650813 0.0715774704819 0.0715720130459 0.0715185555657
10000 10000 1255 900 7e-17 0.0327464260741 0.0327464133627 0.0327445572224 0.0327218029879
10000 10000 1255 900 1e-16 0.0107375829643 0.010737582253 0.0107371985229 0.0107306222655
10000 10000 1255 900 1e-15 1.17019879701e-12 1.17019879701e-12 1.170198797e-12 1.17018486224e-12
10000 10000 1255 900 1e-14 2.48491703845e-80 2.48491703845e-80 2.48491703845e-80 2.48491703845e-80
10000 10000 1255 900 1e-12 0.0 0.0 0.0 0.0
10000 10000 1255 900 1e-10 0.0 0.0 0.0 0.0
