10000 10000 1355 1350 1e-22 0.275067288402 0.275067288402 0.275067288402 0.274953103797
10000 10000 1355 1350 1e-20 0.27492716154 0.27492716154 0.27492716154 0.274813033735
10000 10000 1355 1350 1e-19 0.273656906964 0.273656906964 0.273656906964 0.273543294833
10000 10000 1355 1350 2e-19 0.272253141933 0.272253141933 0.272253141933 0.2721401013
10000 10000 1355 1350 5e-19 0.268089515064 0.268089515064 0.268089515064 0.267978179457
10000 10000 1355 1350 7e-19 0.265352969473 0.265352969473 0.265352969473 0.265242762487
10000 10000 1355 1350 1e-18 0.261305942249 0.261305942249 0.261305942249 0.261197415781
10000 10000 1355 1350 2e-18 0.24830075313 0.24830075313 0.24830075313 0.24819771622
10000 10000 1355 1350 5e-18 0.213373767371 0.213373767371 0.213373767371 0.213286078348
10000 10000 1355 1350 7e-18 0.193095851327 0.193095851327 0.193095851327 0.193017407726
10000 10000 1355 1350 1e-17 0.166509162681 0.166509162681 0.166509162681 0.166443099013
10000 10000 1355 1350 2e-17 0.102902554979 0.102902554979 0.102902554979 0.102866285874
10000 10000 1355 1350 5e-17 0.0265885994435 0.0265885994435 0.0265885994435 0.0265831104622
10000 10000 1355 1350 7e-17 0.0114498632778 0.0114498632778 0.0114498632778 0.0114483079505
10000 10000 1355 1350 1e-16 0.00346853841722 0.00346853841722 0.00346853841722 0.0034682940877
10000 10000 1355 1350 1e-15 4.76265773787e-14 4.76265773787e-14 4.76265773787e-14 4.76265773782e-14
10000 10000 1355 1350 1e-14 3.16831309517e-102 3.16831309517e-102 3.16831309517e-102 3.16831309517e-102
10000 10000 1355 1350 1e-12 0.0 0.0 0.0 0.0
10000 10000 1355 1350 1e-10 0.0 0.0 0.0 0.0
