10000 10000 655 330 1e-22 0.635978220383 0.63575380433 0.0 0.0
10000 10000 655 330 1e-20 0.635778547976 0.635554202772 0.0 0.0
10000 10000 655 330 1e-19 0.633965525032 0.63374182421 0.0 0.0
10000 10000 655 330 2e-19 0.631955667946 0.631732683727 0.0 0.0
10000 10000 655 330 5e-19 0.625955295812 0.625734464849 0.0 0.0
10000 10000 655 330 7e-19 0.621979442364 0.621760049302 0.0 0.0
10000 10000 655 330 1e-18 0.616052366512 0.615835132976 0.0 0.0
10000 10000 655 330 2e-18 0.596615013915 0.596404988038 0.0 0.0
10000 10000 655 330 5e-18 0.54127027975 0.541081652841 0.0 0.0
10000 10000 655 330 7e-18 0.506837738678 0.506662913951 0.0 0.0
10000 10000 655 330 1e-17 0.458802653625 0.458647468231 0.0 0.0
10000 10000 655 330 2e-17 0.327457117453 0.327355938598 0.0 0.0
10000 10000 655 330 5e-17 0.118351854348 0.118326642645 0.0 0.0
10000 10000 655 330 7e-17 0.0610050471932 0.0609951698758 0.0 0.0
10000 10000 655 330 1e-16 0.0233342256273 0.0233317323919 0.0 0.0
10000 10000 655 330 1e-15 6.86975947187e-11 6.86975946537e-11 0.0 0.0
10000 10000 655 330 1e-14 1.10442600566e-57 1.10442600566e-57 0.0 0.0
10000 10000 655 330 1e-12 0.0 0.0 0.0 0.0
10000 10000 655 330 1e-10 0.0 0.0 0.0 0.0
