10000 10000 1355 750 1e-22 0.676468127818 0.676330231194 0.676224968453 0.675711690958
10000 10000 1355 750 1e-20 0.676235139953 0.676097373771 0.675992128566 0.675478886491
10000 10000 1355 750 1e-19 0.674119851644 0.673983265565 0.673878181172 0.673365268136
10000 10000 1355 750 2e-19 0.671775419292 0.671640132377 0.671535229586 0.671022696871
10000 10000 1355 750 5e-19 0.664779404515 0.66464794015 0.664543600018 0.664032298935
10000 10000 1355 750 7e-19 0.66014655301 0.660017575782 0.659913625043 0.659403218288
10000 10000 1355 750 1e-18 0.653244174707 0.653118838729 0.653015492369 0.652506532453
10000 10000 1355 750 2e-18 0.630644769476 0.630530832876 0.63042965946 0.629926365834
10000 10000 1355 750 5e-18 0.566639845027 0.566554173202 0.566460583266 0.565980461618
10000 10000 1355 750 7e-18 0.527113235952 0.527042339214 0.526954321338 0.526493236458
10000 10000 1355 750 1e-17 0.472408441922 0.472355009432 0.472275589343 0.471846078287
10000 10000 1355 750 2e-17 0.326016621366 0.325995606778 0.325942495994 0.325622199631
10000 10000 1355 750 5e-17 0.10721107748 0.107209699134 0.107196715162 0.107086672911
10000 10000 1355 750 7e-17 0.0522944461821 0.0522942107511 0.0522892914857 0.0522367123464
10000 10000 1355 750 1e-16 0.0185919020326 0.0185918845195 0.0185907101451 0.0185729191149
10000 10000 1355 750 1e-15 3.52688278886e-12 3.52688278886e-12 3.52688247165e-12 3.52646713506e-12
10000 10000 1355 750 1e-14 6.76694191704e-77 6.76694191704e-77 6.76694191704e-77 6.76694191704e-77
10000 10000 1355 750 1e-12 0.0 0.0 0.0 0.0
10000 10000 1355 750 1e-10 0.0 0.0 0.0 0.0
