10000 10000 1105 180 1e-22 0.0264556601609 0.0263953222933 0.0 0.0
10000 10000 1105 180 1e-20 0.0264479538185 0.0263876358536 0.0 0.0
10000 10000 1105 180 1e-19 0.0263780057305 0.0263178683703 0.0 0.0
10000 10000 1105 180 2e-19 0.0263005166565 0.0262405792752 0.0 0.0
10000 10000 1105 180 5e-19 0.0260695004762 0.0260101586825 0.0 0.0
10000 10000 1105 180 7e-19 0.0259166907233 0.0258577423931 0.0 0.0
10000 10000 1105 180 1e-18 0.0256892614462 0.0256308979765 0.0 0.0
10000 10000 1105 180 2e-18 0.0249463780392 0.0248899187866 0.0 0.0
10000 10000 1105 180 5e-18 0.0228515936254 0.0228004518099 0.0 0.0
10000 10000 1105 180 7e-18 0.0215594109871 0.0215115098592 0.0 0.0
10000 10000 1105 180 1e-17 0.0197643538063 0.0197209027707 0.0 0.0
10000 10000 1105 180 2e-17 0.0148378210838 0.0148062533942 0.0 0.0
10000 10000 1105 180 5e-17 0.00642886750077 0.00641626393758 0.0 0.0
10000 10000 1105 180 7e-17 0.00374003636877 0.00373303413294 0.0 0.0
10000 10000 1105 180 1e-16 0.00169149165632 0.00168851910101 0.0 0.0
10000 10000 1105 180 1e-15 6.51555608181e-10 6.51554401457e-10 0.0 0.0
10000 10000 1105 180 1e-14 7.42050464246e-45 7.42050464246e-45 0.0 0.0
10000 10000 1105 180 1e-12 0.0 0.0 0.0 0.0
10000 10000 1105 180 1e-10 0.0 0.0 0.0 0.0
