10000 10000 805 270 1e-22 0.426604263752 0.426356042625 0.0 0.0
10000 10000 805 270 1e-20 0.42646527142 0.426217148955 0.0 0.0
10000 10000 805 270 1e-19 0.425203741212 0.424956514116 0.0 0.0
10000 10000 805 270 2e-19 0.423806336487 0.423560100955 0.0 0.0
10000 10000 805 270 5e-19 0.419641128685 0.419397847101 0.0 0.0
10000 10000 805 270 7e-19 0.416886703343 0.41664537382 0.0 0.0
10000 10000 805 270 1e-18 0.412788384747 0.41254995756 0.0 0.0
10000 10000 805 270 2e-18 0.399412041454 0.399183067274 0.0 0.0
10000 10000 805 270 5e-18 0.361805497282 0.361602892445 0.0 0.0
10000 10000 805 270 7e-18 0.338716452003 0.338529841385 0.0 0.0
10000 10000 805 270 1e-17 0.306824986597 0.30666015215 0.0 0.0
10000 10000 805 270 2e-17 0.220882804266 0.220774157116 0.0 0.0
10000 10000 805 270 5e-17 0.0840101948325 0.0839787365356 0.0 0.0
10000 10000 805 270 7e-17 0.0450068220668 0.0449926943468 0.0 0.0
10000 10000 805 270 1e-16 0.0181885823775 0.0181841526162 0.0 0.0
10000 10000 805 270 1e-15 1.12017484151e-10 1.12017481205e-10 0.0 0.0
10000 10000 805 270 1e-14 6.59127179229e-57 6.59127179229e-57 0.0 0.0
10000 10000 805 270 1e-12 0.0 0.0 0.0 0.0
10000 10000 805 270 1e-10 0.0 0.0 0.0 0.0
