10000 10000 1055 210 1e-22 0.0902395199002 0.0901259660775 0.0 0.0
10000 10000 1055 210 1e-20 0.0902108712175 0.0900973587785 0.0 0.0
10000 10000 1055 210 1e-19 0.0899508843006 0.0898377473111 0.0 0.0
10000 10000 1055 210 2e-19 0.0896629702999 0.089550248863 0.0 0.0
10000 10000 1055 210 5e-19 0.0888052544969 0.0886937696038 0.0 0.0
10000 10000 1055 210 7e-19 0.0882384261361 0.088127757255 0.0 0.0
10000 10000 1055 210 1e-18 0.0873955783682 0.0872861211324 0.0 0.0
10000 10000 1055 210 2e-18 0.0846489247149 0.0845434015067 0.0 0.0
10000 10000 1055 210 5e-18 0.0769576134519 0.0768629858465 0.0 0.0
10000 10000 1055 210 7e-18 0.0722532742519 0.0721652201659 0.0 0.0
10000 10000 1055 210 1e-17 0.0657700439086 0.0656909309551 0.0 0.0
10000 10000 1055 210 2e-17 0.048301862328 0.0482461020759 0.0 0.0
10000 10000 1055 210 5e-17 0.0197845907029 0.0197641017871 0.0 0.0
10000 10000 1055 210 7e-17 0.0111450555499 0.0111342500884 0.0 0.0
10000 10000 1055 210 1e-16 0.00482902197788 0.00482476312082 0.0 0.0
10000 10000 1055 210 1e-15 1.38638939176e-10 1.38637940194e-10 0.0 0.0
10000 10000 1055 210 1e-14 4.30951687931e-54 4.30951687931e-54 0.0 0.0
10000 10000 1055 210 1e-12 0.0 0.0 0.0 0.0
10000 10000 1055 210 1e-10 0.0 0.0 0.0 0.0
