10000 10000 955 420 1e-22 0.645042753143 0.645002025887 0.644099063092 0.0
10000 10000 955 420 1e-20 0.644845554055 0.644804843951 0.643902024343 0.0
10000 10000 955 420 1e-19 0.643054951915 0.643014397565 0.64211288522 0.0
10000 10000 955 420 2e-19 0.641069870928 0.641029489265 0.640129441042 0.0
10000 10000 955 420 5e-19 0.635142955987 0.635103089978 0.634207505337 0.0
10000 10000 955 420 7e-19 0.631215335672 0.631175811389 0.630283259725 0.0
10000 10000 955 420 1e-18 0.625359478753 0.625320463917 0.624432543528 0.0
10000 10000 955 420 2e-18 0.60614939195 0.606112046955 0.605240210218 0.0
10000 10000 955 420 5e-18 0.551386918814 0.551354300291 0.550535213607 0.0
10000 10000 955 420 7e-18 0.51725624913 0.517226530453 0.516444941759 0.0
10000 10000 955 420 1e-17 0.469545564965 0.469519810215 0.468795801539 0.0
10000 10000 955 420 2e-17 0.338318313396 0.33830266274 0.337761874675 0.0
10000 10000 955 420 5e-17 0.125528428226 0.125525161624 0.125328009283 0.0
10000 10000 955 420 7e-17 0.0656360368546 0.0656348932592 0.0655365704757 0.0
10000 10000 955 420 1e-16 0.0255253047973 0.0255250623134 0.0254899301744 0.0
10000 10000 955 420 1e-15 4.27851197325e-11 4.27851197325e-11 4.278366076e-11 0.0
10000 10000 955 420 1e-14 1.81390249377e-58 1.81390249377e-58 1.81390249377e-58 0.0
10000 10000 955 420 1e-12 0.0 0.0 0.0 0.0
10000 10000 955 420 1e-10 0.0 0.0 0.0 0.0
