10000 10000 455 330 1e-22 0.609743754351 0.609531754352 0.0 0.0
10000 10000 455 330 1e-20 0.609550018319 0.609338064122 0.0 0.0
10000 10000 455 330 1e-19 0.60779085707 0.607579321089 0.0 0.0
10000 10000 455 330 2e-19 0.60584062537 0.605629557865 0.0 0.0
10000 10000 455 330 5e-19 0.600017759315 0.599808120324 0.0 0.0
10000 10000 455 330 7e-19 0.596159126791 0.595950458522 0.0 0.0
10000 10000 455 330 1e-18 0.590406256653 0.590199070366 0.0 0.0
10000 10000 455 330 2e-18 0.571536250117 0.571334202731 0.0 0.0
10000 10000 455 330 5e-18 0.517787473928 0.517602100343 0.0 0.0
10000 10000 455 330 7e-18 0.484346473253 0.484172722373 0.0 0.0
10000 10000 455 330 1e-17 0.437713217713 0.437556883814 0.0 0.0
10000 10000 455 330 2e-17 0.310497476019 0.310392750077 0.0 0.0
10000 10000 455 330 5e-17 0.110127223468 0.110100548484 0.0 0.0
10000 10000 455 330 7e-17 0.0561297339217 0.056119240595 0.0 0.0
10000 10000 455 330 1e-16 0.0211478101377 0.0211451410261 0.0 0.0
10000 10000 455 330 1e-15 3.97240505885e-11 3.97240504798e-11 0.0 0.0
10000 10000 455 330 1e-14 1.75205160391e-57 1.75205160391e-57 0.0 0.0
10000 10000 455 330 1e-12 0.0 0.0 0.0 0.0
10000 10000 455 330 1e-10 0.0 0.0 0.0 0.0
