10000 10000 2955 2600 1e-22 0.00778907332243 0.00778907332243 0.00778907332243 0.00778907332243
10000 10000 2955 2600 1e-20 0.00778359744471 0.00778359744471 0.00778359744471 0.00778359744471
10000 10000 2955 2600 1e-19 0.0077340146739 0.0077340146739 0.0077340146739 0.0077340146739
10000 10000 2955 2600 2e-19 0.00767933842623 0.00767933842623 0.00767933842623 0.00767933842623
10000 10000 2955 2600 5e-19 0.00751789613247 0.00751789613247 0.00751789613247 0.00751789613247
10000 10000 2955 2600 7e-19 0.00741238409062 0.00741238409062 0.00741238409062 0.00741238409062
10000 10000 2955 2600 1e-18 0.00725721367374 0.00725721367374 0.00725721367374 0.00725721367374
10000 10000 2955 2600 2e-18 0.00676563834209 0.00676563834209 0.00676563834209 0.00676563834209
10000 10000 2955 2600 5e-18 0.00549977126474 0.00549977126474 0.00549977126474 0.00549977126474
10000 10000 2955 2600 7e-18 0.00480213435834 0.00480213435834 0.00480213435834 0.00480213435834
10000 10000 2955 2600 1e-17 0.00393061262986 0.00393061262986 0.00393061262986 0.00393061262986
10000 10000 2955 2600 2e-17 0.00206059631428 0.00206059631428 0.00206059631428 0.00206059631428
10000 10000 2955 2600 5e-17 0.000333084497179 0.000333084497179 0.000333084497179 0.000333084497179
10000 10000 2955 2600 7e-17 0.000104436300555 0.000104436300555 0.000104436300555 0.000104436300555
10000 10000 2955 2600 1e-16 1.94344304956e-05 1.94344304956e-05 1.94344304956e-05 1.94344304956e-05
10000 10000 2955 2600 1e-15 2.01639830588e-22 2.01639830588e-22 2.01639830588e-22 2.01639830588e-22
10000 10000 2955 2600 1e-14 1.90657049595e-180 1.90657049595e-180 1.90657049595e-180 1.90657049595e-180
10000 10000 2955 2600 1e-12 0.0 0.0 0.0 0.0
10000 10000 2955 2600 1e-10 0.0 0.0 0.0 0.0
