10000 10000 655 450 1e-22 0.650773085353 0.650733697376 0.649945570166 0.0
10000 10000 655 450 1e-20 0.650564471409 0.650525094799 0.649737024876 0.0
10000 10000 655 450 1e-19 0.648670035309 0.648630762343 0.647843223855 0.0
10000 10000 655 450 2e-19 0.646569459358 0.646530302174 0.645743376447 0.0
10000 10000 655 450 5e-19 0.640295402341 0.640256596251 0.639471645988 0.0
10000 10000 655 450 7e-19 0.636135930688 0.636097361596 0.635313839113 0.0
10000 10000 655 450 1e-18 0.62993190153 0.629893691984 0.629112470526 0.0
10000 10000 655 450 2e-18 0.60956143093 0.609524449501 0.608752173707 0.0
10000 10000 655 450 5e-18 0.551398822105 0.551365677368 0.550629563978 0.0
10000 10000 655 450 7e-18 0.515138372376 0.515107802734 0.514401205914 0.0
10000 10000 655 450 1e-17 0.464526352031 0.464499521656 0.463841718852 0.0
10000 10000 655 450 2e-17 0.326582679441 0.326566209398 0.326076499918 0.0
10000 10000 655 450 5e-17 0.112233960936 0.112230828382 0.112063158543 0.0
10000 10000 655 450 7e-17 0.0560414832887 0.0560404881271 0.0559604851583 0.0
10000 10000 655 450 1e-16 0.020525339361 0.0205251594927 0.0204981322172 0.0
10000 10000 655 450 1e-15 2.06834604771e-11 2.06834604771e-11 2.06830307156e-11 0.0
10000 10000 655 450 1e-14 5.65135197306e-62 5.65135197306e-62 5.65135197306e-62 0.0
10000 10000 655 450 1e-12 0.0 0.0 0.0 0.0
10000 10000 655 450 1e-10 0.0 0.0 0.0 0.0
