10000 10000 1155 450 1e-22 0.58018185166 0.580159036842 0.579498064118 0.0
10000 10000 1155 450 1e-20 0.580002459962 0.579979658884 0.57931885469 0.0
10000 10000 1155 450 1e-19 0.578373827571 0.578351151018 0.577691878997 0.0
10000 10000 1155 450 2e-19 0.576568884577 0.576546345591 0.57588877611 0.0
10000 10000 1155 450 5e-19 0.571183365358 0.571161234105 0.570508772463 0.0
10000 10000 1155 450 7e-19 0.567617391976 0.567595528455 0.566946471637 0.0
10000 10000 1155 450 1e-18 0.562304883088 0.562283415122 0.561639463812 0.0
10000 10000 1155 450 2e-18 0.544910556621 0.544890356324 0.544263391102 0.0
10000 10000 1155 450 5e-18 0.495569924556 0.495553095638 0.494976397268 0.0
10000 10000 1155 450 7e-18 0.464969997006 0.464955096236 0.464410965716 0.0
10000 10000 1155 450 1e-17 0.422342136995 0.422329720303 0.42183250384 0.0
10000 10000 1155 450 2e-17 0.305580805591 0.305574028311 0.305212521088 0.0
10000 10000 1155 450 5e-17 0.115480309008 0.115479165793 0.115349321133 0.0
10000 10000 1155 450 7e-17 0.061080859027 0.0610804975947 0.0610154103045 0.0
10000 10000 1155 450 1e-16 0.0240981648534 0.0240980974072 0.0240745898928 0.0
10000 10000 1155 450 1e-15 4.24565317421e-11 4.24565317421e-11 4.24559570245e-11 0.0
10000 10000 1155 450 1e-14 1.3908489814e-58 1.3908489814e-58 1.3908489814e-58 0.0
10000 10000 1155 450 1e-12 0.0 0.0 0.0 0.0
10000 10000 1155 450 1e-10 0.0 0.0 0.0 0.0
