10000 10000 1305 430 1e-22 0.46875231472 0.468741469789 0.468147918665 0.0
10000 10000 1305 430 1e-20 0.468605768163 0.468594929037 0.468001546481 0.0
10000 10000 1305 430 1e-19 0.467275536906 0.467264750415 0.46667289912 0.0
10000 10000 1305 430 2e-19 0.465801743117 0.465791014813 0.46520086241 0.0
10000 10000 1305 430 5e-19 0.461407038199 0.4613964826 0.460811410836 0.0
10000 10000 1305 430 7e-19 0.458499354715 0.45848891272 0.457907214491 0.0
10000 10000 1305 430 1e-18 0.454170788233 0.454160514381 0.453583855745 0.0
10000 10000 1305 430 2e-18 0.440024293729 0.440014561222 0.439454516165 0.0
10000 10000 1305 430 5e-18 0.400094416531 0.400086144077 0.399574109881 0.0
10000 10000 1305 430 7e-18 0.375458128525 0.37545070635 0.374969050759 0.0
10000 10000 1305 430 1e-17 0.341269690564 0.341263383428 0.340824733659 0.0
10000 10000 1305 430 2e-17 0.248126893631 0.248123228714 0.247805705056 0.0
10000 10000 1305 430 5e-17 0.0961096034808 0.0961088775817 0.0959937108805 0.0
10000 10000 1305 430 7e-17 0.0517499033335 0.0517496526665 0.0516913442002 0.0
10000 10000 1305 430 1e-16 0.0209295945792 0.0209295420247 0.0209082042613 0.0
10000 10000 1305 430 1e-15 4.92241631803e-11 4.92241631803e-11 4.92235119304e-11 0.0
10000 10000 1305 430 1e-14 1.37306695828e-58 1.37306695828e-58 1.37306695828e-58 0.0
10000 10000 1305 430 1e-12 0.0 0.0 0.0 0.0
10000 10000 1305 430 1e-10 0.0 0.0 0.0 0.0
