10000 10000 555 550 1e-22 0.577908187485 0.577899865297 0.57754058203 0.576393603704
10000 10000 555 550 1e-20 0.577738374757 0.577730056332 0.577370726134 0.576223645021
10000 10000 555 550 1e-19 0.576195466982 0.576187182737 0.575827436101 0.574679445488
10000 10000 555 550 2e-19 0.574482934931 0.574474688575 0.574114500619 0.57296555166
10000 10000 555 550 5e-19 0.569357160151 0.569349026895 0.568987647015 0.567836145794
10000 10000 555 550 7e-19 0.565950215475 0.565942157138 0.565580089621 0.564427148891
10000 10000 555 550 1e-18 0.560855903182 0.560847956492 0.560485012045 0.559330291432
10000 10000 555 550 2e-18 0.544025710739 0.544018129637 0.543653509754 0.542495933551
10000 10000 555 550 5e-18 0.495174744349 0.495168195158 0.494807938443 0.493665269983
10000 10000 555 550 7e-18 0.464189555218 0.464183636819 0.463832056965 0.462714065283
10000 10000 555 550 1e-17 0.420352333004 0.420347273058 0.420014218438 0.418947845289
10000 10000 555 550 2e-17 0.298056147459 0.298053239602 0.297799670002 0.296957515766
10000 10000 555 550 5e-17 0.10261512966 0.102614650759 0.102531095458 0.102211381115
10000 10000 555 550 7e-17 0.0509353838792 0.0509352453668 0.0508972485529 0.0507374180397
10000 10000 555 550 1e-16 0.0184423961401 0.01844237467 0.0184304954568 0.018373392466
10000 10000 555 550 1e-15 1.14774421872e-11 1.14774421872e-11 1.14774153515e-11 1.14604498303e-11
10000 10000 555 550 1e-14 1.12437336732e-60 1.12437336732e-60 1.12437336732e-60 1.12437336732e-60
10000 10000 555 550 1e-12 0.0 0.0 0.0 0.0
10000 10000 555 550 1e-10 0.0 0.0 0.0 0.0
