10000 10000 905 270 1e-22 0.369449457054 0.369271024109 0.0 0.0
10000 10000 905 270 1e-20 0.369330454646 0.369152095943 0.0 0.0
10000 10000 905 270 1e-19 0.368250377053 0.368072691875 0.0 0.0
10000 10000 905 270 2e-19 0.367054007897 0.366877068129 0.0 0.0
10000 10000 905 270 5e-19 0.363488261442 0.363313539377 0.0 0.0
10000 10000 905 270 7e-19 0.361130447526 0.360957188606 0.0 0.0
10000 10000 905 270 1e-18 0.357622518967 0.357451432006 0.0 0.0
10000 10000 905 270 2e-18 0.346175199223 0.346011158567 0.0 0.0
10000 10000 905 270 5e-18 0.314004746911 0.313860153372 0.0 0.0
10000 10000 905 270 7e-18 0.29425818191 0.294125249271 0.0 0.0
10000 10000 905 270 1e-17 0.266981922868 0.266864724581 0.0 0.0
10000 10000 905 270 2e-17 0.193383385828 0.193306195105 0.0 0.0
10000 10000 905 270 5e-17 0.0751136809705 0.0750908958595 0.0 0.0
10000 10000 905 270 7e-17 0.0407855487572 0.0407751570098 0.0 0.0
10000 10000 905 270 1e-16 0.0167772870505 0.0167739704925 0.0 0.0
10000 10000 905 270 1e-15 2.05763770298e-10 2.05763767164e-10 0.0 0.0
10000 10000 905 270 1e-14 1.25481178555e-56 1.25481178555e-56 0.0 0.0
10000 10000 905 270 1e-12 0.0 0.0 0.0 0.0
10000 10000 905 270 1e-10 0.0 0.0 0.0 0.0
