10000 10000 2955 1500 1e-22 0.255504146567 0.255504146567 0.255504146567 0.25548352564
10000 10000 2955 1500 1e-20 0.255376213711 0.255376213711 0.255376213711 0.255355603192
10000 10000 2955 1500 1e-19 0.254216666439 0.254216666439 0.254216666439 0.254196150275
10000 10000 2955 1500 2e-19 0.252935596535 0.252935596535 0.252935596535 0.252915184663
10000 10000 2955 1500 5e-19 0.249138052151 0.249138052151 0.249138052151 0.249117949757
10000 10000 2955 1500 7e-19 0.246643866638 0.246643866638 0.246643866638 0.246623967761
10000 10000 2955 1500 1e-18 0.242957787619 0.242957787619 0.242957787619 0.242938189881
10000 10000 2955 1500 2e-18 0.231132558191 0.231132558191 0.231132558191 0.231113929463
10000 10000 2955 1500 5e-18 0.199515937112 0.199515937112 0.199515937112 0.199499920271
10000 10000 2955 1500 7e-18 0.181241937511 0.181241937511 0.181241937511 0.18122744316
10000 10000 2955 1500 1e-17 0.157347855623 0.157347855623 0.157347855623 0.157335363796
10000 10000 2955 1500 2e-17 0.100169452424 0.100169452424 0.100169452424 0.100161777163
10000 10000 2955 1500 5e-17 0.0289997411247 0.0289997411247 0.0289997411247 0.0289978570775
10000 10000 2955 1500 7e-17 0.0134166957312 0.0134166957312 0.0134166957312 0.0134159335015
10000 10000 2955 1500 1e-16 0.00443779377777 0.00443779377777 0.00443779377777 0.00443759194126
10000 10000 2955 1500 1e-15 5.01664673919e-14 5.01664673919e-14 5.01664673919e-14 5.0166467386e-14
10000 10000 2955 1500 1e-14 1.25436404583e-90 1.25436404583e-90 1.25436404583e-90 1.25436404583e-90
10000 10000 2955 1500 1e-12 0.0 0.0 0.0 0.0
10000 10000 2955 1500 1e-10 0.0 0.0 0.0 0.0
