10000 10000 755 500 1e-22 0.694342049035 0.694321033448 0.693679975093 0.691183880896
10000 10000 755 500 1e-20 0.694114402916 0.694093393795 0.693452403102 0.690956770825
10000 10000 755 500 1e-19 0.692047300385 0.692026350216 0.691385982763 0.688894564076
10000 10000 755 500 2e-19 0.689755617882 0.689734733582 0.689095075591 0.686608368521
10000 10000 755 500 5e-19 0.682912921336 0.682892236824 0.682254811537 0.679782421713
10000 10000 755 500 7e-19 0.678378230881 0.678357681267 0.677721828496 0.675259129362
10000 10000 755 500 1e-18 0.671617133171 0.671596788237 0.6709634147 0.668515458454
10000 10000 755 500 2e-18 0.649438848005 0.649419202216 0.648795050508 0.646397846335
10000 10000 755 500 5e-18 0.586284015991 0.586266549229 0.585676912066 0.583442580196
10000 10000 755 500 7e-18 0.547030003014 0.547013990734 0.546451165776 0.544330214361
10000 10000 755 500 1e-17 0.492382161235 0.492368245382 0.491848484532 0.489898761073
10000 10000 755 500 2e-17 0.344239794989 0.34423156005 0.343854026407 0.342431571643
10000 10000 755 500 5e-17 0.116631017747 0.116629630543 0.116508206258 0.116014439685
10000 10000 755 500 7e-17 0.0577727707028 0.0577723657164 0.0577164222502 0.0574743550193
10000 10000 755 500 1e-16 0.0209512073224 0.0209511432346 0.0209330638578 0.0208474577012
10000 10000 755 500 1e-15 1.25071234753e-11 1.25071234753e-11 1.25069241325e-11 1.24984016133e-11
10000 10000 755 500 1e-14 1.31413232717e-59 1.31413232717e-59 1.31413232717e-59 1.31413232717e-59
10000 10000 755 500 1e-12 0.0 0.0 0.0 0.0
10000 10000 755 500 1e-10 0.0 0.0 0.0 0.0
