10000 10000 1455 360 1e-22 0.207462414126 0.207442889951 0.206917365343 0.0
10000 10000 1455 360 1e-20 0.20739853616 0.207379025487 0.20685367476 0.0
10000 10000 1455 360 1e-19 0.206818771137 0.206799382728 0.206275609955 0.0
10000 10000 1455 360 2e-19 0.206176577555 0.206157324011 0.205635298623 0.0
10000 10000 1455 360 5e-19 0.204262493206 0.204243638108 0.203726817879 0.0
10000 10000 1455 360 7e-19 0.202996779037 0.202978184531 0.202464803821 0.0
10000 10000 1455 360 1e-18 0.201113578889 0.201095367878 0.200587101043 0.0
10000 10000 1455 360 2e-18 0.194967192589 0.194950198358 0.194458591916 0.0
10000 10000 1455 360 5e-18 0.17767919797 0.177665347471 0.177220352129 0.0
10000 10000 1455 360 7e-18 0.167049993741 0.167037879475 0.166621357195 0.0
10000 10000 1455 360 1e-17 0.152334009113 0.152324063534 0.151946724366 0.0
10000 10000 1455 360 2e-17 0.112309843827 0.112304527295 0.112032275582 0.0
10000 10000 1455 360 5e-17 0.0459847625639 0.0459837190989 0.0458794211258 0.0
10000 10000 1455 360 7e-17 0.025766299799 0.0257658916464 0.0257101633842 0.0
10000 10000 1455 360 1e-16 0.0110395585889 0.0110394465819 0.0110173156857 0.0
10000 10000 1455 360 1e-15 1.42841102929e-10 1.42841102929e-10 1.42839694453e-10 0.0
10000 10000 1455 360 1e-14 4.91231805889e-57 4.91231805889e-57 4.91231805889e-57 0.0
10000 10000 1455 360 1e-12 0.0 0.0 0.0 0.0
10000 10000 1455 360 1e-10 0.0 0.0 0.0 0.0
