10000 10000 955 400 1e-22 0.622710169177 0.622658284022 0.621549012302 0.0
10000 10000 955 400 1e-20 0.622518068737 0.622466206801 0.621357193043 0.0
10000 10000 955 400 1e-19 0.620773896162 0.620722244934 0.61961557812 0.0
10000 10000 955 400 2e-19 0.618840565914 0.618789148005 0.617685092693 0.0
10000 10000 955 400 5e-19 0.613069883471 0.613019160465 0.611922962135 0.0
10000 10000 955 400 7e-19 0.60924719019 0.609196926246 0.608105983213 0.0
10000 10000 955 400 1e-18 0.603549794756 0.603500213105 0.602417176217 0.0
10000 10000 955 400 2e-18 0.584875860108 0.584828498374 0.583771973909 0.0
10000 10000 955 400 5e-18 0.531764730756 0.531723535635 0.530747038212 0.0
10000 10000 955 400 7e-18 0.498742056835 0.498704576247 0.497780916631 0.0
10000 10000 955 400 1e-17 0.452662432586 0.452629965834 0.451783443483 0.0
10000 10000 955 400 2e-17 0.326262104446 0.326242218031 0.325623301755 0.0
10000 10000 955 400 5e-17 0.121561568043 0.121557178972 0.121333588156 0.0
10000 10000 955 400 7e-17 0.0637731359328 0.0637715324051 0.0636589180684 0.0
10000 10000 955 400 1e-16 0.0249197424287 0.0249193798102 0.0248782631555 0.0
10000 10000 955 400 1e-15 5.0767691355e-11 5.07676913543e-11 5.07652141894e-11 0.0
10000 10000 955 400 1e-14 4.09547221947e-58 4.09547221947e-58 4.09547221947e-58 0.0
10000 10000 955 400 1e-12 0.0 0.0 0.0 0.0
10000 10000 955 400 1e-10 0.0 0.0 0.0 0.0
