10000 10000 555 320 1e-22 0.652373566254 0.652134199506 0.0 0.0
10000 10000 555 320 1e-20 0.652168708587 0.651929383796 0.0 0.0
10000 10000 555 320 1e-19 0.650308463211 0.650069522347 0.0 0.0
10000 10000 555 320 2e-19 0.648245963461 0.648007454417 0.0 0.0
10000 10000 555 320 5e-19 0.64208662351 0.641849441946 0.0 0.0
10000 10000 555 320 7e-19 0.638003979526 0.637767708601 0.0 0.0
10000 10000 555 320 1e-18 0.631915605735 0.631680737243 0.0 0.0
10000 10000 555 320 2e-18 0.611932575003 0.611702666619 0.0 0.0
10000 10000 555 320 5e-18 0.554913694988 0.554700595573 0.0 0.0
10000 10000 555 320 7e-18 0.51936860274 0.51916764943 0.0 0.0
10000 10000 555 320 1e-17 0.469719301683 0.469536996618 0.0 0.0
10000 10000 555 320 2e-17 0.333845798624 0.333720930732 0.0 0.0
10000 10000 555 320 5e-17 0.118822827465 0.118789731686 0.0 0.0
10000 10000 555 320 7e-17 0.0607097358272 0.0606965459651 0.0 0.0
10000 10000 555 320 1e-16 0.0229955956505 0.0229922164314 0.0 0.0
10000 10000 555 320 1e-15 6.63692102662e-11 6.6369210034e-11 0.0 0.0
10000 10000 555 320 1e-14 9.43754668255e-58 9.43754668255e-58 0.0 0.0
10000 10000 555 320 1e-12 0.0 0.0 0.0 0.0
10000 10000 555 320 1e-10 0.0 0.0 0.0 0.0
