10000 10000 755 550 1e-22 0.670305358144 0.670292313254 0.669811136122 0.668285255428
10000 10000 755 550 1e-20 0.670090633424 0.670077596756 0.669596469216 0.668070730273
10000 10000 755 550 1e-19 0.668140532944 0.66812757082 0.66764690063 0.666122466435
10000 10000 755 550 2e-19 0.665977875549 0.665964995807 0.665484847399 0.663961896615
10000 10000 755 550 5e-19 0.659516173309 0.659503537934 0.659025038536 0.657506745635
10000 10000 755 550 7e-19 0.655230502556 0.655218027791 0.654740695115 0.653225675375
10000 10000 755 550 1e-18 0.64883564794 0.648823410672 0.648347924616 0.646838056449
10000 10000 755 550 2e-18 0.627817804282 0.627806329633 0.627337765885 0.62584701042
10000 10000 755 550 5e-18 0.567653523128 0.567644083906 0.56720175999 0.565782625562
10000 10000 755 550 7e-18 0.530051232249 0.530042958091 0.529621155962 0.52825812301
10000 10000 755 550 1e-17 0.477477070873 0.47747029279 0.477081527205 0.475809683419
10000 10000 755 550 2e-17 0.333936224839 0.333932773413 0.333653017809 0.332692830955
10000 10000 755 550 5e-17 0.112089210005 0.112088761386 0.112002435661 0.111656142421
10000 10000 755 550 7e-17 0.0550057003389 0.0550055827835 0.0549671655458 0.0547965606937
10000 10000 755 550 1e-16 0.0196514797739 0.0196514633151 0.0196397542583 0.0195795339915
10000 10000 755 550 1e-15 9.94099295443e-12 9.94099295443e-12 9.94096536879e-12 9.92487235198e-12
10000 10000 755 550 1e-14 1.11781961966e-59 1.11781961966e-59 1.11781961966e-59 1.11781961966e-59
10000 10000 755 550 1e-12 0.0 0.0 0.0 0.0
10000 10000 755 550 1e-10 0.0 0.0 0.0 0.0
