10000 10000 1455 390 1e-22 0.271609516946 0.271592966675 0.271042191756 0.0
10000 10000 1455 390 1e-20 0.271522110808 0.271505569725 0.270954988293 0.0
10000 10000 1455 390 1e-19 0.270728865479 0.270712407679 0.270163582017 0.0
10000 10000 1455 390 2e-19 0.269850340289 0.269833974524 0.269287092968 0.0
10000 10000 1455 390 5e-19 0.267232712757 0.267216619964 0.266675528358 0.0
10000 10000 1455 390 7e-19 0.265502477279 0.265486563886 0.264949297195 0.0
10000 10000 1455 390 1e-18 0.262929185868 0.262913537761 0.262381956381 0.0
10000 10000 1455 390 2e-18 0.254539354672 0.254524558735 0.254011485413 0.0
10000 10000 1455 390 5e-18 0.23101729838 0.231004785807 0.230543356659 0.0
10000 10000 1455 390 7e-18 0.21661430945 0.216603116227 0.216173113073 0.0
10000 10000 1455 390 1e-17 0.196753623346 0.196744148256 0.196357202881 0.0
10000 10000 1455 390 2e-17 0.143268050096 0.143262588769 0.142989656734 0.0
10000 10000 1455 390 5e-17 0.0568770983301 0.0568760053122 0.0567778641043 0.0
10000 10000 1455 390 7e-17 0.031354397832 0.0313540097066 0.0313034292227 0.0
10000 10000 1455 390 1e-16 0.0131684546258 0.0131683680872 0.0131491736953 0.0
10000 10000 1455 390 1e-15 1.15204558196e-10 1.15204558196e-10 1.15202913322e-10 0.0
10000 10000 1455 390 1e-14 3.80532009499e-57 3.80532009499e-57 3.80532009499e-57 0.0
10000 10000 1455 390 1e-12 0.0 0.0 0.0 0.0
10000 10000 1455 390 1e-10 0.0 0.0 0.0 0.0
