10000 10000 1055 340 1e-22 0.442448114383 0.442347753938 0.440710226407 0.0
10000 10000 1055 340 1e-20 0.442303378408 0.442203068634 0.440566029476 0.0
10000 10000 1055 340 1e-19 0.440989797976 0.44088994769 0.439257343446 0.0
10000 10000 1055 340 2e-19 0.439534905801 0.439435563618 0.437807876803 0.0
10000 10000 1055 340 5e-19 0.435199391929 0.435101558772 0.433488559269 0.0
10000 10000 1055 340 7e-19 0.432333196144 0.432236356386 0.430633094059 0.0
10000 10000 1055 340 1e-18 0.428069813531 0.427974445184 0.426385706663 0.0
10000 10000 1055 340 2e-18 0.414164799838 0.414074178019 0.412533136145 0.0
10000 10000 1055 340 5e-18 0.375149058984 0.375071312838 0.373666653416 0.0
10000 10000 1055 340 7e-18 0.35124553668 0.351175342624 0.349855976212 0.0
10000 10000 1055 340 1e-17 0.318283105106 0.318222882427 0.317023102652 0.0
10000 10000 1055 340 2e-17 0.229669976546 0.229633775622 0.228764981736 0.0
10000 10000 1055 340 5e-17 0.0883918679481 0.0883837331609 0.088058671739 0.0
10000 10000 1055 340 7e-17 0.0477332536807 0.0477301340025 0.0475601716719 0.0
10000 10000 1055 340 1e-16 0.0194689912505 0.0194682063895 0.0194026916454 0.0
10000 10000 1055 340 1e-15 1.25041038801e-10 1.25041038768e-10 1.25037986511e-10 0.0
10000 10000 1055 340 1e-14 3.56818550285e-58 3.56818550285e-58 3.56818550285e-58 0.0
10000 10000 1055 340 1e-12 0.0 0.0 0.0 0.0
10000 10000 1055 340 1e-10 0.0 0.0 0.0 0.0
