10000 10000 655 300 1e-22 0.608173942563 0.607930092269 0.0 0.0
10000 10000 655 300 1e-20 0.60798521659 0.607741435719 0.0 0.0
10000 10000 655 300 1e-19 0.606271620735 0.606028471482 0.0 0.0
10000 10000 655 300 2e-19 0.604372054669 0.604129608234 0.0 0.0
10000 10000 655 300 5e-19 0.598701367614 0.5984610356 0.0 0.0
10000 10000 655 300 7e-19 0.59494428575 0.594705367831 0.0 0.0
10000 10000 655 300 1e-18 0.589343785074 0.589106994076 0.0 0.0
10000 10000 655 300 2e-18 0.570980495272 0.570750829677 0.0 0.0
10000 10000 655 300 5e-18 0.518706988119 0.518498704031 0.0 0.0
10000 10000 655 300 7e-18 0.486182596594 0.485988274255 0.0 0.0
10000 10000 655 300 1e-17 0.440787296215 0.440613065901 0.0 0.0
10000 10000 655 300 2e-17 0.31635771558 0.316240182138 0.0 0.0
10000 10000 655 300 5e-17 0.116190287713 0.116157718264 0.0 0.0
10000 10000 655 300 7e-17 0.0603965480362 0.0603828102596 0.0 0.0
10000 10000 655 300 1e-16 0.0233085682306 0.0233046846667 0.0 0.0
10000 10000 655 300 1e-15 8.37562441671e-11 8.37562432702e-11 0.0 0.0
10000 10000 655 300 1e-14 5.16695820292e-57 5.16695820292e-57 0.0 0.0
10000 10000 655 300 1e-12 0.0 0.0 0.0 0.0
10000 10000 655 300 1e-10 0.0 0.0 0.0 0.0
