10000 10000 1955 100 1e-22 7.11253815065e-06 0.0 0.0 0.0
10000 10000 1955 100 1e-20 7.11203200342e-06 0.0 0.0 0.0
10000 10000 1955 100 1e-19 7.10743262643e-06 0.0 0.0 0.0
10000 10000 1955 100 2e-19 7.10232634954e-06 0.0 0.0 0.0
10000 10000 1955 100 5e-19 7.08703363405e-06 0.0 0.0 0.0
10000 10000 1955 100 7e-19 7.07686020747e-06 0.0 0.0 0.0
10000 10000 1955 100 1e-18 7.06163255228e-06 0.0 0.0 0.0
10000 10000 1955 100 2e-18 7.01115376664e-06 0.0 0.0 0.0
10000 10000 1955 100 5e-18 6.86226429686e-06 0.0 0.0 0.0
10000 10000 1955 100 7e-18 6.76508335732e-06 0.0 0.0 0.0
10000 10000 1955 100 1e-17 6.6223450282e-06 0.0 0.0 0.0
10000 10000 1955 100 2e-17 6.17153085335e-06 0.0 0.0 0.0
10000 10000 1955 100 5e-17 5.01942819682e-06 0.0 0.0 0.0
10000 10000 1955 100 7e-17 4.38904836011e-06 0.0 0.0 0.0
10000 10000 1955 100 1e-16 3.60470450251e-06 0.0 0.0 0.0
10000 10000 1955 100 1e-15 1.93277188632e-08 0.0 0.0 0.0
10000 10000 1955 100 1e-14 3.60320922288e-28 0.0 0.0 0.0
10000 10000 1955 100 1e-12 0.0 0.0 0.0 0.0
10000 10000 1955 100 1e-10 0.0 0.0 0.0 0.0
