10000 10000 455 430 1e-22 0.564062232887 0.564019225845 0.563155260044 0.0
10000 10000 455 430 1e-20 0.563889482657 0.563846486184 0.562982541624 0.0
10000 10000 455 430 1e-19 0.562320408413 0.562277508403 0.561413771272 0.0
10000 10000 455 430 2e-19 0.56057992906 0.560537137035 0.559673660375 0.0
10000 10000 455 430 5e-19 0.555377266687 0.555334803478 0.55447229314 0.0
10000 10000 455 430 7e-19 0.551924698095 0.551882457951 0.551020741382 0.0
10000 10000 455 430 1e-18 0.546770088457 0.5467281883 0.545867877888 0.0
10000 10000 455 430 2e-18 0.52980460992 0.529763883866 0.528909992248 0.0
10000 10000 455 430 5e-18 0.481042044117 0.48100508388 0.48018327366 0.0
10000 10000 455 430 7e-18 0.450419093305 0.450384723944 0.449591938963 0.0
10000 10000 455 430 1e-17 0.40741420914 0.40738367446 0.406641235744 0.0
10000 10000 455 430 2e-17 0.288812995522 0.288793484993 0.288233856717 0.0
10000 10000 455 430 5e-17 0.100859283474 0.100855100285 0.100660568851 0.0
10000 10000 455 430 7e-17 0.0507819340321 0.0507804952801 0.0506871770521 0.0
10000 10000 455 430 1e-16 0.0188350613155 0.0188347690925 0.0188030024712 0.0
10000 10000 455 430 1e-15 1.91443032742e-11 1.91443032742e-11 1.91431822593e-11 0.0
10000 10000 455 430 1e-14 8.97864400627e-60 8.97864400627e-60 8.97864400627e-60 0.0
10000 10000 455 430 1e-12 0.0 0.0 0.0 0.0
10000 10000 455 430 1e-10 0.0 0.0 0.0 0.0
