10000 10000 555 370 1e-22 0.663954308871 0.663843443672 0.661801701568 0.0
10000 10000 555 370 1e-20 0.663746568498 0.663635727654 0.661594354563 0.0
10000 10000 555 370 1e-19 0.66186005972 0.66174944117 0.659711433449 0.0
10000 10000 555 370 2e-19 0.659768259621 0.659657889909 0.657623643824 0.0
10000 10000 555 370 5e-19 0.653520293159 0.653410681194 0.651387856597 0.0
10000 10000 555 370 7e-19 0.649377985165 0.649268887299 0.647253786369 0.0
10000 10000 555 370 1e-18 0.6431992945 0.643090980366 0.641087620229 0.0
10000 10000 555 370 2e-18 0.622908848898 0.622803243696 0.62084023117 0.0
10000 10000 555 370 5e-18 0.564926869598 0.564829996476 0.56299610202 0.0
10000 10000 555 370 7e-18 0.528723253483 0.528632439429 0.526888366738 0.0
10000 10000 555 370 1e-17 0.478088914097 0.478007160926 0.476398936926 0.0
10000 10000 555 370 2e-17 0.339218428816 0.339163510534 0.337976995093 0.0
10000 10000 555 370 5e-17 0.119258516696 0.11924445103 0.118821952598 0.0
10000 10000 555 370 7e-17 0.0601850361444 0.0601795161367 0.059971076601 0.0
10000 10000 555 370 1e-16 0.0222983091144 0.0222969225379 0.0222234767444 0.0
10000 10000 555 370 1e-15 2.85248015572e-11 2.85248015492e-11 2.8522075071e-11 0.0
10000 10000 555 370 1e-14 4.44127227566e-58 4.44127227566e-58 4.44127227566e-58 0.0
10000 10000 555 370 1e-12 0.0 0.0 0.0 0.0
10000 10000 555 370 1e-10 0.0 0.0 0.0 0.0
