10000 10000 1255 440 1e-22 0.522950068865 0.522936250109 0.522326003945 0.0
10000 10000 1255 440 1e-20 0.522786296404 0.522772484379 0.522162412028 0.0
10000 10000 1255 440 1e-19 0.521299648832 0.521285897896 0.520677404705 0.0
10000 10000 1255 440 2e-19 0.51965244606 0.51963876276 0.519032022147 0.0
10000 10000 1255 440 5e-19 0.514739966704 0.514726484802 0.514124988672 0.0
10000 10000 1255 440 7e-19 0.511489152514 0.511475803613 0.510877792435 0.0
10000 10000 1255 440 1e-18 0.506648984117 0.506635832821 0.506043031376 0.0
10000 10000 1255 440 2e-18 0.490824184071 0.490811674979 0.49023607638 0.0
10000 10000 1255 440 5e-18 0.446112491468 0.446101757897 0.445576054747 0.0
10000 10000 1255 440 7e-18 0.418500322429 0.418490649905 0.417996601992 0.0
10000 10000 1255 440 1e-17 0.380161416832 0.380153162663 0.379703965246 0.0
10000 10000 1255 440 2e-17 0.275694913983 0.275690117051 0.275366956102 0.0
10000 10000 1255 440 5e-17 0.105847337228 0.105846433362 0.105730865361 0.0
10000 10000 1255 440 7e-17 0.0566884046753 0.0566881059532 0.0566298580312 0.0
10000 10000 1255 440 1e-16 0.0227685375198 0.0227684792609 0.0227472036826 0.0
10000 10000 1255 440 1e-15 4.69953449691e-11 4.69953449691e-11 4.69946041853e-11 0.0
10000 10000 1255 440 1e-14 4.50472853372e-58 4.50472853372e-58 4.50472853372e-58 0.0
10000 10000 1255 440 1e-12 0.0 0.0 0.0 0.0
10000 10000 1255 440 1e-10 0.0 0.0 0.0 0.0
