10000 10000 355 240 1e-22 0.556276979504 0.555660781336 0.0 0.0
10000 10000 355 240 1e-20 0.556102575477 0.555486486666 0.0 0.0
10000 10000 355 240 1e-19 0.554518976375 0.553903885466 0.0 0.0
10000 10000 355 240 2e-19 0.552763423934 0.552149449635 0.0 0.0
10000 10000 355 240 5e-19 0.547522099069 0.546911522528 0.0 0.0
10000 10000 355 240 7e-19 0.54404904607 0.543440773111 0.0 0.0
10000 10000 355 240 1e-18 0.538871308455 0.538266545516 0.0 0.0
10000 10000 355 240 2e-18 0.52188940863 0.521296773574 0.0 0.0
10000 10000 355 240 5e-18 0.473518178353 0.472964816058 0.0 0.0
10000 10000 355 240 7e-18 0.443409337014 0.442883546016 0.0 0.0
10000 10000 355 240 1e-17 0.401385449152 0.400901565442 0.0 0.0
10000 10000 355 240 2e-17 0.286351022615 0.285997680727 0.0 0.0
10000 10000 355 240 5e-17 0.102971582266 0.10285141336 0.0 0.0
10000 10000 355 240 7e-17 0.0527694602564 0.0527121641657 0.0 0.0
10000 10000 355 240 1e-16 0.0199545339118 0.0199353354635 0.0 0.0
10000 10000 355 240 1e-15 6.43884803625e-11 6.43882318041e-11 0.0 0.0
10000 10000 355 240 1e-14 9.55002618534e-58 9.55002618534e-58 0.0 0.0
10000 10000 355 240 1e-12 0.0 0.0 0.0 0.0
10000 10000 355 240 1e-10 0.0 0.0 0.0 0.0
