10000 10000 1455 460 1e-22 0.417093488681 0.417088040948 0.416685894849 0.0
10000 10000 1455 460 1e-20 0.416960426373 0.416954981405 0.416552971857 0.0
10000 10000 1455 460 1e-19 0.415752769829 0.415747349934 0.415346579722 0.0
10000 10000 1455 460 2e-19 0.414415147769 0.41440975561 0.414010358132 0.0
10000 10000 1455 460 5e-19 0.410428777284 0.410423467571 0.410028161214 0.0
10000 10000 1455 460 7e-19 0.407793126881 0.407787871499 0.407395270115 0.0
10000 10000 1455 460 1e-18 0.403872248895 0.40386707407 0.403478496736 0.0
10000 10000 1455 460 2e-18 0.391080414425 0.391075500114 0.390700050788 0.0
10000 10000 1455 460 5e-18 0.355147922474 0.355143719537 0.35480512493 0.0
10000 10000 1455 460 7e-18 0.333095717618 0.333091934761 0.332775922686 0.0
10000 10000 1455 460 1e-17 0.302625561579 0.302622335928 0.30233744855 0.0
10000 10000 1455 460 2e-17 0.220231632373 0.220229753784 0.220028214918 0.0
10000 10000 1455 460 5e-17 0.0864917378496 0.0864913833199 0.0864193993982 0.0
10000 10000 1455 460 7e-17 0.047126485536 0.0471263703433 0.0470895970823 0.0
10000 10000 1455 460 1e-16 0.0193870995064 0.019387078125 0.019373303428 0.0
10000 10000 1455 460 1e-15 5.4785447897e-11 5.4785447897e-11 5.47849672217e-11 0.0
10000 10000 1455 460 1e-14 1.0985503555e-57 1.0985503555e-57 1.0985503555e-57 0.0
10000 10000 1455 460 1e-12 0.0 0.0 0.0 0.0
10000 10000 1455 460 1e-10 0.0 0.0 0.0 0.0
