10000 10000 905 240 1e-22 0.260375181488 0.260129523536 0.0 0.0
10000 10000 905 240 1e-20 0.260292582491 0.260047012703 0.0 0.0
10000 10000 905 240 1e-19 0.259542882811 0.25929811313 0.0 0.0
10000 10000 905 240 2e-19 0.258712414655 0.258468531055 0.0 0.0
10000 10000 905 240 5e-19 0.256236921257 0.255995677502 0.0 0.0
10000 10000 905 240 7e-19 0.254599772961 0.254360273858 0.0 0.0
10000 10000 905 240 1e-18 0.252163664986 0.251926760172 0.0 0.0
10000 10000 905 240 2e-18 0.244210777273 0.243982326327 0.0 0.0
10000 10000 905 240 5e-18 0.221832897076 0.221628094212 0.0 0.0
10000 10000 905 240 7e-18 0.208075202072 0.207884822085 0.0 0.0
10000 10000 905 240 1e-17 0.18904147117 0.188870876128 0.0 0.0
10000 10000 905 240 2e-17 0.137484611476 0.13736635827 0.0 0.0
10000 10000 905 240 5e-17 0.0538477899644 0.0538080761229 0.0 0.0
10000 10000 905 240 7e-17 0.0293243964232 0.0293049243604 0.0 0.0
10000 10000 905 240 1e-16 0.0120792897309 0.012072430475 0.0 0.0
10000 10000 905 240 1e-15 1.34611648952e-10 1.3461154476e-10 0.0 0.0
10000 10000 905 240 1e-14 2.11382934434e-56 2.11382934434e-56 0.0 0.0
10000 10000 905 240 1e-12 0.0 0.0 0.0 0.0
10000 10000 905 240 1e-10 0.0 0.0 0.0 0.0
