10000 10000 355 300 1e-22 0.532782080552 0.532544010693 0.0 0.0
10000 10000 355 300 1e-20 0.532615934444 0.532377910109 0.0 0.0
10000 10000 355 300 1e-19 0.531107165909 0.530869557547 0.0 0.0
10000 10000 355 300 2e-19 0.529434252016 0.529197110266 0.0 0.0
10000 10000 355 300 5e-19 0.524437699418 0.524201984497 0.0 0.0
10000 10000 355 300 7e-19 0.52112526417 0.520890522046 0.0 0.0
10000 10000 355 300 1e-18 0.516184716042 0.515951463688 0.0 0.0
10000 10000 355 300 2e-18 0.499962730642 0.499734681814 0.0 0.0
10000 10000 355 300 5e-18 0.45362648645 0.45341561599 0.0 0.0
10000 10000 355 300 7e-18 0.424707801789 0.42450910065 0.0 0.0
10000 10000 355 300 1e-17 0.38427669963 0.38409646695 0.0 0.0
10000 10000 355 300 2e-17 0.273439958381 0.273315856057 0.0 0.0
10000 10000 355 300 5e-17 0.0975574919984 0.0975231410498 0.0 0.0
10000 10000 355 300 7e-17 0.0499070653684 0.0498928036909 0.0 0.0
10000 10000 355 300 1e-16 0.0189328032867 0.0189288811782 0.0 0.0
10000 10000 355 300 1e-15 2.56425427404e-11 2.56425420974e-11 0.0 0.0
10000 10000 355 300 1e-14 9.58401696376e-63 9.58401696376e-63 0.0 0.0
10000 10000 355 300 1e-12 0.0 0.0 0.0 0.0
10000 10000 355 300 1e-10 0.0 0.0 0.0 0.0
