10000 10000 1055 550 1e-22 0.706624899625 0.706603943793 0.706125825118 0.704639102127
10000 10000 1055 550 1e-20 0.706398488905 0.706377548088 0.705899516865 0.704412972851
10000 10000 1055 550 1e-19 0.704342468316 0.704321663519 0.703844431142 0.702359527828
10000 10000 1055 550 2e-19 0.702062786121 0.702042131442 0.701565794641 0.700082742857
10000 10000 1055 550 5e-19 0.69525414174 0.695233931074 0.69476032971 0.69328300798
10000 10000 1055 550 7e-19 0.690740556793 0.690720636923 0.690248898161 0.688775537958
10000 10000 1055 550 1e-18 0.684008778514 0.683989287156 0.683520397622 0.682053182732
10000 10000 1055 550 2e-18 0.661908818801 0.661890691457 0.661431730665 0.659986617633
10000 10000 1055 550 5e-18 0.598830804498 0.598816229696 0.598389931286 0.597022752775
10000 10000 1055 550 7e-18 0.559517844205 0.559505245805 0.559102072115 0.557793350047
10000 10000 1055 550 1e-17 0.504652885226 0.504642763445 0.504274758026 0.503058609217
10000 10000 1055 550 2e-17 0.355100728448 0.355095850627 0.354835890984 0.353925039599
10000 10000 1055 550 5e-17 0.122345354773 0.122344791647 0.122265429671 0.121936372182
10000 10000 1055 550 7e-17 0.0611753885183 0.0611752489876 0.0611397911453 0.0609762462839
10000 10000 1055 550 1e-16 0.0224507604298 0.0224507419894 0.0224398147827 0.0223812190137
10000 10000 1055 550 1e-15 1.13656642449e-11 1.13656642449e-11 1.13656340815e-11 1.13582028531e-11
10000 10000 1055 550 1e-14 4.212273462e-65 4.212273462e-65 4.212273462e-65 4.212273462e-65
10000 10000 1055 550 1e-12 0.0 0.0 0.0 0.0
10000 10000 1055 550 1e-10 0.0 0.0 0.0 0.0
