10000 10000 355 50 1e-22 2.71695172842e-06 0.0 0.0 0.0
10000 10000 355 50 1e-20 2.71686912443e-06 0.0 0.0 0.0
10000 10000 355 50 1e-19 2.71611830939e-06 0.0 0.0 0.0
10000 10000 355 50 2e-19 2.7152843458e-06 0.0 0.0 0.0
10000 10000 355 50 5e-19 2.71278419277e-06 0.0 0.0 0.0
10000 10000 355 50 7e-19 2.71111887094e-06 0.0 0.0 0.0
10000 10000 355 50 1e-18 2.70862305601e-06 0.0 0.0 0.0
10000 10000 355 50 2e-18 2.70032242014e-06 0.0 0.0 0.0
10000 10000 355 50 5e-18 2.67559250118e-06 0.0 0.0 0.0
10000 10000 355 50 7e-18 2.65924798749e-06 0.0 0.0 0.0
10000 10000 355 50 1e-17 2.6349419459e-06 0.0 0.0 0.0
10000 10000 355 50 2e-17 2.5557097712e-06 0.0 0.0 0.0
10000 10000 355 50 5e-17 2.3335623939e-06 0.0 0.0 0.0
10000 10000 355 50 7e-17 2.19740043744e-06 0.0 0.0 0.0
10000 10000 355 50 1e-16 2.00924537693e-06 0.0 0.0 0.0
10000 10000 355 50 1e-15 1.55996395038e-07 0.0 0.0 0.0
10000 10000 355 50 1e-14 2.81057548539e-18 0.0 0.0 0.0
10000 10000 355 50 1e-12 0.0 0.0 0.0 0.0
10000 10000 355 50 1e-10 0.0 0.0 0.0 0.0
