10000 10000 905 470 1e-22 0.717001456333 0.716976335345 0.716274274664 0.0
10000 10000 905 470 1e-20 0.716778479752 0.71675336929 0.71605135771 0.0
10000 10000 905 470 1e-19 0.714753523033 0.714728508231 0.714026952228 0.0
10000 10000 905 470 2e-19 0.712508027795 0.712483119213 0.71178208866 0.0
10000 10000 905 470 5e-19 0.705799875053 0.705775284635 0.705075949066 0.0
10000 10000 905 470 7e-19 0.701351565965 0.70132718718 0.700629077487 0.0
10000 10000 905 470 1e-18 0.694715136365 0.694691074191 0.693994941356 0.0
10000 10000 905 470 2e-18 0.672911016369 0.672888000468 0.672199564234 0.0
10000 10000 905 470 5e-18 0.610525781278 0.610505781895 0.609848576639 0.0
10000 10000 905 470 7e-18 0.571524133264 0.571506011623 0.570874399008 0.0
10000 10000 905 470 1e-17 0.516927358557 0.516911819505 0.516322675058 0.0
10000 10000 905 470 2e-17 0.366995928396 0.366986935347 0.366545418769 0.0
10000 10000 905 470 5e-17 0.129303924832 0.129302384593 0.129149337091 0.0
10000 10000 905 470 7e-17 0.0654222259142 0.0654217603825 0.0653486434023 0.0
10000 10000 905 470 1e-16 0.0243568044671 0.0243567259195 0.0243321509816 0.0
10000 10000 905 470 1e-15 1.90405756439e-11 1.90405756439e-11 1.90403718868e-11 0.0
10000 10000 905 470 1e-14 6.43671905759e-60 6.43671905759e-60 6.43671905759e-60 0.0
10000 10000 905 470 1e-12 0.0 0.0 0.0 0.0
10000 10000 905 470 1e-10 0.0 0.0 0.0 0.0
