10000 10000 1155 500 1e-22 0.647724944373 0.647716793446 0.647222538822 0.645030598129
10000 10000 1155 500 1e-20 0.647530214022 0.647522066898 0.647027897239 0.64483661346
10000 10000 1155 500 1e-19 0.645761830792 0.645753718199 0.645260323934 0.643075004645
10000 10000 1155 500 2e-19 0.643800966989 0.64379289267 0.643300366179 0.641121658353
10000 10000 1155 500 5e-19 0.637943781061 0.637935820967 0.637445935931 0.635286963241
10000 10000 1155 500 7e-19 0.634060260692 0.63405237624 0.633564282779 0.631418384336
10000 10000 1155 500 1e-18 0.628267071726 0.628259299956 0.62777393748 0.625647527055
10000 10000 1155 500 2e-18 0.609237227323 0.609229824122 0.608753907719 0.606691395031
10000 10000 1155 500 5e-18 0.554788101567 0.554781733916 0.55433650014 0.552456059114
10000 10000 1155 500 7e-18 0.520714950009 0.52070921089 0.520285594077 0.518518740856
10000 10000 1155 500 1e-17 0.472926754015 0.472921863811 0.472531212308 0.47092352865
10000 10000 1155 500 2e-17 0.340719004733 0.340716207295 0.340429005682 0.339263197833
10000 10000 1155 500 5e-17 0.125271116099 0.125270636701 0.12517111723 0.124739584231
10000 10000 1155 500 7e-17 0.0649480362662 0.0649478898685 0.0648998432415 0.0646775982841
10000 10000 1155 500 1e-16 0.024943106061 0.0249430809184 0.0249266431903 0.024842923083
10000 10000 1155 500 1e-15 2.7997182431e-11 2.7997182431e-11 2.79970072407e-11 2.79572370651e-11
10000 10000 1155 500 1e-14 2.97018269228e-58 2.97018269228e-58 2.97018269228e-58 2.97018269228e-58
10000 10000 1155 500 1e-12 0.0 0.0 0.0 0.0
10000 10000 1155 500 1e-10 0.0 0.0 0.0 0.0
