10000 10000 705 230 1e-22 0.403396796236 0.402927245162 0.0 0.0
10000 10000 705 230 1e-20 0.403261907871 0.402792519419 0.0 0.0
10000 10000 705 230 1e-19 0.402037718487 0.401569806238 0.0 0.0
10000 10000 705 230 2e-19 0.4006818701 0.400215593493 0.0 0.0
10000 10000 705 230 5e-19 0.396641733876 0.396180335262 0.0 0.0
10000 10000 705 230 7e-19 0.393971007377 0.39351283668 0.0 0.0
10000 10000 705 230 1e-18 0.389998679226 0.389545314349 0.0 0.0
10000 10000 705 230 2e-18 0.377045602107 0.376607945441 0.0 0.0
10000 10000 705 230 5e-18 0.340726771139 0.340333412744 0.0 0.0
10000 10000 705 230 7e-18 0.318498879595 0.318132768194 0.0 0.0
10000 10000 705 230 1e-17 0.287884224532 0.287555729651 0.0 0.0
10000 10000 705 230 2e-17 0.205888729426 0.205660736596 0.0 0.0
10000 10000 705 230 5e-17 0.0770025248401 0.076926328897 0.0 0.0
10000 10000 705 230 7e-17 0.0408251170108 0.0407878579611 0.0 0.0
10000 10000 705 230 1e-16 0.0162481203497 0.0162350017247 0.0 0.0
10000 10000 705 230 1e-15 1.04419524144e-10 1.04419074401e-10 0.0 0.0
10000 10000 705 230 1e-14 2.80212833327e-56 2.80212833327e-56 0.0 0.0
10000 10000 705 230 1e-12 0.0 0.0 0.0 0.0
10000 10000 705 230 1e-10 0.0 0.0 0.0 0.0
