10000 10000 1055 450 1e-22 0.638818618313 0.638791729376 0.63804948231 0.0
10000 10000 1055 450 1e-20 0.638618885675 0.638592010089 0.637849928589 0.0
10000 10000 1055 450 1e-19 0.636805524902 0.636778770458 0.636038196038 0.0
10000 10000 1055 450 2e-19 0.634795730051 0.634769109708 0.63403021383 0.0
10000 10000 1055 450 5e-19 0.628798222865 0.628772001669 0.628038165573 0.0
10000 10000 1055 450 7e-19 0.624826425967 0.624800468236 0.624070024283 0.0
10000 10000 1055 450 1e-18 0.618908489292 0.618882922816 0.618157593231 0.0
10000 10000 1055 450 2e-18 0.599525539358 0.599501242973 0.598793152978 0.0
10000 10000 1055 450 5e-18 0.544507293161 0.544486497505 0.543831093091 0.0
10000 10000 1055 450 7e-18 0.510374430098 0.510355719655 0.509735484551 0.0
10000 10000 1055 450 1e-17 0.462833732205 0.462817801877 0.462249272779 0.0
10000 10000 1055 450 2e-17 0.332882451833 0.332873263298 0.332458602148 0.0
10000 10000 1055 450 5e-17 0.123533455085 0.1235317654 0.123384407591 0.0
10000 10000 1055 450 7e-17 0.0646429902371 0.0646424401412 0.0645691630417 0.0
10000 10000 1055 450 1e-16 0.0251431841254 0.0251430783967 0.0251168529704 0.0
10000 10000 1055 450 1e-15 2.96250669968e-11 2.96250669968e-11 2.96243519029e-11 0.0
10000 10000 1055 450 1e-14 1.66073131698e-58 1.66073131698e-58 1.66073131698e-58 0.0
10000 10000 1055 450 1e-12 0.0 0.0 0.0 0.0
10000 10000 1055 450 1e-10 0.0 0.0 0.0 0.0
