10000 10000 955 950 1e-22 0.483785432782 0.483783613553 0.483735184753 0.483454697599
10000 10000 955 950 1e-20 0.483602738833 0.48360092165 0.483552506845 0.483272042622
10000 10000 955 950 1e-19 0.481944405055 0.481942606361 0.48189431918 0.481614068207
10000 10000 955 950 2e-19 0.480107139116 0.480105360736 0.480057216189 0.479777212175
10000 10000 955 950 5e-19 0.474629001393 0.474627282536 0.474579570865 0.474300369222
10000 10000 955 950 7e-19 0.471004970025 0.471003289695 0.4709558705 0.470677253268
10000 10000 955 950 1e-18 0.465611022009 0.465609397792 0.465562422663 0.465284752895
10000 10000 955 950 2e-18 0.447995809148 0.447994358281 0.447948902355 0.447674952772
10000 10000 955 950 5e-18 0.398487512442 0.398486474813 0.398445773401 0.398186980279
10000 10000 955 950 7e-18 0.368201011662 0.368200179368 0.368162666375 0.367916180864
10000 10000 955 950 1e-17 0.326664274855 0.326663674087 0.326630778329 0.326404397912
10000 10000 955 950 2e-17 0.217950126452 0.217949914263 0.217929704839 0.217769976161
10000 10000 955 950 5e-17 0.0649921963973 0.0649921818016 0.0649881521426 0.0649425640417
10000 10000 955 950 7e-17 0.0298688014436 0.0298687982494 0.0298674354012 0.0298482040347
10000 10000 955 950 1e-16 0.0098175222555 0.00981752187745 0.00981724347371 0.009811821068
10000 10000 955 950 1e-15 9.46230197188e-13 9.46230197188e-13 9.46230197187e-13 9.46227321111e-13
10000 10000 955 950 1e-14 8.37040278967e-76 8.37040278967e-76 8.37040278967e-76 8.37040278967e-76
10000 10000 955 950 1e-12 0.0 0.0 0.0 0.0
10000 10000 955 950 1e-10 0.0 0.0 0.0 0.0
