10000 10000 705 380 1e-22 0.683634692353 0.683541032926 0.682037205535 0.0
10000 10000 705 380 1e-20 0.683421886527 0.683328256088 0.681824620821 0.0
10000 10000 705 380 1e-19 0.681489448366 0.681396081737 0.679894205394 0.0
10000 10000 705 380 2e-19 0.679346868267 0.67925379534 0.677753899142 0.0
10000 10000 705 380 5e-19 0.672948136809 0.672855948382 0.671362151186 0.0
10000 10000 705 380 7e-19 0.668706610448 0.668615014246 0.667125410915 0.0
10000 10000 705 380 1e-18 0.662380988527 0.662290283988 0.660807154904 0.0
10000 10000 705 380 2e-18 0.641616557024 0.641528845701 0.640068758661 0.0
10000 10000 705 380 5e-18 0.582342391014 0.582263680247 0.580883210917 0.0
10000 10000 705 380 7e-18 0.545368910636 0.545296062703 0.543974511416 0.0
10000 10000 705 380 1e-17 0.493689370326 0.493624903667 0.49239604739 0.0
10000 10000 705 380 2e-17 0.351974712111 0.351933295221 0.351008803595 0.0
10000 10000 705 380 5e-17 0.126167061987 0.126157259937 0.125818471707 0.0
10000 10000 705 380 7e-17 0.0645508034611 0.0645470772727 0.0643780862137 0.0
10000 10000 705 380 1e-16 0.0243734505269 0.0243725450569 0.0243122735015 0.0
10000 10000 705 380 1e-15 3.67242180438e-11 3.67242180384e-11 3.6723044251e-11 0.0
10000 10000 705 380 1e-14 6.15039816599e-59 6.15039816599e-59 6.15039816599e-59 0.0
10000 10000 705 380 1e-12 0.0 0.0 0.0 0.0
10000 10000 705 380 1e-10 0.0 0.0 0.0 0.0
