10000 10000 2955 1250 1e-22 0.408863445184 0.408863445184 0.408863181101 0.408797367563
10000 10000 2955 1250 1e-20 0.40869205726 0.40869205726 0.408691793334 0.408626012506
10000 10000 2955 1250 1e-19 0.407137609344 0.407137609344 0.407137346843 0.407071862647
10000 10000 2955 1250 2e-19 0.405418076816 0.405418076816 0.40541781589 0.405352659749
10000 10000 2955 1250 5e-19 0.400307269153 0.400307269153 0.400307012904 0.400242831296
10000 10000 2955 1250 7e-19 0.396939473883 0.396939473883 0.396939220709 0.396875680836
10000 10000 2955 1250 1e-18 0.391946076734 0.391946076734 0.391945828114 0.39188323905
10000 10000 2955 1250 2e-18 0.375793695013 0.375793695013 0.37579346105 0.375733941423
10000 10000 2955 1250 5e-18 0.331559772919 0.331559772919 0.331559578383 0.331508402469
10000 10000 2955 1250 7e-18 0.305249441264 0.305249441264 0.305249269541 0.30520299934
10000 10000 2955 1250 1e-17 0.269954037166 0.269954037166 0.269953895061 0.269914115615
10000 10000 2955 1250 2e-17 0.180829242404 0.180829242404 0.18082916794 0.180805093315
10000 10000 2955 1250 5e-17 0.0579479923449 0.0579479923449 0.0579479824317 0.0579424492158
10000 10000 2955 1250 7e-17 0.0282436676728 0.0282436676728 0.0282436651617 0.0282415097649
10000 10000 2955 1250 1e-16 0.0100403189882 0.0100403189882 0.0100403186729 0.010039767255
10000 10000 2955 1250 1e-15 4.04800117528e-13 4.04800117528e-13 4.04800117528e-13 4.04800116768e-13
10000 10000 2955 1250 1e-14 4.79637124008e-90 4.79637124008e-90 4.79637124008e-90 4.79637124008e-90
10000 10000 2955 1250 1e-12 0.0 0.0 0.0 0.0
10000 10000 2955 1250 1e-10 0.0 0.0 0.0 0.0
