10000 10000 755 350 1e-22 0.643322773058 0.643172758474 0.641207583973 0.0
10000 10000 755 350 1e-20 0.643132432404 0.642982471228 0.641017563833 0.0
10000 10000 755 350 1e-19 0.641403808493 0.641254332616 0.639291866436 0.0
10000 10000 755 350 2e-19 0.639486812696 0.639337875572 0.637378148986 0.0
10000 10000 755 350 5e-19 0.633759304871 0.633611980832 0.631660640036 0.0
10000 10000 755 350 7e-19 0.629960657453 0.629814405958 0.627868790483 0.0
10000 10000 755 350 1e-18 0.624292459671 0.624147812338 0.622210978486 0.0
10000 10000 755 350 2e-18 0.605659943704 0.605520597382 0.603614581445 0.0
10000 10000 755 350 5e-18 0.552243103255 0.552119107074 0.550316704433 0.0
10000 10000 755 350 7e-18 0.518743589103 0.518629257191 0.516902179188 0.0
10000 10000 755 350 1e-17 0.471674149353 0.471573330196 0.469963862268 0.0
10000 10000 755 350 2e-17 0.3409741593 0.340909473744 0.339685616583 0.0
10000 10000 755 350 5e-17 0.126381830025 0.126366180067 0.125902189012 0.0
10000 10000 755 350 7e-17 0.065793359101 0.0657873248193 0.0655515684432 0.0
10000 10000 755 350 1e-16 0.0253908669128 0.0253893787211 0.0253032831821 0.0
10000 10000 755 350 1e-15 5.95742729669e-11 5.95742729576e-11 5.95709372653e-11 0.0
10000 10000 755 350 1e-14 8.04914230349e-58 8.04914230349e-58 8.04914230349e-58 0.0
10000 10000 755 350 1e-12 0.0 0.0 0.0 0.0
10000 10000 755 350 1e-10 0.0 0.0 0.0 0.0
