10000 10000 705 260 1e-22 0.493799072279 0.493434407812 0.0 0.0
10000 10000 705 260 1e-20 0.493634598938 0.493270065803 0.0 0.0
10000 10000 705 260 1e-19 0.492141830976 0.491778489927 0.0 0.0
10000 10000 705 260 2e-19 0.490488355634 0.490126335232 0.0 0.0
10000 10000 705 260 5e-19 0.485560345367 0.485202262366 0.0 0.0
10000 10000 705 260 7e-19 0.482301868765 0.481946390291 0.0 0.0
10000 10000 705 260 1e-18 0.477454150558 0.477102548354 0.0 0.0
10000 10000 705 260 2e-18 0.461636891298 0.461297947124 0.0 0.0
10000 10000 705 260 5e-18 0.417213642219 0.416910296988 0.0 0.0
10000 10000 705 260 7e-18 0.389977660199 0.389696138681 0.0 0.0
10000 10000 705 260 1e-17 0.352414653219 0.352163166016 0.0 0.0
10000 10000 705 260 2e-17 0.25160829251 0.25143642329 0.0 0.0
10000 10000 705 260 5e-17 0.093217085617 0.0931625863914 0.0 0.0
10000 10000 705 260 7e-17 0.0490511966285 0.0490255534618 0.0 0.0
10000 10000 705 260 1e-16 0.0192928643542 0.0192843738692 0.0 0.0
10000 10000 705 260 1e-15 1.35880441103e-10 1.35880418258e-10 0.0 0.0
10000 10000 705 260 1e-14 2.5293286342e-57 2.5293286342e-57 0.0 0.0
10000 10000 705 260 1e-12 0.0 0.0 0.0 0.0
10000 10000 705 260 1e-10 0.0 0.0 0.0 0.0
