10000 10000 1255 150 1e-22 0.00648687359174 0.0 0.0 0.0
10000 10000 1255 150 1e-20 0.00648492988988 0.0 0.0 0.0
10000 10000 1255 150 1e-19 0.0064672876657 0.0 0.0 0.0
10000 10000 1255 150 2e-19 0.006447743799 0.0 0.0 0.0
10000 10000 1255 150 5e-19 0.00638948036578 0.0 0.0 0.0
10000 10000 1255 150 7e-19 0.00635094288659 0.0 0.0 0.0
10000 10000 1255 150 1e-18 0.00629358992019 0.0 0.0 0.0
10000 10000 1255 150 2e-18 0.00610627813532 0.0 0.0 0.0
10000 10000 1255 150 5e-18 0.00557840129631 0.0 0.0 0.0
10000 10000 1255 150 7e-18 0.00525308238154 0.0 0.0 0.0
10000 10000 1255 150 1e-17 0.00480169434735 0.0 0.0 0.0
10000 10000 1255 150 2e-17 0.00356780651915 0.0 0.0 0.0
10000 10000 1255 150 5e-17 0.00149734793634 0.0 0.0 0.0
10000 10000 1255 150 7e-17 0.000855343218842 0.0 0.0 0.0
10000 10000 1255 150 1e-16 0.000379702880043 0.0 0.0 0.0
10000 10000 1255 150 1e-15 1.67296826301e-09 0.0 0.0 0.0
10000 10000 1255 150 1e-14 8.17430662023e-41 0.0 0.0 0.0
10000 10000 1255 150 1e-12 0.0 0.0 0.0 0.0
10000 10000 1255 150 1e-10 0.0 0.0 0.0 0.0
