10000 10000 1955 200 1e-22 0.00246643713535 0.00246208276622 0.0 0.0
10000 10000 1955 200 1e-20 0.0024656038149 0.00246125132801 0.0 0.0
10000 10000 1955 200 1e-19 0.00245804182912 0.00245370641619 0.0 0.0
10000 10000 1955 200 2e-19 0.00244966840533 0.00244535188464 0.0 0.0
10000 10000 1955 200 5e-19 0.00242472879703 0.0024204684588 0.0 0.0
10000 10000 1955 200 7e-19 0.00240825180693 0.0024040285154 0.0 0.0
10000 10000 1955 200 1e-18 0.00238375819079 0.00237958986404 0.0 0.0
10000 10000 1955 200 2e-18 0.00230399968219 0.00230000943956 0.0 0.0
10000 10000 1955 200 5e-18 0.00208123019212 0.00207772969682 0.0 0.0
10000 10000 1955 200 7e-18 0.00194547582186 0.00194226784767 0.0 0.0
10000 10000 1955 200 1e-17 0.00175915705573 0.00175634253363 0.0 0.0
10000 10000 1955 200 2e-17 0.001263169046 0.00126134862982 0.0 0.0
10000 10000 1955 200 5e-17 0.000486260532081 0.000485766059082 0.0 0.0
10000 10000 1955 200 7e-17 0.000265294612672 0.000265086583499 0.0 0.0
10000 10000 1955 200 1e-16 0.000111384928253 0.000111327916102 0.0 0.0
10000 10000 1955 200 1e-15 9.37019883685e-11 9.37019883685e-11 0.0 0.0
10000 10000 1955 200 1e-14 5.70977826093e-48 5.70977826093e-48 0.0 0.0
10000 10000 1955 200 1e-12 0.0 0.0 0.0 0.0
10000 10000 1955 200 1e-10 0.0 0.0 0.0 0.0
