10000 10000 455 450 1e-22 0.565210127051 0.565176951063 0.564471671829 0.0
10000 10000 455 450 1e-20 0.565034310007 0.565001141464 0.564295863979 0.0
10000 10000 455 450 1e-19 0.563437500513 0.563404400115 0.562699151178 0.0
10000 10000 455 450 2e-19 0.561666508256 0.561633484521 0.560928293797 0.0
10000 10000 455 450 5e-19 0.55637419471 0.556341406721 0.555636554042 0.0
10000 10000 455 450 7e-19 0.552863398965 0.552830772709 0.55212627764 0.0
10000 10000 455 450 1e-18 0.54762369548 0.547591318237 0.546887550316 0.0
10000 10000 455 450 2e-18 0.530393065331 0.530361567052 0.529661758212 0.0
10000 10000 455 450 5e-18 0.480983036265 0.480954477834 0.480277980831 0.0
10000 10000 455 450 7e-18 0.450029681322 0.450003200361 0.449349126451 0.0
10000 10000 455 450 1e-17 0.406646613946 0.406623239869 0.406009077904 0.0
10000 10000 455 450 2e-17 0.287444390286 0.287429925652 0.286964632963 0.0
10000 10000 455 450 5e-17 0.0997483692407 0.0997456178638 0.0995836365906 0.0
10000 10000 455 450 7e-17 0.0500452156753 0.0500443416453 0.0499669412064 0.0
10000 10000 455 450 1e-16 0.0184612072759 0.0184610482639 0.0184349719677 0.0
10000 10000 455 450 1e-15 1.45773446059e-11 1.45773446059e-11 1.45768827449e-11 0.0
10000 10000 455 450 1e-14 9.20716186411e-62 9.20716186411e-62 9.20716186411e-62 0.0
10000 10000 455 450 1e-12 0.0 0.0 0.0 0.0
10000 10000 455 450 1e-10 0.0 0.0 0.0 0.0
