10000 10000 1055 460 1e-22 0.639722205219 0.639698126557 0.63902157281 0.0
10000 10000 1055 460 1e-20 0.639522794591 0.63949872874 0.638822307162 0.0
10000 10000 1055 460 1e-19 0.63771226344 0.637688313781 0.637013096467 0.0
10000 10000 1055 460 2e-19 0.635705408103 0.635681586978 0.635007713421 0.0
10000 10000 1055 460 5e-19 0.629715459174 0.629692020081 0.62902221247 0.0
10000 10000 1055 460 7e-19 0.625747682238 0.625724494872 0.625057425559 0.0
10000 10000 1055 460 1e-18 0.619834308348 0.619811494165 0.619148571399 0.0
10000 10000 1055 460 2e-18 0.600454796763 0.600433188843 0.599784389805 0.0
10000 10000 1055 460 5e-18 0.545360235307 0.545341913364 0.544737413737 0.0
10000 10000 1055 460 7e-18 0.511125671435 0.511109281258 0.51053509388 0.0
10000 10000 1055 460 1e-17 0.463388872051 0.463375029311 0.462846227637 0.0
10000 10000 1055 460 2e-17 0.33271341278 0.332705616992 0.332316010398 0.0
10000 10000 1055 460 5e-17 0.12251592789 0.122514588204 0.12237558869 0.0
10000 10000 1055 460 7e-17 0.063786769563 0.063786354947 0.0637176323043 0.0
10000 10000 1055 460 1e-16 0.0246544106045 0.0246543374807 0.0246300018451 0.0
10000 10000 1055 460 1e-15 2.78671253789e-11 2.78671253789e-11 2.78667188699e-11 0.0
10000 10000 1055 460 1e-14 1.79507675838e-58 1.79507675838e-58 1.79507675838e-58 0.0
10000 10000 1055 460 1e-12 0.0 0.0 0.0 0.0
10000 10000 1055 460 1e-10 0.0 0.0 0.0 0.0
