10000 10000 2955 650 1e-22 0.11676119847 0.11676119847 0.116746838954 0.116556961189
10000 10000 2955 650 1e-20 0.116722762672 0.116722762672 0.116708409404 0.11651861789
10000 10000 2955 650 1e-19 0.116373974359 0.116373974359 0.116359677759 0.116170668232
10000 10000 2955 650 2e-19 0.115987755454 0.115987755454 0.115973521544 0.115785376448
10000 10000 2955 650 5e-19 0.114837404822 0.114837404822 0.11482335727 0.11463777768
10000 10000 2955 650 7e-19 0.114077371561 0.114077371561 0.114063446833 0.113879554709
10000 10000 2955 650 1e-18 0.112947514341 0.112947514341 0.112933771749 0.112752377079
10000 10000 2955 650 2e-18 0.109267938464 0.109267938464 0.109254785254 0.109081431768
10000 10000 2955 650 5e-18 0.0989853551067 0.0989853551067 0.0989738169443 0.0988221850884
10000 10000 2955 650 7e-18 0.0927133077301 0.0927133077301 0.0927027301962 0.0925638046446
10000 10000 2955 650 1e-17 0.0840942066177 0.0840942066177 0.0840849165384 0.0839627794487
10000 10000 2955 650 2e-17 0.0610476884524 0.0610476884524 0.0610416299672 0.060960557609
10000 10000 2955 650 5e-17 0.0242695716614 0.0242695716614 0.024267815273 0.0242407868763
10000 10000 2955 650 7e-17 0.0134654339032 0.0134654339032 0.0134646383033 0.0134507594328
10000 10000 2955 650 1e-16 0.00573763881714 0.00573763881714 0.0057373853346 0.00573201320085
10000 10000 2955 650 1e-15 5.20307507204e-11 5.20307507204e-11 5.20307504406e-11 5.20303319145e-11
10000 10000 2955 650 1e-14 3.73419682827e-58 3.73419682827e-58 3.73419682827e-58 3.73419682827e-58
10000 10000 2955 650 1e-12 0.0 0.0 0.0 0.0
10000 10000 2955 650 1e-10 0.0 0.0 0.0 0.0
