10000 10000 2955 2800 1e-22 0.00451155272754 0.00451155272754 0.00451155272754 0.00451155272754
10000 10000 2955 2800 1e-20 0.00450826653126 0.00450826653126 0.00450826653126 0.00450826653126
10000 10000 2955 2800 1e-19 0.00447851144755 0.00447851144755 0.00447851144755 0.00447851144755
10000 10000 2955 2800 2e-19 0.00444570110483 0.00444570110483 0.00444570110483 0.00444570110483
10000 10000 2955 2800 5e-19 0.0043488312895 0.0043488312895 0.0043488312895 0.0043488312895
10000 10000 2955 2800 7e-19 0.00428552919633 0.00428552919633 0.00428552919633 0.00428552919633
10000 10000 2955 2800 1e-18 0.00419244735051 0.00419244735051 0.00419244735051 0.00419244735051
10000 10000 2955 2800 2e-18 0.00389768827953 0.00389768827953 0.00389768827953 0.00389768827953
10000 10000 2955 2800 5e-18 0.00313995610099 0.00313995610099 0.00313995610099 0.00313995610099
10000 10000 2955 2800 7e-18 0.00272365789184 0.00272365789184 0.00272365789184 0.00272365789184
10000 10000 2955 2800 1e-17 0.00220574825799 0.00220574825799 0.00220574825799 0.00220574825799
10000 10000 2955 2800 2e-17 0.0011102313573 0.0011102313573 0.0011102313573 0.0011102313573
10000 10000 2955 2800 5e-17 0.000155174881699 0.000155174881699 0.000155174881699 0.000155174881699
10000 10000 2955 2800 7e-17 4.39222290436e-05 4.39222290436e-05 4.39222290436e-05 4.39222290436e-05
10000 10000 2955 2800 1e-16 7.01202520395e-06 7.01202520395e-06 7.01202520395e-06 7.01202520395e-06
10000 10000 2955 2800 1e-15 2.1156641707e-25 2.1156641707e-25 2.1156641707e-25 2.1156641707e-25
10000 10000 2955 2800 1e-14 8.8021032074e-207 8.8021032074e-207 8.8021032074e-207 8.8021032074e-207
10000 10000 2955 2800 1e-12 0.0 0.0 0.0 0.0
10000 10000 2955 2800 1e-10 0.0 0.0 0.0 0.0
