10000 10000 1155 600 1e-22 0.709012313539 0.708993482105 0.708184507251 0.707142149712
10000 10000 1155 600 1e-20 0.708790946001 0.708772129164 0.707963646868 0.706921329893
10000 10000 1155 600 1e-19 0.70678055963 0.706761874976 0.705957855316 0.704915921349
10000 10000 1155 600 2e-19 0.704551133577 0.704532594709 0.703733501625 0.70269202307
10000 10000 1155 600 5e-19 0.697890445616 0.697872337344 0.697087824853 0.696047896754
10000 10000 1155 600 7e-19 0.693473176465 0.693455349707 0.692680394066 0.691641648833
10000 10000 1155 600 1e-18 0.686882432631 0.686865019988 0.686104159028 0.685067403565
10000 10000 1155 600 2e-18 0.665223499472 0.665207399182 0.664491509531 0.663463124665
10000 10000 1155 600 5e-18 0.603219516997 0.603206790517 0.602609057692 0.601618799187
10000 10000 1155 600 7e-18 0.564437779418 0.564426899712 0.563895840617 0.562938886749
10000 10000 1155 600 1e-17 0.510136471036 0.510127870942 0.509681831425 0.508782078065
10000 10000 1155 600 2e-17 0.361051882838 0.361047949444 0.36079244085 0.360101210658
10000 10000 1155 600 5e-17 0.125649732599 0.12564934458 0.125591770603 0.125335968948
10000 10000 1155 600 7e-17 0.0629805555555 0.0629804696949 0.0629569060738 0.0628298918464
10000 10000 1155 600 1e-16 0.0231039330509 0.0231039235634 0.0230972079902 0.0230522271557
10000 10000 1155 600 1e-15 1.003745636e-11 1.003745636e-11 1.00374490053e-11 1.00355700542e-11
10000 10000 1155 600 1e-14 2.16955288796e-61 2.16955288796e-61 2.16955288796e-61 2.16955288796e-61
10000 10000 1155 600 1e-12 0.0 0.0 0.0 0.0
10000 10000 1155 600 1e-10 0.0 0.0 0.0 0.0
