10000 10000 1155 550 1e-22 0.678825692874 0.678821282635 0.678397198166 0.676968759034
10000 10000 1155 550 1e-20 0.678618483532 0.678614075434 0.678190055142 0.676761820619
10000 10000 1155 550 1e-19 0.676736601379 0.676732212712 0.676308779797 0.674882415721
10000 10000 1155 550 2e-19 0.674649520687 0.674645153544 0.674222381534 0.6727981174
10000 10000 1155 550 5e-19 0.668413102763 0.668408799766 0.66798806115 0.666570229912
10000 10000 1155 550 7e-19 0.664276370244 0.664272109655 0.663852767363 0.66243933184
10000 10000 1155 550 1e-18 0.658102957516 0.658098760001 0.657681570356 0.656274881733
10000 10000 1155 550 2e-18 0.637804918762 0.637800926766 0.637391371597 0.63600838816
10000 10000 1155 550 5e-18 0.579604377744 0.579600957736 0.579217502099 0.57791422145
10000 10000 1155 550 7e-18 0.543128318873 0.543125242923 0.5427608549 0.541515322569
10000 10000 1155 550 1e-17 0.491953164279 0.491950550221 0.491615774056 0.490459914473
10000 10000 1155 550 2e-17 0.350738735329 0.350737250647 0.350496500663 0.349629835007
10000 10000 1155 550 5e-17 0.124612384369 0.124612138419 0.124535994034 0.124216779712
10000 10000 1155 550 7e-17 0.0632398821663 0.0632398099179 0.0632052417285 0.0630443761479
10000 10000 1155 550 1e-16 0.0235998286773 0.0235998171973 0.0235889653355 0.0235302934517
10000 10000 1155 550 1e-15 1.33480219257e-11 1.33480219257e-11 1.33479871279e-11 1.33418552499e-11
10000 10000 1155 550 1e-14 3.45648871725e-62 3.45648871725e-62 3.45648871725e-62 3.45648871725e-62
10000 10000 1155 550 1e-12 0.0 0.0 0.0 0.0
10000 10000 1155 550 1e-10 0.0 0.0 0.0 0.0
