10000 10000 455 210 1e-22 0.530951308574 0.53004872425 0.0 0.0
10000 10000 455 210 1e-20 0.530782418594 0.529880022615 0.0 0.0
10000 10000 455 210 1e-19 0.529249173662 0.528348492551 0.0 0.0
10000 10000 455 210 2e-19 0.527550042563 0.52665127236 0.0 0.0
10000 10000 455 210 5e-19 0.522480868099 0.52158786396 0.0 0.0
10000 10000 455 210 7e-19 0.519124891082 0.518235757393 0.0 0.0
10000 10000 455 210 1e-18 0.514126043731 0.513242752644 0.0 0.0
10000 10000 455 210 2e-18 0.497765959585 0.496902422537 0.0 0.0
10000 10000 455 210 5e-18 0.451429266944 0.450626607168 0.0 0.0
10000 10000 455 210 7e-18 0.422754288682 0.421992640447 0.0 0.0
10000 10000 455 210 1e-17 0.382903002542 0.382202130886 0.0 0.0
10000 10000 455 210 2e-17 0.274468870862 0.273951874211 0.0 0.0
10000 10000 455 210 5e-17 0.101340866752 0.101153253302 0.0 0.0
10000 10000 455 210 7e-17 0.0530264494405 0.052932475144 0.0 0.0
10000 10000 455 210 1e-16 0.0207056603302 0.0206718132077 0.0 0.0
10000 10000 455 210 1e-15 8.50052336837e-11 8.50034463351e-11 0.0 0.0
10000 10000 455 210 1e-14 1.41959487924e-54 1.41959487924e-54 0.0 0.0
10000 10000 455 210 1e-12 0.0 0.0 0.0 0.0
10000 10000 455 210 1e-10 0.0 0.0 0.0 0.0
