10000 10000 1455 50 1e-22 5.47206284897e-06 0.0 0.0 0.0
10000 10000 1455 50 1e-20 5.4719040656e-06 0.0 0.0 0.0
10000 10000 1455 50 1e-19 5.47046080081e-06 0.0 0.0 0.0
10000 10000 1455 50 2e-19 5.46885763894e-06 0.0 0.0 0.0
10000 10000 1455 50 5e-19 5.46405109288e-06 0.0 0.0 0.0
10000 10000 1455 50 7e-19 5.46084917686e-06 0.0 0.0 0.0
10000 10000 1455 50 1e-18 5.4560499717e-06 0.0 0.0 0.0
10000 10000 1455 50 2e-18 5.44008436621e-06 0.0 0.0 0.0
10000 10000 1455 50 5e-18 5.39247921889e-06 0.0 0.0 0.0
10000 10000 1455 50 7e-18 5.36098393657e-06 0.0 0.0 0.0
10000 10000 1455 50 1e-17 5.31410011186e-06 0.0 0.0 0.0
10000 10000 1455 50 2e-17 5.1608829043e-06 0.0 0.0 0.0
10000 10000 1455 50 5e-17 4.72822631311e-06 0.0 0.0 0.0
10000 10000 1455 50 7e-17 4.46088499514e-06 0.0 0.0 0.0
10000 10000 1455 50 1e-16 4.08892893653e-06 0.0 0.0 0.0
10000 10000 1455 50 1e-15 3.26172282835e-07 0.0 0.0 0.0
10000 10000 1455 50 1e-14 1.93616589832e-17 0.0 0.0 0.0
10000 10000 1455 50 1e-12 0.0 0.0 0.0 0.0
10000 10000 1455 50 1e-10 0.0 0.0 0.0 0.0
