10000 10000 255 150 1e-22 0.444356062629 0.0 0.0 0.0
10000 10000 255 150 1e-20 0.444212530631 0.0 0.0 0.0
10000 10000 255 150 1e-19 0.442909589992 0.0 0.0 0.0
10000 10000 255 150 2e-19 0.441465880405 0.0 0.0 0.0
10000 10000 255 150 5e-19 0.437159969058 0.0 0.0 0.0
10000 10000 255 150 7e-19 0.434310313794 0.0 0.0 0.0
10000 10000 255 150 1e-18 0.430067132095 0.0 0.0 0.0
10000 10000 255 150 2e-18 0.416192315813 0.0 0.0 0.0
10000 10000 255 150 5e-18 0.376990228885 0.0 0.0 0.0
10000 10000 255 150 7e-18 0.352796045268 0.0 0.0 0.0
10000 10000 255 150 1e-17 0.319247556601 0.0 0.0 0.0
10000 10000 255 150 2e-17 0.228343441599 0.0 0.0 0.0
10000 10000 255 150 5e-17 0.0840311152372 0.0 0.0 0.0
10000 10000 255 150 7e-17 0.0438808890537 0.0 0.0 0.0
10000 10000 255 150 1e-16 0.0170648741397 0.0 0.0 0.0
10000 10000 255 150 1e-15 8.32475491419e-10 0.0 0.0 0.0
10000 10000 255 150 1e-14 2.82651133714e-38 0.0 0.0 0.0
10000 10000 255 150 1e-12 0.0 0.0 0.0 0.0
10000 10000 255 150 1e-10 0.0 0.0 0.0 0.0
