10000 10000 455 290 1e-22 0.622904106992 0.62255235457 0.0 0.0
10000 10000 455 290 1e-20 0.622704610097 0.622352963357 0.0 0.0
10000 10000 455 290 1e-19 0.620893289233 0.620542603711 0.0 0.0
10000 10000 455 290 2e-19 0.618885546931 0.618535930392 0.0 0.0
10000 10000 455 290 5e-19 0.612892907967 0.612546503774 0.0 0.0
10000 10000 455 290 7e-19 0.608923343911 0.608579085105 0.0 0.0
10000 10000 455 290 1e-18 0.603007357138 0.602666320843 0.0 0.0
10000 10000 455 290 2e-18 0.583620593213 0.583290317212 0.0 0.0
10000 10000 455 290 5e-18 0.528536092679 0.528237827157 0.0 0.0
10000 10000 455 290 7e-18 0.4943497853 0.494072234998 0.0 0.0
10000 10000 455 290 1e-17 0.446763907933 0.446515952554 0.0 0.0
10000 10000 455 290 2e-17 0.317277136166 0.317111543008 0.0 0.0
10000 10000 455 290 5e-17 0.1133054133 0.113260348039 0.0 0.0
10000 10000 455 290 7e-17 0.0580232967304 0.0580043944331 0.0 0.0
10000 10000 455 290 1e-16 0.0219973467259 0.0219920137665 0.0 0.0
10000 10000 455 290 1e-15 7.01218437753e-11 7.01218393822e-11 0.0 0.0
10000 10000 455 290 1e-14 8.20890872971e-58 8.20890872971e-58 0.0 0.0
10000 10000 455 290 1e-12 0.0 0.0 0.0 0.0
10000 10000 455 290 1e-10 0.0 0.0 0.0 0.0
