10000 10000 755 650 1e-22 0.602028438552 0.601960329692 0.601653322541 0.60097839165
10000 10000 755 650 1e-20 0.601836903572 0.601768849791 0.601461931687 0.600786949438
10000 10000 755 650 1e-19 0.600097215483 0.600029660373 0.599723552736 0.599048118563
10000 10000 755 650 2e-19 0.598167499985 0.598100494663 0.597795289496 0.597119384526
10000 10000 755 650 5e-19 0.592399301656 0.592333918968 0.592031432708 0.591354308982
10000 10000 755 650 7e-19 0.588571576741 0.588507253892 0.588206589012 0.587528809824
10000 10000 755 650 1e-18 0.582857143611 0.582794378357 0.582496457152 0.581817921908
10000 10000 755 650 2e-18 0.56405244157 0.563994600652 0.563705901949 0.563026684894
10000 10000 755 650 5e-18 0.51005413378 0.510008863971 0.509748015988 0.509080681802
10000 10000 755 650 7e-18 0.476202839042 0.47616439029 0.475921786105 0.475271016182
10000 10000 755 650 1e-17 0.428775525364 0.42874542752 0.428529058606 0.427911512815
10000 10000 755 650 2e-17 0.298977380937 0.298964060971 0.29882100793 0.298341951509
10000 10000 755 650 5e-17 0.0988895605471 0.0988883893425 0.0988510320831 0.0986785015968
10000 10000 755 650 7e-17 0.047986277696 0.0479860421349 0.0479708342432 0.0478872613242
10000 10000 755 650 1e-16 0.0168536479341 0.01685362591 0.016849534152 0.0168209020441
10000 10000 755 650 1e-15 6.28422248787e-12 6.28422248787e-12 6.28422163805e-12 6.28331171617e-12
10000 10000 755 650 1e-14 2.96761537291e-68 2.96761537291e-68 2.96761537291e-68 2.96761537291e-68
10000 10000 755 650 1e-12 0.0 0.0 0.0 0.0
10000 10000 755 650 1e-10 0.0 0.0 0.0 0.0
