10000 10000 555 200 1e-22 0.448834779553 0.448010172107 0.0 0.0
10000 10000 555 200 1e-20 0.448694676111 0.447870282314 0.0 0.0
10000 10000 555 200 1e-19 0.447422803219 0.446600351082 0.0 0.0
10000 10000 555 200 2e-19 0.446013399966 0.445193103947 0.0 0.0
10000 10000 555 200 5e-19 0.44180905932 0.440995223064 0.0 0.0
10000 10000 555 200 7e-19 0.439025993984 0.438216456598 0.0 0.0
10000 10000 555 200 1e-18 0.434881011628 0.434077910153 0.0 0.0
10000 10000 555 200 2e-18 0.421318948043 0.420537177918 0.0 0.0
10000 10000 555 200 5e-18 0.38292275551 0.382203531321 0.0 0.0
10000 10000 555 200 7e-18 0.359159916767 0.358480881735 0.0 0.0
10000 10000 555 200 1e-17 0.326111898786 0.325490463301 0.0 0.0
10000 10000 555 200 2e-17 0.235851164669 0.235395621845 0.0 0.0
10000 10000 555 200 5e-17 0.0893057648249 0.0891366761128 0.0 0.0
10000 10000 555 200 7e-17 0.0473347448224 0.0472481533293 0.0 0.0
10000 10000 555 200 1e-16 0.0187345949765 0.0187024198645 0.0 0.0
10000 10000 555 200 1e-15 2.06971190034e-10 2.06969653339e-10 0.0 0.0
10000 10000 555 200 1e-14 3.09541499728e-48 3.09541499728e-48 0.0 0.0
10000 10000 555 200 1e-12 0.0 0.0 0.0 0.0
10000 10000 555 200 1e-10 0.0 0.0 0.0 0.0
