10000 10000 2955 2700 1e-22 0.00597559996323 0.00597559996323 0.00597559996323 0.00597559996323
10000 10000 2955 2700 1e-20 0.00597110047591 0.00597110047591 0.00597110047591 0.00597110047591
10000 10000 2955 2700 1e-19 0.00593036938946 0.00593036938946 0.00593036938946 0.00593036938946
10000 10000 2955 2700 2e-19 0.00588547657218 0.00588547657218 0.00588547657218 0.00588547657218
10000 10000 2955 2700 5e-19 0.00575306056058 0.00575306056058 0.00575306056058 0.00575306056058
10000 10000 2955 2700 7e-19 0.00566663238716 0.00566663238716 0.00566663238716 0.00566663238716
10000 10000 2955 2700 1e-18 0.00553969326535 0.00553969326535 0.00553969326535 0.00553969326535
10000 10000 2955 2700 2e-18 0.00513889795603 0.00513889795603 0.00513889795603 0.00513889795603
10000 10000 2955 2700 5e-18 0.00411704682295 0.00411704682295 0.00411704682295 0.00411704682295
10000 10000 2955 2700 7e-18 0.00356100287993 0.00356100287993 0.00356100287993 0.00356100287993
10000 10000 2955 2700 1e-17 0.00287468321354 0.00287468321354 0.00287468321354 0.00287468321354
10000 10000 2955 2700 2e-17 0.00144241562481 0.00144241562481 0.00144241562481 0.00144241562481
10000 10000 2955 2700 5e-17 0.000206571464258 0.000206571464258 0.000206571464258 0.000206571464258
10000 10000 2955 2700 7e-17 5.99002974228e-05 5.99002974228e-05 5.99002974228e-05 5.99002974228e-05
10000 10000 2955 2700 1e-16 9.90158054907e-06 9.90158054907e-06 9.90158054907e-06 9.90158054907e-06
10000 10000 2955 2700 1e-15 7.8051617271e-25 7.8051617271e-25 7.8051617271e-25 7.8051617271e-25
10000 10000 2955 2700 1e-14 6.82681875127e-198 6.82681875127e-198 6.82681875127e-198 6.82681875127e-198
10000 10000 2955 2700 1e-12 0.0 0.0 0.0 0.0
10000 10000 2955 2700 1e-10 0.0 0.0 0.0 0.0
