10000 10000 1155 800 1e-22 0.635868264907 0.635818617746 0.635660286711 0.635232303554
10000 10000 1155 800 1e-20 0.635631855599 0.635582269394 0.635424015291 0.634996095393
10000 10000 1155 800 1e-19 0.63348597707 0.633436941557 0.633279385368 0.63285204508
10000 10000 1155 800 2e-19 0.631108634222 0.631060203349 0.630903419512 0.630476732695
10000 10000 1155 800 5e-19 0.624020591173 0.623973929419 0.623819443075 0.623394774655
10000 10000 1155 800 7e-19 0.619331863807 0.619286345063 0.619133374145 0.618710097887
10000 10000 1155 800 1e-18 0.61235367139 0.612309814367 0.612159092372 0.611737970791
10000 10000 1155 800 2e-18 0.589567535175 0.589528787436 0.589385354329 0.588971938415
10000 10000 1155 800 5e-18 0.525531462778 0.525504715029 0.525381302507 0.524994632149
10000 10000 1155 800 7e-18 0.486344138388 0.486323228893 0.486211713888 0.485844755262
10000 10000 1155 800 1e-17 0.432555847915 0.432541376829 0.432445723943 0.432109461554
10000 10000 1155 800 2e-17 0.291271299935 0.291267001916 0.291210091618 0.29097099616
10000 10000 1155 800 5e-17 0.0894718181145 0.089471682926 0.0894598884551 0.0893869296475
10000 10000 1155 800 7e-17 0.0418956580237 0.0418956404008 0.0418914476884 0.0418589755477
10000 10000 1155 800 1e-16 0.0141165996744 0.0141165982467 0.0141156715143 0.0141057129832
10000 10000 1155 800 1e-15 1.55820424776e-12 1.55820424776e-12 1.55820417265e-12 1.55817463512e-12
10000 10000 1155 800 1e-14 1.17286883359e-70 1.17286883359e-70 1.17286883359e-70 1.17286883359e-70
10000 10000 1155 800 1e-12 0.0 0.0 0.0 0.0
10000 10000 1155 800 1e-10 0.0 0.0 0.0 0.0
