10000 10000 955 850 1e-22 0.535365710388 0.535302982519 0.535224886711 0.534869008155
10000 10000 955 850 1e-20 0.535171798016 0.535109131841 0.535031056011 0.53467520706
10000 10000 955 850 1e-19 0.533411282215 0.533349174081 0.533271280584 0.5329157065
10000 10000 955 850 2e-19 0.531460072537 0.531398578555 0.531320889144 0.530965632447
10000 10000 955 850 5e-19 0.525637629301 0.525577941172 0.525500873064 0.525146642116
10000 10000 955 850 7e-19 0.52178210238 0.521723588262 0.521646941502 0.521293453666
10000 10000 955 850 1e-18 0.516038174085 0.515981377344 0.51590537257 0.51555308434
10000 10000 955 850 2e-18 0.497235721494 0.497184289746 0.497110499805 0.496762885282
10000 10000 955 850 5e-18 0.444045877892 0.444007661543 0.443940950296 0.443612183522
10000 10000 955 850 7e-18 0.411272062715 0.411240693405 0.411178828581 0.410865313926
10000 10000 955 850 1e-17 0.366053283081 0.366029934989 0.365975206059 0.365686614992
10000 10000 955 850 2e-17 0.24632564418 0.246316857314 0.24628237484 0.24607685547
10000 10000 955 850 5e-17 0.0745828721471 0.0745823732303 0.0745751853804 0.0745145743582
10000 10000 955 850 7e-17 0.0344901075077 0.0344900298893 0.0344875677105 0.0344613513354
10000 10000 955 850 1e-16 0.0114079582108 0.0114079530198 0.0114074450324 0.0113997301683
10000 10000 955 850 1e-15 1.39888048576e-12 1.39888048576e-12 1.39888043971e-12 1.39886834284e-12
10000 10000 955 850 1e-14 1.7651380016e-79 1.7651380016e-79 1.7651380016e-79 1.7651380016e-79
10000 10000 955 850 1e-12 0.0 0.0 0.0 0.0
10000 10000 955 850 1e-10 0.0 0.0 0.0 0.0
