10000 10000 555 290 1e-22 0.644270126872 0.643971628494 0.0 0.0
10000 10000 555 290 1e-20 0.644070995803 0.64377256246 0.0 0.0
10000 10000 555 290 1e-19 0.642262721876 0.641964881702 0.0 0.0
10000 10000 555 290 2e-19 0.640257780552 0.639960603486 0.0 0.0
10000 10000 555 290 5e-19 0.634269922676 0.633974759468 0.0 0.0
10000 10000 555 290 7e-19 0.630300597841 0.630006796724 0.0 0.0
10000 10000 555 290 1e-18 0.624380684727 0.624088954222 0.0 0.0
10000 10000 555 290 2e-18 0.604945828539 0.604661210622 0.0 0.0
10000 10000 555 290 5e-18 0.549444702213 0.549182735105 0.0 0.0
10000 10000 555 290 7e-18 0.514804481564 0.514558115776 0.0 0.0
10000 10000 555 290 1e-17 0.466355180897 0.466132103734 0.0 0.0
10000 10000 555 290 2e-17 0.333271790775 0.333118148409 0.0 0.0
10000 10000 555 290 5e-17 0.120273024573 0.120229722918 0.0 0.0
10000 10000 555 290 7e-17 0.0618264304174 0.0618081942515 0.0 0.0
10000 10000 555 290 1e-16 0.0235307683682 0.0235256523916 0.0 0.0
10000 10000 555 290 1e-15 9.99203863062e-11 9.99203840649e-11 0.0 0.0
10000 10000 555 290 1e-14 2.40596122024e-57 2.40596122024e-57 0.0 0.0
10000 10000 555 290 1e-12 0.0 0.0 0.0 0.0
10000 10000 555 290 1e-10 0.0 0.0 0.0 0.0
