10000 10000 1955 290 1e-22 0.0153869775222 0.0153865785448 0.0 0.0
10000 10000 1955 290 1e-20 0.0153825373093 0.0153821384505 0.0 0.0
10000 10000 1955 290 1e-19 0.0153422333273 0.0153418355448 0.0 0.0
10000 10000 1955 290 2e-19 0.0152975809995 0.0152971844093 0.0 0.0
10000 10000 1955 290 5e-19 0.0151644399841 0.0151640469495 0.0 0.0
10000 10000 1955 290 7e-19 0.0150763549275 0.0150759642454 0.0 0.0
10000 10000 1955 290 1e-18 0.0149452321325 0.0149448449526 0.0 0.0
10000 10000 1955 290 2e-18 0.0145167260358 0.0145163503022 0.0 0.0
10000 10000 1955 290 5e-18 0.0133067900615 0.0133064466584 0.0 0.0
10000 10000 1955 290 7e-18 0.0125592634749 0.0125589400509 0.0 0.0
10000 10000 1955 290 1e-17 0.0115194066415 0.0115191110096 0.0 0.0
10000 10000 1955 290 2e-17 0.00865780697116 0.00865758773909 0.0 0.0
10000 10000 1955 290 5e-17 0.00375515940716 0.00375506963724 0.0 0.0
10000 10000 1955 290 7e-17 0.00218632809812 0.00218627846152 0.0 0.0
10000 10000 1955 290 1e-16 0.000991960575821 0.000991940105233 0.0 0.0
10000 10000 1955 290 1e-15 2.10764635353e-10 2.10764635277e-10 0.0 0.0
10000 10000 1955 290 1e-14 8.00697420212e-57 8.00697420212e-57 0.0 0.0
10000 10000 1955 290 1e-12 0.0 0.0 0.0 0.0
10000 10000 1955 290 1e-10 0.0 0.0 0.0 0.0
