10000 10000 1155 250 1e-22 0.125893992386 0.125812576752 0.0 0.0
10000 10000 1155 250 1e-20 0.125853617073 0.125772236473 0.0 0.0
10000 10000 1155 250 1e-19 0.125487217962 0.125406155076 0.0 0.0
10000 10000 1155 250 2e-19 0.125081476028 0.125000764517 0.0 0.0
10000 10000 1155 250 5e-19 0.123872834735 0.123793167087 0.0 0.0
10000 10000 1155 250 7e-19 0.123074170262 0.122995190066 0.0 0.0
10000 10000 1155 250 1e-18 0.121886704626 0.121808743111 0.0 0.0
10000 10000 1155 250 2e-18 0.118017949545 0.1179432783 0.0 0.0
10000 10000 1155 250 5e-18 0.107192166174 0.10712646676 0.0 0.0
10000 10000 1155 250 7e-18 0.100576358447 0.100515968366 0.0 0.0
10000 10000 1155 250 1e-17 0.0914662159696 0.091412916546 0.0 0.0
10000 10000 1155 250 2e-17 0.0669661256258 0.0669305725519 0.0 0.0
10000 10000 1155 250 5e-17 0.027161433882 0.0271500519019 0.0 0.0
10000 10000 1155 250 7e-17 0.0151865712027 0.0151810215565 0.0 0.0
10000 10000 1155 250 1e-16 0.00649596522528 0.00649400249209 0.0 0.0
10000 10000 1155 250 1e-15 1.4423610138e-10 1.44236085246e-10 0.0 0.0
10000 10000 1155 250 1e-14 5.88140462895e-57 5.88140462895e-57 0.0 0.0
10000 10000 1155 250 1e-12 0.0 0.0 0.0 0.0
10000 10000 1155 250 1e-10 0.0 0.0 0.0 0.0
