10000 10000 755 150 1e-22 0.0792164310861 0.0 0.0 0.0
10000 10000 755 150 1e-20 0.0791926089064 0.0 0.0 0.0
10000 10000 755 150 1e-19 0.0789763678368 0.0 0.0 0.0
10000 10000 755 150 2e-19 0.0787367839578 0.0 0.0 0.0
10000 10000 755 150 5e-19 0.0780223346238 0.0 0.0 0.0
10000 10000 755 150 7e-19 0.0775496024039 0.0 0.0 0.0
10000 10000 755 150 1e-18 0.0768458192212 0.0 0.0 0.0
10000 10000 755 150 2e-18 0.0745453568395 0.0 0.0 0.0
10000 10000 755 150 5e-18 0.0680484079616 0.0 0.0 0.0
10000 10000 755 150 7e-18 0.0640364183739 0.0 0.0 0.0
10000 10000 755 150 1e-17 0.0584628224007 0.0 0.0 0.0
10000 10000 755 150 2e-17 0.0432164941361 0.0 0.0 0.0
10000 10000 755 150 5e-17 0.0177890042516 0.0 0.0 0.0
10000 10000 755 150 7e-17 0.0100097979668 0.0 0.0 0.0
10000 10000 755 150 1e-16 0.00432107415413 0.0 0.0 0.0
10000 10000 755 150 1e-15 1.84951883931e-09 0.0 0.0 0.0
10000 10000 755 150 1e-14 3.62349138386e-39 0.0 0.0 0.0
10000 10000 755 150 1e-12 0.0 0.0 0.0 0.0
10000 10000 755 150 1e-10 0.0 0.0 0.0 0.0
