10000 10000 1255 50 1e-22 8.27917401976e-06 0.0 0.0 0.0
10000 10000 1255 50 1e-20 8.27892056315e-06 0.0 0.0 0.0
10000 10000 1255 50 1e-19 8.27661679939e-06 0.0 0.0 0.0
10000 10000 1255 50 2e-19 8.27405787991e-06 0.0 0.0 0.0
10000 10000 1255 50 5e-19 8.26638628475e-06 0.0 0.0 0.0
10000 10000 1255 50 7e-19 8.26127618734e-06 0.0 0.0 0.0
10000 10000 1255 50 1e-18 8.25361748357e-06 0.0 0.0 0.0
10000 10000 1255 50 2e-18 8.22814419587e-06 0.0 0.0 0.0
10000 10000 1255 50 5e-18 8.15223585406e-06 0.0 0.0 0.0
10000 10000 1255 50 7e-18 8.10205325761e-06 0.0 0.0 0.0
10000 10000 1255 50 1e-17 8.02740727514e-06 0.0 0.0 0.0
10000 10000 1255 50 2e-17 7.7839253028e-06 0.0 0.0 0.0
10000 10000 1255 50 5e-17 7.10014368607e-06 0.0 0.0 0.0
10000 10000 1255 50 7e-17 6.68035511953e-06 0.0 0.0 0.0
10000 10000 1255 50 1e-16 6.09967614501e-06 0.0 0.0 0.0
10000 10000 1255 50 1e-15 4.51060156881e-07 0.0 0.0 0.0
10000 10000 1255 50 1e-14 2.24007921547e-17 0.0 0.0 0.0
10000 10000 1255 50 1e-12 0.0 0.0 0.0 0.0
10000 10000 1255 50 1e-10 0.0 0.0 0.0 0.0
