10000 10000 655 470 1e-22 0.662259584898 0.662234676885 0.661502539598 0.0
10000 10000 655 470 1e-20 0.662050263717 0.662025363328 0.661293273537 0.0
10000 10000 655 470 1e-19 0.660149330661 0.660124499813 0.659392851977 0.0
10000 10000 655 470 2e-19 0.658041393534 0.658016640446 0.65728550495 0.0
10000 10000 655 470 5e-19 0.651744360188 0.651719843341 0.650990375932 0.0
10000 10000 655 470 7e-19 0.647568833463 0.647544476419 0.646816226976 0.0
10000 10000 655 470 1e-18 0.641339628875 0.6413155147 0.64058924461 0.0
10000 10000 655 470 2e-18 0.620876002022 0.620852720321 0.620134269423 0.0
10000 10000 655 470 5e-18 0.562355528546 0.562334856787 0.561648827157 0.0
10000 10000 655 470 7e-18 0.52579990273 0.525780977465 0.525121801345 0.0
10000 10000 655 470 1e-17 0.474678423144 0.474662013492 0.474047579329 0.0
10000 10000 655 470 2e-17 0.334727925135 0.334718290002 0.334259613225 0.0
10000 10000 655 470 5e-17 0.115319607096 0.115317999615 0.115161244959 0.0
10000 10000 655 470 7e-17 0.0574661930623 0.0574657209795 0.057391453853 0.0
10000 10000 655 470 1e-16 0.0209348551741 0.0209347784918 0.0209100571143 0.0
10000 10000 655 470 1e-15 1.53779472559e-11 1.53779472559e-11 1.53776142947e-11 0.0
10000 10000 655 470 1e-14 5.30226599861e-59 5.30226599861e-59 5.30226599861e-59 0.0
10000 10000 655 470 1e-12 0.0 0.0 0.0 0.0
10000 10000 655 470 1e-10 0.0 0.0 0.0 0.0
