10000 10000 1405 440 1e-22 0.436086825687 0.436074231851 0.435571167844 0.0
10000 10000 1405 440 1e-20 0.435949154395 0.435936567868 0.435433659083 0.0
10000 10000 1405 440 1e-19 0.434699532046 0.434687011772 0.434185512573 0.0
10000 10000 1405 440 2e-19 0.433315144346 0.433302697282 0.43280276109 0.0
10000 10000 1405 440 5e-19 0.429187648579 0.429175418605 0.428680151117 0.0
10000 10000 1405 440 7e-19 0.426457261019 0.426445173679 0.425953001638 0.0
10000 10000 1405 440 1e-18 0.422393368239 0.42238149176 0.421893937174 0.0
10000 10000 1405 440 2e-18 0.409118038654 0.409106839003 0.408634450506 0.0
10000 10000 1405 440 5e-18 0.371697919116 0.371688528171 0.371259508954 0.0
10000 10000 1405 440 7e-18 0.348647359545 0.348639009484 0.348237100886 0.0
10000 10000 1405 440 1e-17 0.316706094854 0.316699093972 0.316335154862 0.0
10000 10000 1405 440 2e-17 0.229952718174 0.229948824904 0.229689451079 0.0
10000 10000 1405 440 5e-17 0.0890864356074 0.0890857534357 0.0889939902572 0.0
10000 10000 1405 440 7e-17 0.0480657521022 0.0480655337197 0.048019357729 0.0
10000 10000 1405 440 1e-16 0.0195187660223 0.0195187250054 0.0195018579861 0.0
10000 10000 1405 440 1e-15 5.72648312553e-11 5.72648312553e-11 5.72641143204e-11 0.0
10000 10000 1405 440 1e-14 1.10137865357e-58 1.10137865357e-58 1.10137865357e-58 0.0
10000 10000 1405 440 1e-12 0.0 0.0 0.0 0.0
10000 10000 1405 440 1e-10 0.0 0.0 0.0 0.0
