10000 10000 955 460 1e-22 0.700695967627 0.700669272534 0.699946728144 0.0
10000 10000 955 460 1e-20 0.7004800795 0.700453395523 0.699730943128 0.0
10000 10000 955 460 1e-19 0.698519542358 0.698492959387 0.697771349758 0.0
10000 10000 955 460 2e-19 0.696345578016 0.696319107171 0.695598447424 0.0
10000 10000 955 460 5e-19 0.689851691153 0.689825555974 0.689107828731 0.0
10000 10000 955 460 7e-19 0.685545920229 0.685520008177 0.684804302735 0.0
10000 10000 955 460 1e-18 0.679122774857 0.679097196408 0.678384619483 0.0
10000 10000 955 460 2e-18 0.658024099053 0.657999621549 0.657298235824 0.0
10000 10000 955 460 5e-18 0.597683191661 0.597661880214 0.596999537042 0.0
10000 10000 955 460 7e-18 0.559965984171 0.559946641184 0.559313362653 0.0
10000 10000 955 460 1e-17 0.507155421599 0.507138787459 0.506551339091 0.0
10000 10000 955 460 2e-17 0.361875474795 0.361865741981 0.361428577785 0.0
10000 10000 955 460 5e-17 0.129521753661 0.129520034937 0.129366403806 0.0
10000 10000 955 460 7e-17 0.0661310345656 0.0661305062605 0.0660559600962 0.0
10000 10000 955 460 1e-16 0.0248931354674 0.0248930440231 0.0248673854233 0.0
10000 10000 955 460 1e-15 2.99725626932e-11 2.99725626932e-11 2.99720231264e-11 0.0
10000 10000 955 460 1e-14 2.97117097998e-58 2.97117097998e-58 2.97117097998e-58 0.0
10000 10000 955 460 1e-12 0.0 0.0 0.0 0.0
10000 10000 955 460 1e-10 0.0 0.0 0.0 0.0
