10000 10000 2955 2550 1e-22 0.00786688119218 0.00786688119218 0.00786688119218 0.00786688119218
10000 10000 2955 2550 1e-20 0.00786137772066 0.00786137772066 0.00786137772066 0.00786137772066
10000 10000 2955 2550 1e-19 0.00781154414053 0.00781154414053 0.00781154414053 0.00781154414053
10000 10000 2955 2550 2e-19 0.00775658932267 0.00775658932267 0.00775658932267 0.00775658932267
10000 10000 2955 2550 5e-19 0.00759431221954 0.00759431221954 0.00759431221954 0.00759431221954
10000 10000 2955 2550 7e-19 0.00748824460979 0.00748824460979 0.00748824460979 0.00748824460979
10000 10000 2955 2550 1e-18 0.00733224271422 0.00733224271422 0.00733224271422 0.00733224271422
10000 10000 2955 2550 2e-18 0.00683791800243 0.00683791800243 0.00683791800243 0.00683791800243
10000 10000 2955 2550 5e-18 0.00556412418037 0.00556412418037 0.00556412418037 0.00556412418037
10000 10000 2955 2550 7e-18 0.0048615539455 0.0048615539455 0.0048615539455 0.0048615539455
10000 10000 2955 2550 1e-17 0.00398322678667 0.00398322678667 0.00398322678667 0.00398322678667
10000 10000 2955 2550 2e-17 0.00209539258223 0.00209539258223 0.00209539258223 0.00209539258223
10000 10000 2955 2550 5e-17 0.000342445898812 0.000342445898812 0.000342445898812 0.000342445898812
10000 10000 2955 2550 7e-17 0.00010801837028 0.00010801837028 0.00010801837028 0.00010801837028
10000 10000 2955 2550 1e-16 2.01737340208e-05 2.01737340208e-05 2.01737340208e-05 2.01737340208e-05
10000 10000 2955 2550 1e-15 7.165305308e-24 7.165305308e-24 7.165305308e-24 7.165305308e-24
10000 10000 2955 2550 1e-14 5.70465832527e-195 5.70465832527e-195 5.70465832527e-195 5.70465832527e-195
10000 10000 2955 2550 1e-12 0.0 0.0 0.0 0.0
10000 10000 2955 2550 1e-10 0.0 0.0 0.0 0.0
