10000 10000 1405 470 1e-22 0.491081966473 0.491072943603 0.490623061961 0.0
10000 10000 1405 470 1e-20 0.490928604588 0.490919587132 0.490469831341 0.0
10000 10000 1405 470 1e-19 0.489536439111 0.489527470726 0.489078858387 0.0
10000 10000 1405 470 2e-19 0.487993880113 0.487984965936 0.487537622722 0.0
10000 10000 1405 470 5e-19 0.483393219466 0.483384465945 0.482940921186 0.0
10000 10000 1405 470 7e-19 0.480348535662 0.480339887622 0.479898867501 0.0
10000 10000 1405 470 1e-18 0.475814963065 0.475806470854 0.475369225753 0.0
10000 10000 1405 470 2e-18 0.460989991837 0.460981998939 0.460557227054 0.0
10000 10000 1405 470 5e-18 0.419082822938 0.419076157656 0.418687639498 0.0
10000 10000 1405 470 7e-18 0.393188456748 0.393182550879 0.392817097782 0.0
10000 10000 1405 470 1e-17 0.357218159163 0.357213232302 0.356880550437 0.0
10000 10000 1405 470 2e-17 0.259120980111 0.259118282245 0.258878280202 0.0
10000 10000 1405 470 5e-17 0.0994489392146 0.0994484875021 0.0993627687009 0.0
10000 10000 1405 470 7e-17 0.0532254551838 0.0532253156411 0.0531823552182 0.0
10000 10000 1405 470 1e-16 0.0213499164607 0.0213498919323 0.021334389468 0.0
10000 10000 1405 470 1e-15 3.81847765096e-11 3.81847765096e-11 3.81844778733e-11 0.0
10000 10000 1405 470 1e-14 2.77624654636e-60 2.77624654636e-60 2.77624654636e-60 0.0
10000 10000 1405 470 1e-12 0.0 0.0 0.0 0.0
10000 10000 1405 470 1e-10 0.0 0.0 0.0 0.0
