10000 10000 555 260 1e-22 0.589060283094 0.588593449988 0.0 0.0
10000 10000 555 260 1e-20 0.588871280617 0.588404575439 0.0 0.0
10000 10000 555 260 1e-19 0.587155413244 0.586689871409 0.0 0.0
10000 10000 555 260 2e-19 0.585253831007 0.584789582517 0.0 0.0
10000 10000 555 260 5e-19 0.57958024134 0.579119876929 0.0 0.0
10000 10000 555 260 7e-19 0.575823784896 0.575366012615 0.0 0.0
10000 10000 555 260 1e-18 0.570227943577 0.569774062385 0.0 0.0
10000 10000 555 260 2e-18 0.551910576565 0.55146967219 0.0 0.0
10000 10000 555 260 5e-18 0.500011218126 0.499608884802 0.0 0.0
10000 10000 555 260 7e-18 0.46788916475 0.46751185945 0.0 0.0
10000 10000 555 260 1e-17 0.423256058016 0.422914726525 0.0 0.0
10000 10000 555 260 2e-17 0.301998343564 0.301759512931 0.0 0.0
10000 10000 555 260 5e-17 0.109911420273 0.109835993997 0.0 0.0
10000 10000 555 260 7e-17 0.0570187464542 0.0569840203769 0.0 0.0
10000 10000 555 260 1e-16 0.0220176953334 0.0220065965774 0.0 0.0
10000 10000 555 260 1e-15 7.17827150861e-11 7.17827012576e-11 0.0 0.0
10000 10000 555 260 1e-14 2.42207779514e-57 2.42207779514e-57 0.0 0.0
10000 10000 555 260 1e-12 0.0 0.0 0.0 0.0
10000 10000 555 260 1e-10 0.0 0.0 0.0 0.0
