10000 10000 955 470 1e-22 0.681168093191 0.681151613839 0.680482046081 0.0
10000 10000 955 470 1e-20 0.680962292377 0.680945819375 0.680276305816 0.0
10000 10000 955 470 1e-19 0.679093302012 0.679076886761 0.678407873726 0.0
10000 10000 955 470 2e-19 0.677020726075 0.677004375023 0.676335934458 0.0
10000 10000 955 470 5e-19 0.670828912253 0.670812753958 0.670146131448 0.0
10000 10000 955 470 7e-19 0.666722773799 0.666706744088 0.666041414988 0.0
10000 10000 955 470 1e-18 0.660596441962 0.660580605151 0.659917333347 0.0
10000 10000 955 470 2e-18 0.640464171177 0.640448976109 0.639793502233 0.0
10000 10000 955 470 5e-18 0.582809186886 0.58279587414 0.582170716484 0.0
10000 10000 955 470 7e-18 0.546706575994 0.546694455512 0.546093569448 0.0
10000 10000 955 470 1e-17 0.496064043163 0.496053584477 0.495492569765 0.0
10000 10000 955 470 2e-17 0.356087994893 0.356081846604 0.355658516383 0.0
10000 10000 955 470 5e-17 0.129362554722 0.129361474231 0.129210360053 0.0
10000 10000 955 470 7e-17 0.0665416863001 0.0665413551126 0.066467776888 0.0
10000 10000 955 470 1e-16 0.0252681918131 0.0252681343681 0.0252427704863 0.0
10000 10000 955 470 1e-15 2.32645973335e-11 2.32645973335e-11 2.32642013684e-11 0.0
10000 10000 955 470 1e-14 2.13079740977e-61 2.13079740977e-61 2.13079740977e-61 0.0
10000 10000 955 470 1e-12 0.0 0.0 0.0 0.0
10000 10000 955 470 1e-10 0.0 0.0 0.0 0.0
