10000 10000 1155 1100 1e-22 0.419317304361 0.419317304361 0.419293400853 0.419119960282
10000 10000 1155 1100 1e-20 0.419141880137 0.419141880137 0.419117996793 0.41894460955
10000 10000 1155 1100 1e-19 0.417550210174 0.417550210174 0.417526509169 0.417353606982
10000 10000 1155 1100 2e-19 0.415788219172 0.415788219172 0.415764718746 0.415592356003
10000 10000 1155 1100 5e-19 0.410543328175 0.410543328175 0.410520416996 0.410349675382
10000 10000 1155 1100 7e-19 0.407080796622 0.407080796622 0.407058268131 0.406888609273
10000 10000 1155 1100 1e-18 0.40193774387 0.40193774387 0.40191577471 0.401747742353
10000 10000 1155 1100 2e-18 0.385228231911 0.385228231911 0.385208007566 0.385045407723
10000 10000 1155 1100 5e-18 0.338946809965 0.338946809965 0.338930891796 0.338784469297
10000 10000 1155 1100 7e-18 0.311107610836 0.311107610836 0.311093953947 0.310958012375
10000 10000 1155 1100 1e-17 0.273484315095 0.273484315095 0.273473376615 0.273352416536
10000 10000 1155 1100 2e-17 0.177928256617 0.177928256617 0.177922787313 0.177843419979
10000 10000 1155 1100 5e-17 0.0506942477756 0.0506942477756 0.050693439487 0.050673376776
10000 10000 1155 1100 7e-17 0.0228880729951 0.0228880729951 0.0228878361931 0.0228798735436
10000 10000 1155 1100 1e-16 0.00737605677925 0.00737605677925 0.00737601778835 0.00737395428661
10000 10000 1155 1100 1e-15 2.45010011575e-13 2.45010011575e-13 2.45010011575e-13 2.45009918543e-13
10000 10000 1155 1100 1e-14 1.18774377574e-89 1.18774377574e-89 1.18774377574e-89 1.18774377574e-89
10000 10000 1155 1100 1e-12 0.0 0.0 0.0 0.0
10000 10000 1155 1100 1e-10 0.0 0.0 0.0 0.0
