10000 10000 1255 470 1e-22 0.571074440574 0.571060393175 0.57053558883 0.0
10000 10000 1255 470 1e-20 0.570898536629 0.570884496707 0.570359824227 0.0
10000 10000 1255 470 1e-19 0.569301460489 0.569287488387 0.568764015123 0.0
10000 10000 1255 470 2e-19 0.567531264427 0.567517367372 0.566995227455 0.0
10000 10000 1255 470 5e-19 0.562248033775 0.562234359901 0.561716225031 0.0
10000 10000 1255 470 7e-19 0.5587486667 0.558735139986 0.558219678726 0.0
10000 10000 1255 470 1e-18 0.55353376754 0.553520459134 0.553009012509 0.0
10000 10000 1255 470 2e-18 0.536446096967 0.536433495343 0.535935449821 0.0
10000 10000 1255 470 5e-18 0.487880964137 0.487870295337 0.487412226879 0.0
10000 10000 1255 470 7e-18 0.457704754889 0.457695226276 0.45726324436 0.0
10000 10000 1255 470 1e-17 0.415613538576 0.415605516169 0.415211275967 0.0
10000 10000 1255 470 2e-17 0.300167819165 0.300163369211 0.299878713388 0.0
10000 10000 1255 470 5e-17 0.112660914615 0.112660199667 0.112560712384 0.0
10000 10000 1255 470 7e-17 0.0593751283759 0.059374918348 0.0593258552751 0.0
10000 10000 1255 470 1e-16 0.0233444114509 0.0233443773078 0.023326996415 0.0
10000 10000 1255 470 1e-15 4.22269151065e-11 4.22269151065e-11 4.22263903588e-11 0.0
10000 10000 1255 470 1e-14 3.22417688462e-58 3.22417688462e-58 3.22417688462e-58 0.0
10000 10000 1255 470 1e-12 0.0 0.0 0.0 0.0
10000 10000 1255 470 1e-10 0.0 0.0 0.0 0.0
