10000 10000 555 340 1e-22 0.642979471861 0.642767686788 0.640275667477 0.0
10000 10000 555 340 1e-20 0.64277888774 0.642567172992 0.640075574307 0.0
10000 10000 555 340 1e-19 0.640957366399 0.640746291076 0.638258531468 0.0
10000 10000 555 340 2e-19 0.638937627731 0.6387272631 0.636243800869 0.0
10000 10000 555 340 5e-19 0.632904915625 0.632696684027 0.63022630834 0.0
10000 10000 555 340 7e-19 0.628905333001 0.628698523808 0.62623702847 0.0
10000 10000 555 340 1e-18 0.622939559068 0.622734883259 0.620286930686 0.0
10000 10000 555 340 2e-18 0.60334860775 0.603151029193 0.600749964467 0.0
10000 10000 555 340 5e-18 0.547369023399 0.547192340772 0.544943859028 0.0
10000 10000 555 340 7e-18 0.512418930134 0.512255612401 0.510114753579 0.0
10000 10000 555 340 1e-17 0.463541862604 0.463397437943 0.461420773643 0.0
10000 10000 555 340 2e-17 0.329497513161 0.329404416605 0.327943267069 0.0
10000 10000 555 340 5e-17 0.116845490559 0.116822985754 0.116302554074 0.0
10000 10000 555 340 7e-17 0.0594050277357 0.0593963796555 0.0591391146362 0.0
10000 10000 555 340 1e-16 0.0222744782996 0.0222723575665 0.022180950254 0.0
10000 10000 555 340 1e-15 5.00925378073e-11 5.00925377859e-11 5.00880699212e-11 0.0
10000 10000 555 340 1e-14 1.73780007529e-57 1.73780007529e-57 1.73780007529e-57 0.0
10000 10000 555 340 1e-12 0.0 0.0 0.0 0.0
10000 10000 555 340 1e-10 0.0 0.0 0.0 0.0
