10000 10000 1355 200 1e-22 0.00901215007744 0.00900288289203 0.0 0.0
10000 10000 1355 200 1e-20 0.00900966914081 0.00900040498439 0.0 0.0
10000 10000 1355 200 1e-19 0.00898714808495 0.00897791141659 0.0 0.0
10000 10000 1355 200 2e-19 0.0089621940999 0.0089529878722 0.0 0.0
10000 10000 1355 200 5e-19 0.0088877683165 0.00887865277287 0.0 0.0
10000 10000 1355 200 7e-19 0.00883851236235 0.00882945674709 0.0 0.0
10000 10000 1355 200 1e-18 0.00876516583298 0.00875619932659 0.0 0.0
10000 10000 1355 200 2e-18 0.00852526362804 0.00851658748378 0.0 0.0
10000 10000 1355 200 5e-18 0.00784607372233 0.00783821027665 0.0 0.0
10000 10000 1355 200 7e-18 0.00742503640101 0.00741766955215 0.0 0.0
10000 10000 1355 200 1e-17 0.0068373813587 0.00683069793438 0.0 0.0
10000 10000 1355 200 2e-17 0.00520643040033 0.00520157911568 0.0 0.0
10000 10000 1355 200 5e-17 0.00234327418563 0.00234135322759 0.0 0.0
10000 10000 1355 200 7e-17 0.00139523124577 0.00139416946098 0.0 0.0
10000 10000 1355 200 1e-16 0.0006522041368 0.000651754930636 0.0 0.0
10000 10000 1355 200 1e-15 1.30394808219e-10 1.30394751294e-10 0.0 0.0
10000 10000 1355 200 1e-14 3.69763638049e-51 3.69763638049e-51 0.0 0.0
10000 10000 1355 200 1e-12 0.0 0.0 0.0 0.0
10000 10000 1355 200 1e-10 0.0 0.0 0.0 0.0
