10000 10000 655 460 1e-22 0.646094362963 0.646062397362 0.64534738856 0.0
10000 10000 655 460 1e-20 0.645891788445 0.645859832073 0.645144862695 0.0
10000 10000 655 460 1e-19 0.644052101144 0.644020228938 0.643305628192 0.0
10000 10000 655 460 2e-19 0.642012029829 0.641980251698 0.641266081936 0.0
10000 10000 655 460 5e-19 0.635917424864 0.635885932314 0.635173187332 0.0
10000 10000 655 460 7e-19 0.631875875785 0.631844576254 0.631132887717 0.0
10000 10000 655 460 1e-18 0.625846175212 0.625815168841 0.625105218488 0.0
10000 10000 655 460 2e-18 0.606034886106 0.606004883565 0.60530195939 0.0
10000 10000 655 460 5e-18 0.549354875401 0.549328023098 0.54865526597 0.0
10000 10000 655 460 7e-18 0.513930347986 0.513905615009 0.513258329887 0.0
10000 10000 655 460 1e-17 0.464365954497 0.464344298867 0.463739878285 0.0
10000 10000 655 460 2e-17 0.328503398542 0.328490231516 0.328036880762 0.0
10000 10000 655 460 5e-17 0.114521406064 0.114518969027 0.114362226791 0.0
10000 10000 655 460 7e-17 0.0575801729673 0.0575794086663 0.0575045685257 0.0
10000 10000 655 460 1e-16 0.0212684244233 0.0212682878999 0.021243096296 0.0
10000 10000 655 460 1e-15 1.72778269515e-11 1.72778269515e-11 1.72773271097e-11 0.0
10000 10000 655 460 1e-14 3.8602570405e-60 3.8602570405e-60 3.8602570405e-60 0.0
10000 10000 655 460 1e-12 0.0 0.0 0.0 0.0
10000 10000 655 460 1e-10 0.0 0.0 0.0 0.0
