10000 10000 1305 290 1e-22 0.133631948445 0.133604753854 0.0 0.0
10000 10000 1305 290 1e-20 0.133590017928 0.133562837266 0.0 0.0
10000 10000 1305 290 1e-19 0.133209484504 0.133182430112 0.0 0.0
10000 10000 1305 290 2e-19 0.132788046221 0.132761131361 0.0 0.0
10000 10000 1305 290 5e-19 0.13153237172 0.131505870659 0.0 0.0
10000 10000 1305 290 7e-19 0.130702400826 0.130676171686 0.0 0.0
10000 10000 1305 290 1e-18 0.129468054029 0.129442226948 0.0 0.0
10000 10000 1305 290 2e-18 0.125443783577 0.12541924782 0.0 0.0
10000 10000 1305 290 5e-18 0.114160144353 0.114139069853 0.0 0.0
10000 10000 1305 290 7e-18 0.107247957634 0.107228886913 0.0 0.0
10000 10000 1305 290 1e-17 0.0977088569667 0.0976924054631 0.0 0.0
10000 10000 1305 290 2e-17 0.0719315548453 0.0719213265787 0.0 0.0
10000 10000 1305 290 5e-17 0.0296061459351 0.0296033515289 0.0 0.0
10000 10000 1305 290 7e-17 0.0167133118995 0.0167120407467 0.0 0.0
10000 10000 1305 290 1e-16 0.00725648528403 0.00725606494448 0.0 0.0
10000 10000 1305 290 1e-15 2.39798416047e-10 2.39798414122e-10 0.0 0.0
10000 10000 1305 290 1e-14 4.20238875843e-57 4.20238875843e-57 0.0 0.0
10000 10000 1305 290 1e-12 0.0 0.0 0.0 0.0
10000 10000 1305 290 1e-10 0.0 0.0 0.0 0.0
