10000 10000 1055 850 1e-22 0.557984836388 0.557965722474 0.557873317228 0.557508229528
10000 10000 1055 850 1e-20 0.557776425559 0.557757332307 0.557664960243 0.557299909047
10000 10000 1055 850 1e-19 0.555884600237 0.555865693798 0.555773623509 0.555408909419
10000 10000 1055 850 2e-19 0.553788530579 0.553769829561 0.553678094825 0.55331376625
10000 10000 1055 850 5e-19 0.547537983723 0.54751988565 0.547429158872 0.547066054125
10000 10000 1055 850 7e-19 0.543402362067 0.543384655096 0.543294601114 0.542932366432
10000 10000 1055 850 1e-18 0.537246078313 0.537228942172 0.537139898125 0.536779046135
10000 10000 1055 850 2e-18 0.517133863773 0.517118500539 0.517032821853 0.516677194902
10000 10000 1055 850 5e-18 0.460547151804 0.460536078883 0.4604603232 0.460124759837
10000 10000 1055 850 7e-18 0.425886318043 0.425877415528 0.425807989243 0.425488222451
10000 10000 1055 850 1e-17 0.378294688518 0.378288269091 0.378227730397 0.37793344836
10000 10000 1055 850 2e-17 0.253403334312 0.253401170268 0.25336415347 0.253153841628
10000 10000 1055 850 5e-17 0.0765524442293 0.0765523573715 0.0765448158888 0.0764812674086
10000 10000 1055 850 7e-17 0.0355398831041 0.0355398720354 0.035537272634 0.0355092108927
10000 10000 1055 850 1e-16 0.0118779589058 0.0118779582492 0.0118774089879 0.0118688515818
10000 10000 1055 850 1e-15 1.31178271785e-12 1.31178271785e-12 1.31178269667e-12 1.31171283583e-12
10000 10000 1055 850 1e-14 3.30880899105e-83 3.30880899105e-83 3.30880899105e-83 3.30880899105e-83
10000 10000 1055 850 1e-12 0.0 0.0 0.0 0.0
10000 10000 1055 850 1e-10 0.0 0.0 0.0 0.0
