10000 10000 1255 320 1e-22 0.217500577573 0.217459737217 0.0 0.0
10000 10000 1255 320 1e-20 0.217431676621 0.217390857519 0.0 0.0
10000 10000 1255 320 1e-19 0.2168063391 0.216765712664 0.0 0.0
10000 10000 1255 320 2e-19 0.216113701404 0.216073287885 0.0 0.0
10000 10000 1255 320 5e-19 0.214049492003 0.214009710007 0.0 0.0
10000 10000 1255 320 7e-19 0.212684695106 0.212645328173 0.0 0.0
10000 10000 1255 320 1e-18 0.210654360907 0.210615607789 0.0 0.0
10000 10000 1255 320 2e-18 0.204030262783 0.203993481893 0.0 0.0
10000 10000 1255 320 5e-18 0.185421903539 0.185390414289 0.0 0.0
10000 10000 1255 320 7e-18 0.174000837495 0.17397241433 0.0 0.0
10000 10000 1255 320 1e-17 0.158218537772 0.158194123696 0.0 0.0
10000 10000 1255 320 2e-17 0.115523654358 0.11550875197 0.0 0.0
10000 10000 1255 320 5e-17 0.0459898003251 0.0459860532692 0.0 0.0
10000 10000 1255 320 7e-17 0.0253336664515 0.0253320774483 0.0 0.0
10000 10000 1255 320 1e-16 0.0106084051455 0.010607937603 0.0 0.0
10000 10000 1255 320 1e-15 2.02941648096e-10 2.02941647858e-10 0.0 0.0
10000 10000 1255 320 1e-14 7.4843090189e-57 7.4843090189e-57 0.0 0.0
10000 10000 1255 320 1e-12 0.0 0.0 0.0 0.0
10000 10000 1255 320 1e-10 0.0 0.0 0.0 0.0
