10000 10000 2955 1850 1e-22 0.0995155662863 0.0995155662863 0.0995155662863 0.0995145265811
10000 10000 2955 1850 1e-20 0.0994607524929 0.0994607524929 0.0994607524929 0.0994597134785
10000 10000 2955 1850 1e-19 0.0989639986684 0.0989639986684 0.0989639986684 0.0989629659121
10000 10000 2955 1850 2e-19 0.0984153167819 0.0984153167819 0.0984153167819 0.0984142909343
10000 10000 2955 1850 5e-19 0.0967896608232 0.0967896608232 0.0967896608232 0.0967886554222
10000 10000 2955 1850 7e-19 0.0957226375202 0.0957226375202 0.0957226375202 0.0957216455204
10000 10000 2955 1850 1e-18 0.0941467447149 0.0941467447149 0.0941467447149 0.0941457724787
10000 10000 2955 1850 2e-18 0.0890998438465 0.0890998438465 0.0890998438465 0.0890989346541
10000 10000 2955 1850 5e-18 0.0756807232925 0.0756807232925 0.0756807232925 0.0756799794842
10000 10000 2955 1850 7e-18 0.067984465053 0.067984465053 0.067984465053 0.0679838142336
10000 10000 2955 1850 1e-17 0.0580057086509 0.0580057086509 0.0580057086509 0.0580051757375
10000 10000 2955 1850 2e-17 0.0347031787621 0.0347031787621 0.0347031787621 0.0347029039241
10000 10000 2955 1850 5e-17 0.00817630781591 0.00817630781591 0.00817630781591 0.00817626851939
10000 10000 2955 1850 7e-17 0.00328641732986 0.00328641732986 0.00328641732986 0.00328640615403
10000 10000 2955 1850 1e-16 0.000883887155571 0.000883887155571 0.000883887155571 0.000883885344449
10000 10000 2955 1850 1e-15 5.77643182933e-17 5.77643182933e-17 5.77643182933e-17 5.77643182932e-17
10000 10000 2955 1850 1e-14 3.30686730111e-131 3.30686730111e-131 3.30686730111e-131 3.30686730111e-131
10000 10000 2955 1850 1e-12 0.0 0.0 0.0 0.0
10000 10000 2955 1850 1e-10 0.0 0.0 0.0 0.0
