10000 10000 2955 1150 1e-22 0.407154329824 0.407154329824 0.407132739975 0.407006014451
10000 10000 2955 1150 1e-20 0.406997599907 0.406997599907 0.406976033516 0.406849369961
10000 10000 2955 1150 1e-19 0.405575697351 0.405575697351 0.405554343027 0.405428241166
10000 10000 2955 1150 2e-19 0.404001947757 0.404001947757 0.403980826556 0.403855345319
10000 10000 2955 1150 5e-19 0.399319219756 0.399319219756 0.399298782374 0.399175141298
10000 10000 2955 1150 7e-19 0.396229226675 0.396229226675 0.396209232512 0.396086800388
10000 10000 2955 1150 1e-18 0.391641430826 0.391641430826 0.391622083069 0.391501438172
10000 10000 2955 1150 2e-18 0.376749116992 0.376749116992 0.376731773107 0.376616866814
10000 10000 2955 1150 5e-18 0.3355492511 0.3355492511 0.335536732296 0.335437219052
10000 10000 2955 1150 7e-18 0.310743446963 0.310743446963 0.310733356048 0.310642784578
10000 10000 2955 1150 1e-17 0.277097258711 0.277097258711 0.277089935813 0.277011122492
10000 10000 2955 1150 2e-17 0.190085501164 0.190085501164 0.190082918879 0.190032657743
10000 10000 2955 1150 5e-17 0.0640828870044 0.0640828870044 0.0640827348528 0.0640688734419
10000 10000 2955 1150 7e-17 0.032036302921 0.032036302921 0.0320362731019 0.0320302421802
10000 10000 2955 1150 1e-16 0.011771125373 0.011771125373 0.0117711219442 0.0117693381225
10000 10000 2955 1150 1e-15 1.12326190905e-12 1.12326190905e-12 1.12326190905e-12 1.12326183303e-12
10000 10000 2955 1150 1e-14 7.53941434249e-85 7.53941434249e-85 7.53941434249e-85 7.53941434249e-85
10000 10000 2955 1150 1e-12 0.0 0.0 0.0 0.0
10000 10000 2955 1150 1e-10 0.0 0.0 0.0 0.0
