10000 10000 555 500 1e-22 0.571266141171 0.571253980416 0.570725200073 0.568614374655
10000 10000 555 500 1e-20 0.571088563391 0.571076402476 0.570547620324 0.568436943754
10000 10000 555 500 1e-19 0.569475631838 0.569463469874 0.568934681626 0.566825385802
10000 10000 555 500 2e-19 0.567686485941 0.567674323666 0.56714555029 0.565037846327
10000 10000 555 500 5e-19 0.562338248444 0.562326090467 0.561797495156 0.559694922242
10000 10000 555 500 7e-19 0.558789004847 0.55877685394 0.558248485283 0.556149620343
10000 10000 555 500 1e-18 0.553489986199 0.553477851902 0.552949978785 0.550857089289
10000 10000 555 500 2e-18 0.53604898468 0.536036953157 0.535511982142 0.533442325509
10000 10000 555 500 5e-18 0.485926743941 0.48591535386 0.485408360152 0.483432747711
10000 10000 555 500 7e-18 0.454463865855 0.454453084053 0.453963612431 0.452064934849
10000 10000 555 500 1e-17 0.410310869823 0.410301132627 0.409842922108 0.408071762547
10000 10000 555 500 2e-17 0.288861746542 0.288855491102 0.288513262171 0.287184530102
10000 10000 555 500 5e-17 0.0984277136116 0.0984265313479 0.0983136951162 0.0978483333441
10000 10000 555 500 7e-17 0.0486751716314 0.0486748088617 0.0486228580033 0.0483978441699
10000 10000 555 500 1e-16 0.0175594188831 0.0175593574733 0.0175427517744 0.0174652515113
10000 10000 555 500 1e-15 1.41016561968e-11 1.41016561968e-11 1.41015697177e-11 1.4088441889e-11
10000 10000 555 500 1e-14 8.69691477368e-59 8.69691477368e-59 8.69691477368e-59 8.69691477368e-59
10000 10000 555 500 1e-12 0.0 0.0 0.0 0.0
10000 10000 555 500 1e-10 0.0 0.0 0.0 0.0
