10000 10000 805 280 1e-22 0.461217079166 0.460968561178 0.0 0.0
10000 10000 805 280 1e-20 0.461069607849 0.460821193067 0.0 0.0
10000 10000 805 280 1e-19 0.459731037611 0.459483559207 0.0 0.0
10000 10000 805 280 2e-19 0.458248121584 0.458001679683 0.0 0.0
10000 10000 805 280 5e-19 0.453826951049 0.453583594044 0.0 0.0
10000 10000 805 280 7e-19 0.450902370591 0.450661049798 0.0 0.0
10000 10000 805 280 1e-18 0.446549570189 0.446311273397 0.0 0.0
10000 10000 805 280 2e-18 0.432331779461 0.43210330408 0.0 0.0
10000 10000 805 280 5e-18 0.39227107138 0.392069783211 0.0 0.0
10000 10000 805 280 7e-18 0.367610971852 0.367426037134 0.0 0.0
10000 10000 805 280 1e-17 0.333469426099 0.333306608704 0.0 0.0
10000 10000 805 280 2e-17 0.24099961553 0.240893192976 0.0 0.0
10000 10000 805 280 5e-17 0.0922681054956 0.0922378300276 0.0 0.0
10000 10000 805 280 7e-17 0.0495183509393 0.0495049053621 0.0 0.0
10000 10000 805 280 1e-16 0.020017698401 0.0200135504692 0.0 0.0
10000 10000 805 280 1e-15 1.88056800519e-10 1.88056795047e-10 0.0 0.0
10000 10000 805 280 1e-14 1.1806852689e-56 1.1806852689e-56 0.0 0.0
10000 10000 805 280 1e-12 0.0 0.0 0.0 0.0
10000 10000 805 280 1e-10 0.0 0.0 0.0 0.0
