10000 10000 1255 1050 1e-22 0.451342291246 0.451342291246 0.451308332924 0.451081611693
10000 10000 1255 1050 1e-20 0.451146884238 0.451146884238 0.451112948941 0.450886298886
10000 10000 1255 1050 1e-19 0.449374187138 0.449374187138 0.449340460375 0.449114457695
10000 10000 1255 1050 2e-19 0.44741238812 0.44741238812 0.447378891437 0.447153608699
10000 10000 1255 1050 5e-19 0.441576376582 0.441576376582 0.441543560008 0.441320440636
10000 10000 1255 1050 7e-19 0.437726567031 0.437726567031 0.437694195561 0.437472520905
10000 10000 1255 1050 1e-18 0.432012571908 0.432012571908 0.431980855915 0.431761351123
10000 10000 1255 1050 2e-18 0.413482817408 0.413482817408 0.413453185013 0.413240923301
10000 10000 1255 1050 5e-18 0.362422134357 0.362422134357 0.362397918525 0.36220716974
10000 10000 1255 1050 7e-18 0.331881420087 0.331881420087 0.331860221879 0.331683355681
10000 10000 1255 1050 1e-17 0.290798985911 0.290798985911 0.290781590569 0.290624486633
10000 10000 1255 1050 2e-17 0.187382736694 0.187382736694 0.187373618945 0.187270902272
10000 10000 1255 1050 5e-17 0.0520091034942 0.0520091034942 0.0520076878751 0.0519816610612
10000 10000 1255 1050 7e-17 0.0230930838018 0.0230930838018 0.0230926569721 0.0230822688211
10000 10000 1255 1050 1e-16 0.0072827268387 0.0072827268387 0.00728265263123 0.00727993508581
10000 10000 1255 1050 1e-15 4.43478304433e-13 4.43478304433e-13 4.43478304433e-13 4.43478163454e-13
10000 10000 1255 1050 1e-14 1.0301366515e-84 1.0301366515e-84 1.0301366515e-84 1.0301366515e-84
10000 10000 1255 1050 1e-12 0.0 0.0 0.0 0.0
10000 10000 1255 1050 1e-10 0.0 0.0 0.0 0.0
