10000 10000 655 200 1e-22 0.341528404183 0.340886025343 0.0 0.0
10000 10000 655 200 1e-20 0.341418029682 0.340775863369 0.0 0.0
10000 10000 655 200 1e-19 0.34041626662 0.339776029388 0.0 0.0
10000 10000 655 200 2e-19 0.339306658333 0.338668558245 0.0 0.0
10000 10000 655 200 5e-19 0.335999588324 0.335367860135 0.0 0.0
10000 10000 655 200 7e-19 0.333812893166 0.333185380107 0.0 0.0
10000 10000 655 200 1e-18 0.330559657017 0.329938417725 0.0 0.0
10000 10000 655 200 2e-18 0.319944308259 0.319343562094 0.0 0.0
10000 10000 655 200 5e-18 0.290118332546 0.289575318743 0.0 0.0
10000 10000 655 200 7e-18 0.271815032254 0.271307532326 0.0 0.0
10000 10000 655 200 1e-17 0.246537006326 0.246078615378 0.0 0.0
10000 10000 655 200 2e-17 0.178354164454 0.178028126813 0.0 0.0
10000 10000 655 200 5e-17 0.0689117958581 0.0687938282585 0.0 0.0
10000 10000 655 200 7e-17 0.0372434272391 0.0371826751667 0.0 0.0
10000 10000 655 200 1e-16 0.0151934304638 0.0151704041555 0.0 0.0
10000 10000 655 200 1e-15 2.18913883197e-10 2.18912976642e-10 0.0 0.0
10000 10000 655 200 1e-14 5.53525224238e-50 5.53525224238e-50 0.0 0.0
10000 10000 655 200 1e-12 0.0 0.0 0.0 0.0
10000 10000 655 200 1e-10 0.0 0.0 0.0 0.0
