10000 10000 555 330 1e-22 0.660152981255 0.659897613209 0.0 0.0
10000 10000 555 330 1e-20 0.659941897473 0.65968660149 0.0 0.0
10000 10000 555 330 1e-19 0.658025238009 0.657770598218 0.0 0.0
10000 10000 555 330 2e-19 0.655900449375 0.655646540881 0.0 0.0
10000 10000 555 330 5e-19 0.649556702071 0.64930500058 0.0 0.0
10000 10000 555 330 7e-19 0.645353143479 0.645102923504 0.0 0.0
10000 10000 555 330 1e-18 0.639086382372 0.638838398493 0.0 0.0
10000 10000 555 330 2e-18 0.61853379075 0.618293358305 0.0 0.0
10000 10000 555 330 5e-18 0.560017779183 0.55980040935 0.0 0.0
10000 10000 555 330 7e-18 0.5236300227 0.523427916041 0.0 0.0
10000 10000 555 330 1e-17 0.472913593826 0.472733587661 0.0 0.0
10000 10000 555 330 2e-17 0.334740499378 0.334622777205 0.0 0.0
10000 10000 555 330 5e-17 0.118007034763 0.117978356433 0.0 0.0
10000 10000 555 330 7e-17 0.0599761179664 0.0599651534623 0.0 0.0
10000 10000 555 330 1e-16 0.0225595761219 0.0225569187798 0.0 0.0
10000 10000 555 330 1e-15 5.31114591788e-11 5.31114591085e-11 0.0 0.0
10000 10000 555 330 1e-14 1.28933290021e-57 1.28933290021e-57 0.0 0.0
10000 10000 555 330 1e-12 0.0 0.0 0.0 0.0
10000 10000 555 330 1e-10 0.0 0.0 0.0 0.0
