10000 10000 555 450 1e-22 0.636080869175 0.636035300611 0.635273735202 0.0
10000 10000 555 450 1e-20 0.635888779794 0.635843228802 0.63508161453 0.0
10000 10000 555 450 1e-19 0.634143885267 0.634098494071 0.63333645229 0.0
10000 10000 555 450 2e-19 0.632208033923 0.632162820382 0.631400338554 0.0
10000 10000 555 450 5e-19 0.626419224169 0.626374544113 0.62561095806 0.0
10000 10000 555 450 7e-19 0.62257593474 0.622531610623 0.621767463454 0.0
10000 10000 555 450 1e-18 0.616835446362 0.616791656299 0.616026920457 0.0
10000 10000 555 450 2e-18 0.597920881852 0.597878868995 0.597114216159 0.0
10000 10000 555 450 5e-18 0.543394088896 0.543357289717 0.542608324834 0.0
10000 10000 555 450 7e-18 0.509041860324 0.509008361751 0.508279374861 0.0
10000 10000 555 450 1e-17 0.460676334257 0.460647431629 0.459957530764 0.0
10000 10000 555 450 2e-17 0.326688285601 0.326671274586 0.326140546644 0.0
10000 10000 555 450 5e-17 0.113321775887 0.11331873573 0.113132108492 0.0
10000 10000 555 450 7e-17 0.0565814817963 0.0565805336484 0.0564915497982 0.0
10000 10000 555 450 1e-16 0.0206543816633 0.0206542123631 0.020624410614 0.0
10000 10000 555 450 1e-15 1.38897482987e-11 1.38897482987e-11 1.38890583433e-11 0.0
10000 10000 555 450 1e-14 2.865128856e-60 2.865128856e-60 2.865128856e-60 0.0
10000 10000 555 450 1e-12 0.0 0.0 0.0 0.0
10000 10000 555 450 1e-10 0.0 0.0 0.0 0.0
