10000 10000 1355 1250 1e-22 0.353718621171 0.353718621171 0.353716707909 0.353580743002
10000 10000 1355 1250 1e-20 0.353547145542 0.353547145542 0.353545233001 0.353409326153
10000 10000 1355 1250 1e-19 0.351992286643 0.351992286643 0.351990380651 0.351855001235
10000 10000 1355 1250 2e-19 0.350273109479 0.350273109479 0.35027121078 0.350136416571
10000 10000 1355 1250 5e-19 0.345168429137 0.345168429137 0.345166552405 0.345033508326
10000 10000 1355 1250 7e-19 0.341808868747 0.341808868747 0.341807006725 0.341675124564
10000 10000 1355 1250 1e-18 0.336833915964 0.336833915964 0.336832076088 0.336701929055
10000 10000 1355 1250 2e-18 0.32079372736 0.32079372736 0.320791961756 0.320667524038
10000 10000 1355 1250 5e-18 0.277313663484 0.277313663484 0.277312119526 0.277203972752
10000 10000 1355 1250 7e-18 0.25180060924 0.25180060924 0.251799207466 0.251701107245
10000 10000 1355 1250 1e-17 0.218051382102 0.218051382102 0.218050179549 0.21796581791
10000 10000 1355 1250 2e-17 0.135966741292 0.135966741292 0.135966054088 0.135916346689
10000 10000 1355 1250 5e-17 0.0353054100704 0.0353054100704 0.0353053032111 0.0352958194192
10000 10000 1355 1250 7e-17 0.015182433498 0.015182433498 0.0151824039078 0.0151792093406
10000 10000 1355 1250 1e-16 0.00459624710856 0.00459624710856 0.00459624281811 0.00459557794252
10000 10000 1355 1250 1e-15 9.86511753271e-14 9.86511753271e-14 9.86511753271e-14 9.86511751456e-14
10000 10000 1355 1250 1e-14 3.29515747729e-85 3.29515747729e-85 3.29515747729e-85 3.29515747729e-85
10000 10000 1355 1250 1e-12 0.0 0.0 0.0 0.0
10000 10000 1355 1250 1e-10 0.0 0.0 0.0 0.0
