10000 10000 655 370 1e-22 0.673101210043 0.672974375083 0.67124229346 0.0
10000 10000 655 370 1e-20 0.6728851741 0.672758382914 0.67102656295 0.0
10000 10000 655 370 1e-19 0.670923667798 0.670797274537 0.669067845467 0.0
10000 10000 655 370 2e-19 0.668749411964 0.668623460778 0.666896713708 0.0
10000 10000 655 370 5e-19 0.662259514247 0.662134888663 0.660416343794 0.0
10000 10000 655 370 7e-19 0.657960358921 0.657836616323 0.656123665223 0.0
10000 10000 655 370 1e-18 0.651552881641 0.651430461958 0.649726081138 0.0
10000 10000 655 370 2e-18 0.630553270086 0.630435239938 0.628760847393 0.0
10000 10000 655 370 5e-18 0.570871748027 0.570766555005 0.569192080966 0.0
10000 10000 655 370 7e-18 0.53382586478 0.533728826695 0.5322262104 0.0
10000 10000 655 370 1e-17 0.482257495383 0.482171925038 0.480780331933 0.0
10000 10000 655 370 2e-17 0.341979506396 0.341924797804 0.340888310631 0.0
10000 10000 655 370 5e-17 0.121546450314 0.121533496539 0.1211594591 0.0
10000 10000 655 370 7e-17 0.0620753666904 0.0620704508463 0.0618845828254 0.0
10000 10000 655 370 1e-16 0.0234606366459 0.0234594508124 0.0233931234822 0.0
10000 10000 655 370 1e-15 4.715724411e-11 4.71572441002e-11 4.71545984837e-11 0.0
10000 10000 655 370 1e-14 1.56992793141e-57 1.56992793141e-57 1.56992793141e-57 0.0
10000 10000 655 370 1e-12 0.0 0.0 0.0 0.0
10000 10000 655 370 1e-10 0.0 0.0 0.0 0.0
