10000 10000 1455 370 1e-22 0.225910168901 0.225898188999 0.22537211465 0.0
10000 10000 1455 370 1e-20 0.225839795794 0.225827821629 0.225301916972 0.0
10000 10000 1455 370 1e-19 0.225201088568 0.225189166438 0.224664801961 0.0
10000 10000 1455 370 2e-19 0.224493624111 0.224481759522 0.223959101148 0.0
10000 10000 1455 370 5e-19 0.222385112332 0.222373418646 0.221855845831 0.0
10000 10000 1455 370 7e-19 0.220990926893 0.220979345722 0.22046513615 0.0
10000 10000 1455 370 1e-18 0.218916725786 0.218905311288 0.218396106202 0.0
10000 10000 1455 370 2e-18 0.212148219378 0.212137342722 0.211644474427 0.0
10000 10000 1455 370 5e-18 0.193122074537 0.193112659264 0.192665750725 0.0
10000 10000 1455 370 7e-18 0.181434081521 0.181425526101 0.18100686397 0.0
10000 10000 1455 370 1e-17 0.165266846258 0.165259430995 0.164879830752 0.0
10000 10000 1455 370 2e-17 0.121404115093 0.121399487047 0.121125522908 0.0
10000 10000 1455 370 5e-17 0.0492487486253 0.0492475697457 0.0491435123756 0.0
10000 10000 1455 370 7e-17 0.0274623163948 0.0274618256323 0.0274065929752 0.0
10000 10000 1455 370 1e-16 0.0116993532278 0.0116992153534 0.0116774495981 0.0
10000 10000 1455 370 1e-15 1.33989878905e-10 1.33989878904e-10 1.33988275147e-10 0.0
10000 10000 1455 370 1e-14 5.22125712776e-57 5.22125712776e-57 5.22125712776e-57 0.0
10000 10000 1455 370 1e-12 0.0 0.0 0.0 0.0
10000 10000 1455 370 1e-10 0.0 0.0 0.0 0.0
