10000 10000 655 50 1e-22 1.21227435109e-05 0.0 0.0 0.0
10000 10000 655 50 1e-20 1.21223731176e-05 0.0 0.0 0.0
10000 10000 655 50 1e-19 1.21190064822e-05 0.0 0.0 0.0
10000 10000 655 50 2e-19 1.21152669942e-05 0.0 0.0 0.0
10000 10000 655 50 5e-19 1.21040562177e-05 0.0 0.0 0.0
10000 10000 655 50 7e-19 1.20965887676e-05 0.0 0.0 0.0
10000 10000 655 50 1e-18 1.20853971833e-05 0.0 0.0 0.0
10000 10000 655 50 2e-18 1.20481748516e-05 0.0 0.0 0.0
10000 10000 655 50 5e-18 1.193726904e-05 0.0 0.0 0.0
10000 10000 655 50 7e-18 1.18639609592e-05 0.0 0.0 0.0
10000 10000 655 50 1e-17 1.17549322649e-05 0.0 0.0 0.0
10000 10000 655 50 2e-17 1.13994300669e-05 0.0 0.0 0.0
10000 10000 655 50 5e-17 1.0402023084e-05 0.0 0.0 0.0
10000 10000 655 50 7e-17 9.79029503356e-06 0.0 0.0 0.0
10000 10000 655 50 1e-16 8.94468842246e-06 0.0 0.0 0.0
10000 10000 655 50 1e-15 6.80494471226e-07 0.0 0.0 0.0
10000 10000 655 50 1e-14 4.25880760276e-17 0.0 0.0 0.0
10000 10000 655 50 1e-12 0.0 0.0 0.0 0.0
10000 10000 655 50 1e-10 0.0 0.0 0.0 0.0
