10000 10000 1455 320 1e-22 0.117643764182 0.117635802109 0.0 0.0
10000 10000 1455 320 1e-20 0.117608100709 0.117600142177 0.0 0.0
10000 10000 1455 320 1e-19 0.117284404048 0.117276477629 0.0 0.0
10000 10000 1455 320 2e-19 0.116925830635 0.116917939734 0.0 0.0
10000 10000 1455 320 5e-19 0.11585695433 0.115849168962 0.0 0.0
10000 10000 1455 320 7e-19 0.115150035471 0.115142319617 0.0 0.0
10000 10000 1455 320 1e-18 0.11409807993 0.1140904671 0.0 0.0
10000 10000 1455 320 2e-18 0.110663354562 0.110656074625 0.0 0.0
10000 10000 1455 320 5e-18 0.100991242017 0.100984870528 0.0 0.0
10000 10000 1455 320 7e-18 0.0950361481448 0.095030314419 0.0 0.0
10000 10000 1455 320 1e-17 0.0867805526352 0.0867754366881 0.0 0.0
10000 10000 1455 320 2e-17 0.0642585217128 0.0642551937074 0.0 0.0
10000 10000 1455 320 5e-17 0.0266451551221 0.0266441887094 0.0 0.0
10000 10000 1455 320 7e-17 0.0150566036573 0.0150561671521 0.0 0.0
10000 10000 1455 320 1e-16 0.00653524379613 0.0065351078193 0.0 0.0
10000 10000 1455 320 1e-15 2.34257152597e-10 2.34257152596e-10 0.0 0.0
10000 10000 1455 320 1e-14 6.85600426695e-57 6.85600426695e-57 0.0 0.0
10000 10000 1455 320 1e-12 0.0 0.0 0.0 0.0
10000 10000 1455 320 1e-10 0.0 0.0 0.0 0.0
