10000 10000 705 420 1e-22 0.692365271503 0.692308763954 0.691286931265 0.0
10000 10000 705 420 1e-20 0.692144186806 0.692087696688 0.691065904989 0.0
10000 10000 705 420 1e-19 0.690136579645 0.690080248204 0.689058844402 0.0
10000 10000 705 420 2e-19 0.687910677415 0.687854522741 0.686833581873 0.0
10000 10000 705 420 5e-19 0.681263258852 0.681207637196 0.680188282011 0.0
10000 10000 705 420 7e-19 0.676857029472 0.676801765239 0.675783626429 0.0
10000 10000 705 420 1e-18 0.670286028368 0.670231303031 0.669215218278 0.0
10000 10000 705 420 2e-18 0.648718823017 0.648665912554 0.64765851894 0.0
10000 10000 705 420 5e-18 0.587189622372 0.587142208605 0.586174549398 0.0
10000 10000 705 420 7e-18 0.548851135322 0.548807322415 0.547874283736 0.0
10000 10000 705 420 1e-17 0.49534133666 0.495302686218 0.494428801856 0.0
10000 10000 705 420 2e-17 0.349329566421 0.349305121585 0.348643641471 0.0
10000 10000 705 420 5e-17 0.121037549113 0.121032207885 0.120797827766 0.0
10000 10000 705 420 7e-17 0.0606703190242 0.0606684318488 0.0605549369495 0.0
10000 10000 705 420 1e-16 0.0223203556637 0.022319953411 0.0222810849827 0.0
10000 10000 705 420 1e-15 2.06064155326e-11 2.06064155326e-11 2.06055022013e-11 0.0
10000 10000 705 420 1e-14 4.90146560058e-59 4.90146560058e-59 4.90146560058e-59 0.0
10000 10000 705 420 1e-12 0.0 0.0 0.0 0.0
10000 10000 705 420 1e-10 0.0 0.0 0.0 0.0
