10000 10000 805 360 1e-22 0.617707321068 0.617599520918 0.615977897642 0.0
10000 10000 805 360 1e-20 0.617517645674 0.617409892745 0.6157885979 0.0
10000 10000 805 360 1e-19 0.615795505655 0.615688181262 0.614069876236 0.0
10000 10000 805 360 2e-19 0.61388662738 0.613779777546 0.612164803047 0.0
10000 10000 805 360 5e-19 0.608189112142 0.608083675923 0.606478744602 0.0
10000 10000 805 360 7e-19 0.604415031984 0.604310529793 0.602712334798 0.0
10000 10000 805 360 1e-18 0.598790293746 0.598687180032 0.597099146702 0.0
10000 10000 805 360 2e-18 0.580356048326 0.580257454221 0.578703724811 0.0
10000 10000 805 360 5e-18 0.527935902781 0.527849878676 0.526401561259 0.0
10000 10000 805 360 7e-18 0.495346090284 0.495267648118 0.493890254407 0.0
10000 10000 805 360 1e-17 0.449868579284 0.449800383837 0.448528172649 0.0
10000 10000 805 360 2e-17 0.325047213057 0.325004817972 0.324052942227 0.0
10000 10000 805 360 5e-17 0.122166187504 0.122156147694 0.12179517288 0.0
10000 10000 805 360 7e-17 0.0644776252467 0.0644737133529 0.0642882710819 0.0
10000 10000 805 360 1e-16 0.0254206414438 0.0254196509303 0.025350722797 0.0
10000 10000 805 360 1e-15 8.16213462577e-11 8.16213462434e-11 8.16184541005e-11 0.0
10000 10000 805 360 1e-14 3.33819424814e-57 3.33819424814e-57 3.33819424814e-57 0.0
10000 10000 805 360 1e-12 0.0 0.0 0.0 0.0
10000 10000 805 360 1e-10 0.0 0.0 0.0 0.0
