10000 10000 1305 190 1e-22 0.01428235942 0.0142395553577 0.0 0.0
10000 10000 1305 190 1e-20 0.014278196173 0.0142354068667 0.0 0.0
10000 10000 1305 190 1e-19 0.0142404062934 0.0141977508909 0.0 0.0
10000 10000 1305 190 2e-19 0.0141985394668 0.0141560323371 0.0 0.0
10000 10000 1305 190 5e-19 0.0140737050671 0.0140316395592 0.0 0.0
10000 10000 1305 190 7e-19 0.0139911164808 0.0139493427436 0.0 0.0
10000 10000 1305 190 1e-18 0.0138681770757 0.0138268370679 0.0 0.0
10000 10000 1305 190 2e-18 0.013466427021 0.0134264993755 0.0 0.0
10000 10000 1305 190 5e-18 0.0123321808341 0.0122961978496 0.0 0.0
10000 10000 1305 190 7e-18 0.0116315596957 0.0115979802119 0.0 0.0
10000 10000 1305 190 1e-17 0.0106572050988 0.0106269234184 0.0 0.0
10000 10000 1305 190 2e-17 0.00797832370756 0.00795680903913 0.0 0.0
10000 10000 1305 190 5e-17 0.00340922747032 0.00340132107239 0.0 0.0
10000 10000 1305 190 7e-17 0.00196132350406 0.0019571899765 0.0 0.0
10000 10000 1305 190 1e-16 0.000872072913939 0.000870470526443 0.0 0.0
10000 10000 1305 190 1e-15 1.75821329974e-10 1.75821235991e-10 0.0 0.0
10000 10000 1305 190 1e-14 3.32533503911e-49 3.32533503911e-49 0.0 0.0
10000 10000 1305 190 1e-12 0.0 0.0 0.0 0.0
10000 10000 1305 190 1e-10 0.0 0.0 0.0 0.0
