10000 10000 1105 370 1e-22 0.485804662024 0.485731262018 0.484618078612 0.0
10000 10000 1105 370 1e-20 0.485651814785 0.485578451613 0.484465571178 0.0
10000 10000 1105 370 1e-19 0.484264415582 0.484191386428 0.48308125858 0.0
10000 10000 1105 370 2e-19 0.48272733591 0.482654676123 0.481547603097 0.0
10000 10000 1105 370 5e-19 0.478144244521 0.478072681764 0.476974749946 0.0
10000 10000 1105 370 7e-19 0.475112188762 0.47504134822 0.473949490687 0.0
10000 10000 1105 370 1e-18 0.470598877269 0.470529106514 0.469446329723 0.0
10000 10000 1105 370 2e-18 0.45585204086 0.455785721485 0.454732934144 0.0
10000 10000 1105 370 5e-18 0.414257465164 0.414200511588 0.413234807801 0.0
10000 10000 1105 370 7e-18 0.388617329165 0.388565871555 0.387655552307 0.0
10000 10000 1105 370 1e-17 0.353066938913 0.353022741316 0.352191156237 0.0
10000 10000 1105 370 2e-17 0.256407530405 0.256380846357 0.2557728635 0.0
10000 10000 1105 370 5e-17 0.0992533420164 0.0992472389483 0.0990199143673 0.0
10000 10000 1105 370 7e-17 0.0534956992039 0.0534933271297 0.0533759197081 0.0
10000 10000 1105 370 1e-16 0.0216887672861 0.0216881592412 0.0216440075688 0.0
10000 10000 1105 370 1e-15 8.67073040919e-11 8.67073040828e-11 8.67047122145e-11 0.0
10000 10000 1105 370 1e-14 1.66468182136e-57 1.66468182136e-57 1.66468182136e-57 0.0
10000 10000 1105 370 1e-12 0.0 0.0 0.0 0.0
10000 10000 1105 370 1e-10 0.0 0.0 0.0 0.0
