10000 10000 1255 460 1e-22 0.562529049502 0.562513157647 0.561929746783 0.0
10000 10000 1255 460 1e-20 0.56235429635 0.56233841432 0.561755143459 0.0
10000 10000 1255 460 1e-19 0.560767845501 0.560752052499 0.5601700548 0.0
10000 10000 1255 460 2e-19 0.559009796991 0.55899410232 0.558413520053 0.0
10000 10000 1255 460 5e-19 0.553765107116 0.553749703738 0.553173372321 0.0
10000 10000 1255 460 7e-19 0.550293122551 0.550277910326 0.549704416055 0.0
10000 10000 1255 460 1e-18 0.545121713813 0.545106783829 0.544537549082 0.0
10000 10000 1255 460 2e-18 0.528198165755 0.528184138876 0.527629119101 0.0
10000 10000 1255 460 5e-18 0.480260843707 0.480249207801 0.479736608025 0.0
10000 10000 1255 460 7e-18 0.450576433803 0.450566157939 0.450081291744 0.0
10000 10000 1255 460 1e-17 0.409273418749 0.409264886647 0.408820273581 0.0
10000 10000 1255 460 2e-17 0.296358633423 0.296354021221 0.296027579628 0.0
10000 10000 1255 460 5e-17 0.11264906103 0.112648297109 0.112528704146 0.0
10000 10000 1255 460 7e-17 0.0598756806605 0.0598754417587 0.059814888103 0.0
10000 10000 1255 460 1e-16 0.0238037654758 0.0238037218307 0.0237815394222 0.0
10000 10000 1255 460 1e-15 4.62137714199e-11 4.62137714199e-11 4.6213275341e-11 0.0
10000 10000 1255 460 1e-14 3.63835435072e-58 3.63835435072e-58 3.63835435072e-58 0.0
10000 10000 1255 460 1e-12 0.0 0.0 0.0 0.0
10000 10000 1255 460 1e-10 0.0 0.0 0.0 0.0
