10000 10000 1105 470 1e-22 0.626138929605 0.626120190625 0.625512279353 0.0
10000 10000 1105 470 1e-20 0.625946072039 0.625927342499 0.625319552433 0.0
10000 10000 1105 470 1e-19 0.62419495023 0.624176306359 0.623569620746 0.0
10000 10000 1105 470 2e-19 0.622253760287 0.622235211291 0.621629758222 0.0
10000 10000 1105 470 5e-19 0.616458651317 0.616440384963 0.615838662263 0.0
10000 10000 1105 470 7e-19 0.612618993632 0.612600914042 0.612001704334 0.0
10000 10000 1105 470 1e-18 0.606895182343 0.606877380382 0.606281976939 0.0
10000 10000 1105 470 2e-18 0.588125575045 0.588108676439 0.587526243319 0.0
10000 10000 1105 470 5e-18 0.534675031864 0.534660636063 0.534118893333 0.0
10000 10000 1105 470 7e-18 0.501399470705 0.501386571225 0.500872644012 0.0
10000 10000 1105 470 1e-17 0.454925885038 0.454914981944 0.454442624143 0.0
10000 10000 1105 470 2e-17 0.327307880125 0.327301786167 0.326956142938 0.0
10000 10000 1105 470 5e-17 0.120919357572 0.120918372135 0.120797233592 0.0
10000 10000 1105 470 7e-17 0.0630169143656 0.0630166238697 0.0629573383887 0.0
10000 10000 1105 470 1e-16 0.0243776492809 0.0243776015667 0.0243569087887 0.0
10000 10000 1105 470 1e-15 3.43605622523e-11 3.43605622523e-11 3.43603278457e-11 0.0
10000 10000 1105 470 1e-14 7.87252217573e-58 7.87252217573e-58 7.87252217573e-58 0.0
10000 10000 1105 470 1e-12 0.0 0.0 0.0 0.0
10000 10000 1105 470 1e-10 0.0 0.0 0.0 0.0
