10000 10000 1455 420 1e-22 0.33099574517 0.330969611675 0.330456359327 0.0
10000 10000 1455 420 1e-20 0.330891368357 0.330865250685 0.330352175186 0.0
10000 10000 1455 420 1e-19 0.329944015966 0.329918041705 0.32940657129 0.0
10000 10000 1455 420 2e-19 0.328894624 0.328868808152 0.328359115631 0.0
10000 10000 1455 420 5e-19 0.325766693923 0.325741347499 0.325236953839 0.0
10000 10000 1455 420 7e-19 0.323698174669 0.323673136404 0.323172246441 0.0
10000 10000 1455 420 1e-18 0.320620340009 0.320595756914 0.320100079453 0.0
10000 10000 1455 420 2e-18 0.310573747887 0.310550622624 0.310071951661 0.0
10000 10000 1455 420 5e-18 0.282313226264 0.282293971929 0.281863040309 0.0
10000 10000 1455 420 7e-18 0.264943397378 0.264926353268 0.264524657232 0.0
10000 10000 1455 420 1e-17 0.240914644403 0.240900444495 0.240539000932 0.0
10000 10000 1455 420 2e-17 0.175805644858 0.17579789225 0.175543813783 0.0
10000 10000 1455 420 5e-17 0.0697613883922 0.0697600735126 0.0696705867256 0.0
10000 10000 1455 420 7e-17 0.0383629173975 0.0383624967769 0.0383169813242 0.0
10000 10000 1455 420 1e-16 0.0160384194159 0.0160383373726 0.0160213081514 0.0
10000 10000 1455 420 1e-15 7.33824536663e-11 7.33824536663e-11 7.33814742551e-11 0.0
10000 10000 1455 420 1e-14 9.48757259025e-58 9.48757259025e-58 9.48757259025e-58 0.0
10000 10000 1455 420 1e-12 0.0 0.0 0.0 0.0
10000 10000 1455 420 1e-10 0.0 0.0 0.0 0.0
