10000 10000 855 50 1e-22 1.03029768037e-05 0.0 0.0 0.0
10000 10000 855 50 1e-20 1.03026582577e-05 0.0 0.0 0.0
10000 10000 855 50 1e-19 1.02997628841e-05 0.0 0.0 0.0
10000 10000 855 50 2e-19 1.02965468561e-05 0.0 0.0 0.0
10000 10000 855 50 5e-19 1.02869054231e-05 0.0 0.0 0.0
10000 10000 855 50 7e-19 1.02804833391e-05 0.0 0.0 0.0
10000 10000 855 50 1e-18 1.02708585112e-05 0.0 0.0 0.0
10000 10000 855 50 2e-18 1.02388475225e-05 0.0 0.0 0.0
10000 10000 855 50 5e-18 1.01434732321e-05 0.0 0.0 0.0
10000 10000 855 50 7e-18 1.00804348535e-05 0.0 0.0 0.0
10000 10000 855 50 1e-17 9.98668527566e-06 0.0 0.0 0.0
10000 10000 855 50 2e-17 9.68105046026e-06 0.0 0.0 0.0
10000 10000 855 50 5e-17 8.82402470386e-06 0.0 0.0 0.0
10000 10000 855 50 7e-17 8.29882009744e-06 0.0 0.0 0.0
10000 10000 855 50 1e-16 7.57347837566e-06 0.0 0.0 0.0
10000 10000 855 50 1e-15 5.61816791443e-07 0.0 0.0 0.0
10000 10000 855 50 1e-14 3.50111391313e-17 0.0 0.0 0.0
10000 10000 855 50 1e-12 0.0 0.0 0.0 0.0
10000 10000 855 50 1e-10 0.0 0.0 0.0 0.0
