10000 10000 1255 360 1e-22 0.340632018498 0.340579946325 0.339385912323 0.0
10000 10000 1255 360 1e-20 0.340523270254 0.340471226179 0.339277692475 0.0
10000 10000 1255 360 1e-19 0.339536258173 0.339484468826 0.338295471919 0.0
10000 10000 1255 360 2e-19 0.338442969831 0.338391462029 0.337207482073 0.0
10000 10000 1255 360 5e-19 0.335184418424 0.335133745948 0.333964667143 0.0
10000 10000 1255 360 7e-19 0.333029702444 0.332979579179 0.331820311194 0.0
10000 10000 1255 360 1e-18 0.329823887603 0.329774576816 0.32862984303 0.0
10000 10000 1255 360 2e-18 0.319361906931 0.319315208766 0.318217390383 0.0
10000 10000 1255 360 5e-18 0.289953890824 0.289914214109 0.288944122615 0.0
10000 10000 1255 360 7e-18 0.271895782732 0.271860177738 0.270965564046 0.0
10000 10000 1255 360 1e-17 0.246939072609 0.246908787596 0.246114911379 0.0
10000 10000 1255 360 2e-17 0.179487119066 0.1794693583 0.178928077869 0.0
10000 10000 1255 360 5e-17 0.0704356532118 0.0704318487327 0.0702436711504 0.0
10000 10000 1255 360 7e-17 0.0384777433872 0.0384763137886 0.0383792045342 0.0
10000 10000 1255 360 1e-16 0.0159436576153 0.0159433076766 0.0159060676055 0.0
10000 10000 1255 360 1e-15 1.10709881782e-10 1.10709881781e-10 1.1070781095e-10 0.0
10000 10000 1255 360 1e-14 3.08560283558e-57 3.08560283558e-57 3.08560283558e-57 0.0
10000 10000 1255 360 1e-12 0.0 0.0 0.0 0.0
10000 10000 1255 360 1e-10 0.0 0.0 0.0 0.0
