10000 10000 855 500 1e-22 0.73118304014 0.73116769064 0.730494782388 0.727681187998
10000 10000 855 500 1e-20 0.730955164807 0.73093981858 0.730266967159 0.727454005034
10000 10000 855 500 1e-19 0.728885582303 0.728870266058 0.728197940208 0.725390733872
10000 10000 855 500 2e-19 0.726590313202 0.726575030746 0.72590330752 0.723102512958
10000 10000 855 500 5e-19 0.71973170315 0.719716524947 0.719046724417 0.716265264296
10000 10000 855 500 7e-19 0.715182204574 0.715167098172 0.71449867211 0.711730179447
10000 10000 855 500 1e-18 0.708392783538 0.708377788075 0.707711556852 0.704962622853
10000 10000 855 500 2e-18 0.686070052925 0.686055452113 0.685397600536 0.682714651401
10000 10000 855 500 5e-18 0.622090266688 0.622077007389 0.621452017495 0.618971052662
10000 10000 855 500 7e-18 0.582030943621 0.582018644168 0.581419981789 0.579073957392
10000 10000 855 500 1e-17 0.525907911498 0.525897058315 0.525341462574 0.523193783533
10000 10000 855 500 2e-17 0.371784046617 0.371777376497 0.371367918882 0.369808788977
10000 10000 855 500 5e-17 0.12902365828 0.129022456128 0.128886484663 0.12833771247
10000 10000 855 500 7e-17 0.0646579448987 0.0646575827652 0.0645940050996 0.0643212378118
10000 10000 855 500 1e-16 0.0237639365434 0.0237638769521 0.0237430085957 0.0236446271097
10000 10000 855 500 1e-15 1.44531640595e-11 1.44531640595e-11 1.44529434109e-11 1.44301011301e-11
10000 10000 855 500 1e-14 4.11789488621e-58 4.11789488621e-58 4.11789488621e-58 4.11789488621e-58
10000 10000 855 500 1e-12 0.0 0.0 0.0 0.0
10000 10000 855 500 1e-10 0.0 0.0 0.0 0.0
