10000 10000 1455 430 1e-22 0.364960624674 0.364948487793 0.364486124105 0.0
10000 10000 1455 430 1e-20 0.364845034705 0.364832904015 0.364370690552 0.0
10000 10000 1455 430 1e-19 0.363795880979 0.363783806432 0.363322956742 0.0
10000 10000 1455 430 2e-19 0.362633664656 0.362621652192 0.362162313775 0.0
10000 10000 1455 430 5e-19 0.359169080283 0.359157252188 0.358702422188 0.0
10000 10000 1455 430 7e-19 0.356877638648 0.356865931917 0.356414086402 0.0
10000 10000 1455 430 1e-18 0.353467687185 0.35345616021 0.353008759825 0.0
10000 10000 1455 430 2e-18 0.342333610965 0.342322663783 0.341889808268 0.0
10000 10000 1455 430 5e-18 0.310988814392 0.310979439553 0.31058775474 0.0
10000 10000 1455 430 7e-18 0.291707641267 0.291699188439 0.291332963005 0.0
10000 10000 1455 430 1e-17 0.265020176422 0.265012940742 0.264682071643 0.0
10000 10000 1455 430 2e-17 0.192678266136 0.192673960514 0.192439084163 0.0
10000 10000 1455 430 5e-17 0.0753131344579 0.0753122229355 0.0752289551137 0.0
10000 10000 1455 430 7e-17 0.0409668813704 0.04096655384 0.0409244635636 0.0
10000 10000 1455 430 1e-16 0.0168641842525 0.0168641121176 0.0168486221394 0.0
10000 10000 1455 430 1e-15 7.44911903807e-11 7.44911903807e-11 7.44903870236e-11 0.0
10000 10000 1455 430 1e-14 2.67658940819e-57 2.67658940819e-57 2.67658940819e-57 0.0
10000 10000 1455 430 1e-12 0.0 0.0 0.0 0.0
10000 10000 1455 430 1e-10 0.0 0.0 0.0 0.0
