10000 10000 2955 800 1e-22 0.236875356249 0.236875356249 0.236858076646 0.236713124251
10000 10000 2955 800 1e-20 0.236794782384 0.236794782384 0.236777513279 0.236632619929
10000 10000 2955 800 1e-19 0.236063674085 0.236063674085 0.236046500104 0.235902142278
10000 10000 2955 800 2e-19 0.235254242329 0.235254242329 0.235237173396 0.235093407959
10000 10000 2955 800 5e-19 0.232844202336 0.232844202336 0.2328274445 0.232685439716
10000 10000 2955 800 7e-19 0.231252591532 0.231252591532 0.23123603777 0.23109519314
10000 10000 2955 800 1e-18 0.228887541677 0.228887541677 0.228871289129 0.228732164601
10000 10000 2955 800 2e-18 0.221193794733 0.221193794733 0.221178505199 0.22104494448
10000 10000 2955 800 5e-18 0.199761792003 0.199761792003 0.199749047261 0.199630723511
10000 10000 2955 800 7e-18 0.186738032614 0.186738032614 0.18672673346 0.186617475754
10000 10000 2955 800 1e-17 0.168901212138 0.168901212138 0.168891766373 0.168794680045
10000 10000 2955 800 2e-17 0.12155611435 0.12155611435 0.121550854564 0.121484617915
10000 10000 2955 800 5e-17 0.0471920006286 0.0471920006286 0.0471910034613 0.0471682581892
10000 10000 2955 800 7e-17 0.0257558560358 0.0257558560358 0.0257555048577 0.0257438361041
10000 10000 2955 800 1e-16 0.0106771101702 0.0106771101702 0.0106770303512 0.0106725465555
10000 10000 2955 800 1e-15 3.01111175747e-11 3.01111175747e-11 3.01111174871e-11 3.01107802376e-11
10000 10000 2955 800 1e-14 6.94838750531e-59 6.94838750531e-59 6.94838750531e-59 6.94838750531e-59
10000 10000 2955 800 1e-12 0.0 0.0 0.0 0.0
10000 10000 2955 800 1e-10 0.0 0.0 0.0 0.0
