10000 10000 1105 330 1e-22 0.353696779647 0.353618024372 0.0 0.0
10000 10000 1105 330 1e-20 0.353582972017 0.353504256945 0.0 0.0
10000 10000 1105 330 1e-19 0.352550062785 0.352471712227 0.0 0.0
10000 10000 1105 330 2e-19 0.35140598253 0.351328034941 0.0 0.0
10000 10000 1105 330 5e-19 0.347996339953 0.347919588468 0.0 0.0
10000 10000 1105 330 7e-19 0.345741957218 0.345665992581 0.0 0.0
10000 10000 1105 330 1e-18 0.342388213924 0.342313413956 0.0 0.0
10000 10000 1105 330 2e-18 0.331446451704 0.331375402361 0.0 0.0
10000 10000 1105 330 5e-18 0.300714257112 0.300653334989 0.0 0.0
10000 10000 1105 330 7e-18 0.281861000385 0.281805988777 0.0 0.0
10000 10000 1105 330 1e-17 0.255828056463 0.255780819422 0.0 0.0
10000 10000 1105 330 2e-17 0.185601465785 0.185572861161 0.0 0.0
10000 10000 1105 330 5e-17 0.0725171456552 0.0725104250522 0.0 0.0
10000 10000 1105 330 7e-17 0.039517406609 0.0395147382758 0.0 0.0
10000 10000 1105 330 1e-16 0.0163220672233 0.0163213653512 0.0 0.0
10000 10000 1105 330 1e-15 1.57686419663e-10 1.57686419662e-10 0.0 0.0
10000 10000 1105 330 1e-14 2.36144628715e-57 2.36144628715e-57 0.0 0.0
10000 10000 1105 330 1e-12 0.0 0.0 0.0 0.0
10000 10000 1105 330 1e-10 0.0 0.0 0.0 0.0
