10000 10000 905 420 1e-22 0.664849370493 0.664794761552 0.663821881596 0.0
10000 10000 905 420 1e-20 0.664644507565 0.66458992459 0.663617215786 0.0
10000 10000 905 420 1e-19 0.66278427358 0.662729926214 0.661758778578 0.0
10000 10000 905 420 2e-19 0.660721908461 0.660667821945 0.659698419883 0.0
10000 10000 905 420 5e-19 0.654563694707 0.654510384807 0.653546286459 0.0
10000 10000 905 420 7e-19 0.650482355831 0.650429558735 0.649469049897 0.0
10000 10000 905 420 1e-18 0.644396679558 0.644344644262 0.643389596101 0.0
10000 10000 905 420 2e-18 0.624427675659 0.624378115724 0.623441868241 0.0
10000 10000 905 420 5e-18 0.567467414068 0.567424699337 0.566548896064 0.0
10000 10000 905 420 7e-18 0.53194923405 0.53191061576 0.531077048454 0.0
10000 10000 905 420 1e-17 0.482289720256 0.482256591483 0.481487122936 0.0
10000 10000 905 420 2e-17 0.345792794835 0.345773166732 0.345203920904 0.0
10000 10000 905 420 5e-17 0.126019654244 0.126015706611 0.125812490255 0.0
10000 10000 905 420 7e-17 0.0651156630958 0.0651142921533 0.0650140936231 0.0
10000 10000 905 420 1e-16 0.0249246616843 0.0249243697641 0.0248891178467 0.0
10000 10000 905 420 1e-15 4.67384990534e-11 4.67384990534e-11 4.67374118717e-11 0.0
10000 10000 905 420 1e-14 4.81114048753e-58 4.81114048753e-58 4.81114048753e-58 0.0
10000 10000 905 420 1e-12 0.0 0.0 0.0 0.0
10000 10000 905 420 1e-10 0.0 0.0 0.0 0.0
