10000 10000 255 100 1e-22 0.305024746398 0.0 0.0 0.0
10000 10000 255 100 1e-20 0.304934806778 0.0 0.0 0.0
10000 10000 255 100 1e-19 0.30411830228 0.0 0.0 0.0
10000 10000 255 100 2e-19 0.303213456468 0.0 0.0 0.0
10000 10000 255 100 5e-19 0.300513910287 0.0 0.0 0.0
10000 10000 255 100 7e-19 0.298726655202 0.0 0.0 0.0
10000 10000 255 100 1e-18 0.296064335137 0.0 0.0 0.0
10000 10000 255 100 2e-18 0.287349160548 0.0 0.0 0.0
10000 10000 255 100 5e-18 0.262629334587 0.0 0.0 0.0
10000 10000 255 100 7e-18 0.247285922612 0.0 0.0 0.0
10000 10000 255 100 1e-17 0.225872400083 0.0 0.0 0.0
10000 10000 255 100 2e-17 0.166755885712 0.0 0.0 0.0
10000 10000 255 100 5e-17 0.0671671017088 0.0 0.0 0.0
10000 10000 255 100 7e-17 0.0370082789376 0.0 0.0 0.0
10000 10000 255 100 1e-16 0.0154795054837 0.0 0.0 0.0
10000 10000 255 100 1e-15 1.9761533371e-09 0.0 0.0 0.0
10000 10000 255 100 1e-14 5.57425751326e-35 0.0 0.0 0.0
10000 10000 255 100 1e-12 0.0 0.0 0.0 0.0
10000 10000 255 100 1e-10 0.0 0.0 0.0 0.0
