10000 10000 1255 420 1e-22 0.493480586729 0.493464062697 0.492725140536 0.0
10000 10000 1255 420 1e-20 0.4933256357 0.493309121066 0.492570447242 0.0
10000 10000 1255 420 1e-19 0.491919166431 0.491902736978 0.491166317252 0.0
10000 10000 1255 420 2e-19 0.490361013829 0.490344678499 0.489610755912 0.0
10000 10000 1255 420 5e-19 0.485715423927 0.485699367686 0.484972889847 0.0
10000 10000 1255 420 7e-19 0.482642290172 0.48262641729 0.481904863882 0.0
10000 10000 1255 420 1e-18 0.478068218744 0.478052616917 0.477338392373 0.0
10000 10000 1255 420 2e-18 0.463125899923 0.46311116806 0.462420877588 0.0
10000 10000 1255 420 5e-18 0.421001182039 0.420988775076 0.420365858293 0.0
10000 10000 1255 420 7e-18 0.39504602192 0.395034953638 0.39445343634 0.0
10000 10000 1255 420 1e-17 0.359067584612 0.359058253567 0.35853391653 0.0
10000 10000 1255 420 2e-17 0.261237981327 0.261232673968 0.260861954274 0.0
10000 10000 1255 420 5e-17 0.101747111132 0.101746089095 0.101614610274 0.0
10000 10000 1255 420 7e-17 0.055041172921 0.0550408208206 0.0549741479317 0.0
10000 10000 1255 420 1e-16 0.0224142166964 0.0224141429342 0.0223895121993 0.0
10000 10000 1255 420 1e-15 6.83541240468e-11 6.83541240468e-11 6.83527120185e-11 0.0
10000 10000 1255 420 1e-14 1.1190645825e-57 1.1190645825e-57 1.1190645825e-57 0.0
10000 10000 1255 420 1e-12 0.0 0.0 0.0 0.0
10000 10000 1255 420 1e-10 0.0 0.0 0.0 0.0
