10000 10000 1055 750 1e-22 0.636064015573 0.635944469158 0.635811901089 0.635251577169
10000 10000 1055 750 1e-20 0.635835714708 0.635716292327 0.63558375272 0.635023490613
10000 10000 1055 750 1e-19 0.633763124571 0.63364482378 0.633512544234 0.63295285098
10000 10000 1055 750 2e-19 0.631466321644 0.631349254497 0.631217266636 0.630658219889
10000 10000 1055 750 5e-19 0.624614357423 0.624500913239 0.624369817042 0.62381279858
10000 10000 1055 750 7e-19 0.620078489148 0.619967396692 0.619836908159 0.619281313366
10000 10000 1055 750 1e-18 0.613322972407 0.613215314891 0.613085756483 0.612532399572
10000 10000 1055 750 2e-18 0.591224529036 0.591127560421 0.591001245577 0.590456161136
10000 10000 1055 750 5e-18 0.528813143732 0.52874220468 0.528626527375 0.52811204932
10000 10000 1055 750 7e-18 0.490408627649 0.490350978654 0.490242764258 0.489751878526
10000 10000 1055 750 1e-17 0.437448468757 0.437406178409 0.437309167446 0.436856006424
10000 10000 1055 750 2e-17 0.297045273976 0.297030046936 0.296966098985 0.296636845206
10000 10000 1055 750 5e-17 0.0929553470135 0.0929545671895 0.0929392610793 0.0928326093729
10000 10000 1055 750 7e-17 0.0439181037634 0.0439179881278 0.0439122399338 0.0438628293747
10000 10000 1055 750 1e-16 0.0149347853677 0.0149347778808 0.0149334195181 0.0149173488542
10000 10000 1055 750 1e-15 4.41442749949e-12 4.41442749949e-12 4.41442719846e-12 4.41389044217e-12
10000 10000 1055 750 1e-14 5.05105707729e-60 5.05105707729e-60 5.05105707729e-60 5.05105707729e-60
10000 10000 1055 750 1e-12 0.0 0.0 0.0 0.0
10000 10000 1055 750 1e-10 0.0 0.0 0.0 0.0
