10000 10000 1955 300 1e-22 0.0166278575935 0.0166273577752 0.0 0.0
10000 10000 1955 300 1e-20 0.0166231926712 0.0166226930372 0.0 0.0
10000 10000 1955 300 1e-19 0.0165808470427 0.0165803490813 0.0 0.0
10000 10000 1955 300 2e-19 0.0165339286898 0.0165334325803 0.0 0.0
10000 10000 1955 300 5e-19 0.0163940052721 0.016393514677 0.0 0.0
10000 10000 1955 300 7e-19 0.0163014117413 0.0163009247883 0.0 0.0
10000 10000 1955 300 1e-18 0.0161635460554 0.016163064515 0.0 0.0
10000 10000 1955 300 2e-18 0.0157127374232 0.0157122734936 0.0 0.0
10000 10000 1955 300 5e-18 0.0144375435276 0.0144371286577 0.0 0.0
10000 10000 1955 300 7e-18 0.0136479290076 0.0136475439254 0.0 0.0
10000 10000 1955 300 1e-17 0.0125471249629 0.0125467805985 0.0 0.0
10000 10000 1955 300 2e-17 0.00950158428642 0.00950134700983 0.0 0.0
10000 10000 1955 300 5e-17 0.00420853409438 0.00420845644549 0.0 0.0
10000 10000 1955 300 7e-17 0.00248231682192 0.00248227993731 0.0 0.0
10000 10000 1955 300 1e-16 0.00114701988705 0.00114700780719 0.0 0.0
10000 10000 1955 300 1e-15 1.74023173886e-10 1.74023173886e-10 0.0 0.0
10000 10000 1955 300 1e-14 8.29028312563e-57 8.29028312563e-57 0.0 0.0
10000 10000 1955 300 1e-12 0.0 0.0 0.0 0.0
10000 10000 1955 300 1e-10 0.0 0.0 0.0 0.0
