10000 10000 1105 320 1e-22 0.334132983008 0.334075819237 0.0 0.0
10000 10000 1105 320 1e-20 0.334028503563 0.333971367368 0.0 0.0
10000 10000 1105 320 1e-19 0.333080180768 0.333023294658 0.0 0.0
10000 10000 1105 320 2e-19 0.332029632213 0.33197302271 0.0 0.0
10000 10000 1105 320 5e-19 0.328897747466 0.328841959847 0.0 0.0
10000 10000 1105 320 7e-19 0.32682619772 0.326770951471 0.0 0.0
10000 10000 1105 320 1e-18 0.323743245889 0.323688801982 0.0 0.0
10000 10000 1105 320 2e-18 0.313674949229 0.313623097482 0.0 0.0
10000 10000 1105 320 5e-18 0.285313643152 0.285268855558 0.0 0.0
10000 10000 1105 320 7e-18 0.267854083727 0.267813464 0.0 0.0
10000 10000 1105 320 1e-17 0.243668368775 0.243633283779 0.0 0.0
10000 10000 1105 320 2e-17 0.17796105683 0.177939492496 0.0 0.0
10000 10000 1105 320 5e-17 0.0705316824631 0.0705265059323 0.0 0.0
10000 10000 1105 320 7e-17 0.03868889105 0.0386868153564 0.0 0.0
10000 10000 1105 320 1e-16 0.0160953061195 0.0160947473599 0.0 0.0
10000 10000 1105 320 1e-15 1.78860529268e-10 1.7886052921e-10 0.0 0.0
10000 10000 1105 320 1e-14 5.79285477343e-57 5.79285477343e-57 0.0 0.0
10000 10000 1105 320 1e-12 0.0 0.0 0.0 0.0
10000 10000 1105 320 1e-10 0.0 0.0 0.0 0.0
