10000 10000 655 410 1e-22 0.673859831662 0.673795051201 0.672663658959 0.0
10000 10000 655 410 1e-20 0.673650143171 0.673585380111 0.672454072804 0.0
10000 10000 655 410 1e-19 0.671745771176 0.671681166704 0.670550646002 0.0
10000 10000 655 410 2e-19 0.669633804091 0.669569376637 0.668439760222 0.0
10000 10000 655 410 5e-19 0.663323389928 0.663259498407 0.66213278137 0.0
10000 10000 655 410 7e-19 0.659137895395 0.659074364993 0.657949731578 0.0
10000 10000 655 410 1e-18 0.652892223776 0.652829240354 0.651707949206 0.0
10000 10000 655 410 2e-18 0.632361431599 0.632300310524 0.631191897416 0.0
10000 10000 655 410 5e-18 0.573546138277 0.573490810932 0.572433763402 0.0
10000 10000 655 410 7e-18 0.536735634018 0.536684199738 0.535668810692 0.0
10000 10000 655 410 1e-17 0.485174401627 0.485128654647 0.484181999566 0.0
10000 10000 655 410 2e-17 0.343557806752 0.343528222094 0.342818708707 0.0
10000 10000 655 410 5e-17 0.119940657569 0.119933888944 0.119685041979 0.0
10000 10000 655 410 7e-17 0.0603536833063 0.060351234539 0.0602306868427 0.0
10000 10000 655 410 1e-16 0.0223243975933 0.022323860131 0.0222823062385 0.0
10000 10000 655 410 1e-15 3.17200728447e-11 3.17200728447e-11 3.17180400602e-11 0.0
10000 10000 655 410 1e-14 5.74865553029e-58 5.74865553029e-58 5.74865553029e-58 0.0
10000 10000 655 410 1e-12 0.0 0.0 0.0 0.0
10000 10000 655 410 1e-10 0.0 0.0 0.0 0.0
