10000 10000 1255 500 1e-22 0.647546211461 0.647540016823 0.647051370182 0.645237616397
10000 10000 1255 500 1e-20 0.647349868827 0.647343676901 0.64685512356 0.645041715491
10000 10000 1255 500 1e-19 0.64556704151 0.645560874223 0.645073171421 0.643262911477
10000 10000 1255 500 2e-19 0.64359057486 0.643584434906 0.643097682065 0.641290930993
10000 10000 1255 500 5e-19 0.637689336275 0.637683278028 0.637199405102 0.635403247473
10000 10000 1255 500 7e-19 0.633778682055 0.633772678024 0.633290749042 0.63150170702
10000 10000 1255 500 1e-18 0.627948023094 0.627942099987 0.627463120925 0.625684827644
10000 10000 1255 500 2e-18 0.608819401125 0.608813743993 0.608344861918 0.606602978803
10000 10000 1255 500 5e-18 0.554270869364 0.554265969383 0.553829101493 0.552200126097
10000 10000 1255 500 7e-18 0.520252107722 0.520247673848 0.519832899799 0.51828061029
10000 10000 1255 500 1e-17 0.472658796474 0.472654999408 0.47227346119 0.47083576834
10000 10000 1255 500 2e-17 0.341423888621 0.341421694406 0.341142451076 0.340058723036
10000 10000 1255 500 5e-17 0.127116520293 0.127116147927 0.127019404111 0.126602351357
10000 10000 1255 500 7e-17 0.0663982917961 0.066398180932 0.066351403284 0.0661352409459
10000 10000 1255 500 1e-16 0.0256983331326 0.0256983150129 0.025682319085 0.0256007003864
10000 10000 1255 500 1e-15 2.40259278411e-11 2.40259278411e-11 2.40258431759e-11 2.39869652944e-11
10000 10000 1255 500 1e-14 2.52386843953e-62 2.52386843953e-62 2.52386843953e-62 2.52386843953e-62
10000 10000 1255 500 1e-12 0.0 0.0 0.0 0.0
10000 10000 1255 500 1e-10 0.0 0.0 0.0 0.0
