10000 10000 1305 440 1e-22 0.510964897774 0.510951581737 0.51031805228 0.0
10000 10000 1305 440 1e-20 0.510804053493 0.510790744337 0.510157404508 0.0
10000 10000 1305 440 1e-19 0.509344001272 0.509330754514 0.508699137006 0.0
10000 10000 1305 440 2e-19 0.50772629704 0.507713119294 0.507083412153 0.0
10000 10000 1305 440 5e-19 0.502901984112 0.502889011397 0.50226501418 0.0
10000 10000 1305 440 7e-19 0.49970967153 0.499696833845 0.499076625412 0.0
10000 10000 1305 440 1e-18 0.494956838381 0.494944200779 0.494329648416 0.0
10000 10000 1305 440 2e-18 0.479419495685 0.479407504131 0.478811565143 0.0
10000 10000 1305 440 5e-18 0.435535584395 0.435525349193 0.434982923021 0.0
10000 10000 1305 440 7e-18 0.408446020446 0.408436817133 0.407928040344 0.0
10000 10000 1305 440 1e-17 0.370847413052 0.370839572582 0.370378154404 0.0
10000 10000 1305 440 2e-17 0.268494809431 0.268490238158 0.26816043556 0.0
10000 10000 1305 440 5e-17 0.102575570281 0.102574678924 0.102458287107 0.0
10000 10000 1305 440 7e-17 0.0547890796031 0.0547887786814 0.0547304874336 0.0
10000 10000 1305 440 1e-16 0.0219517910274 0.0219517309431 0.0219305637138 0.0
10000 10000 1305 440 1e-15 4.48737115485e-11 4.48737115485e-11 4.48726647947e-11 0.0
10000 10000 1305 440 1e-14 2.19881184407e-58 2.19881184407e-58 2.19881184407e-58 0.0
10000 10000 1305 440 1e-12 0.0 0.0 0.0 0.0
10000 10000 1305 440 1e-10 0.0 0.0 0.0 0.0
