10000 10000 555 100 1e-22 0.0499638466132 0.0 0.0 0.0
10000 10000 555 100 1e-20 0.0499490043114 0.0 0.0 0.0
10000 10000 555 100 1e-19 0.0498142855837 0.0 0.0 0.0
10000 10000 555 100 2e-19 0.0496650436371 0.0 0.0 0.0
10000 10000 555 100 5e-19 0.0492201166896 0.0 0.0 0.0
10000 10000 555 100 7e-19 0.0489258159451 0.0 0.0 0.0
10000 10000 555 100 1e-18 0.0484878105105 0.0 0.0 0.0
10000 10000 555 100 2e-18 0.0470571724552 0.0 0.0 0.0
10000 10000 555 100 5e-18 0.0430241640976 0.0 0.0 0.0
10000 10000 555 100 7e-18 0.0405376871876 0.0 0.0 0.0
10000 10000 555 100 1e-17 0.0370861194214 0.0 0.0 0.0
10000 10000 555 100 2e-17 0.0276392499871 0.0 0.0 0.0
10000 10000 555 100 5e-17 0.0117140867281 0.0 0.0 0.0
10000 10000 555 100 7e-17 0.00673463095965 0.0 0.0 0.0
10000 10000 555 100 1e-16 0.00301375013152 0.0 0.0 0.0
10000 10000 555 100 1e-15 4.12998005138e-08 0.0 0.0 0.0
10000 10000 555 100 1e-14 3.27347201554e-28 0.0 0.0 0.0
10000 10000 555 100 1e-12 0.0 0.0 0.0 0.0
10000 10000 555 100 1e-10 0.0 0.0 0.0 0.0
