10000 10000 1255 750 1e-22 0.697951988516 0.697783085451 0.697636137822 0.697062055877
10000 10000 1255 750 1e-20 0.697705919118 0.697537167336 0.697390250071 0.696816213089
10000 10000 1255 750 1e-19 0.695471899139 0.695304516298 0.695157876603 0.694584256551
10000 10000 1255 750 2e-19 0.692995948245 0.692830073083 0.692683744998 0.69211060529
10000 10000 1255 750 5e-19 0.685607956457 0.685446521223 0.68530114745 0.68472955391
10000 10000 1255 750 7e-19 0.680715952556 0.680557409328 0.680412687293 0.679842209357
10000 10000 1255 750 1e-18 0.673428125309 0.673273820737 0.673130098233 0.672561415518
10000 10000 1255 750 2e-18 0.649572750403 0.649431753539 0.649291531875 0.648729805501
10000 10000 1255 750 5e-18 0.582073737751 0.581966031679 0.581837398913 0.581303586857
10000 10000 1255 750 7e-18 0.540448934134 0.540358841623 0.54023839918 0.539727217098
10000 10000 1255 750 1e-17 0.482937453165 0.482868435129 0.482760344297 0.482286348518
10000 10000 1255 750 2e-17 0.329822876275 0.329794182009 0.329722768607 0.329375133311
10000 10000 1255 750 5e-17 0.105002476583 0.1050002719 0.104983132147 0.104869646782
10000 10000 1255 750 7e-17 0.0501951551997 0.0501947438751 0.0501882990681 0.0501357766847
10000 10000 1255 750 1e-16 0.0173700038651 0.0173699699058 0.0173684439689 0.0173514423748
10000 10000 1255 750 1e-15 3.08310362405e-12 3.08310362405e-12 3.08310353706e-12 3.08282782188e-12
10000 10000 1255 750 1e-14 9.19465214463e-65 9.19465214463e-65 9.19465214463e-65 9.19465214463e-65
10000 10000 1255 750 1e-12 0.0 0.0 0.0 0.0
10000 10000 1255 750 1e-10 0.0 0.0 0.0 0.0
