10000 10000 2955 1050 1e-22 0.377100672322 0.377100672322 0.377090711269 0.376975251539
10000 10000 2955 1050 1e-20 0.376963788596 0.376963788596 0.376953834167 0.37683841623
10000 10000 2955 1050 1e-19 0.375721782208 0.375721782208 0.375711887795 0.37559684926
10000 10000 2955 1050 2e-19 0.374346814504 0.374346814504 0.374336986342 0.374222368243
10000 10000 2955 1050 5e-19 0.370253529903 0.370253529903 0.37024389779 0.370130533909
10000 10000 2955 1050 7e-19 0.367550810323 0.367550810323 0.367541306686 0.367428773033
10000 10000 2955 1050 1e-18 0.36353551633 0.36353551633 0.363526202135 0.363414904932
10000 10000 2955 1050 2e-18 0.35048064911 0.35048064911 0.350471938979 0.350364686077
10000 10000 2955 1050 5e-18 0.314188116603 0.314188116603 0.314180989222 0.314085157782
10000 10000 2955 1050 7e-18 0.292202539492 0.292202539492 0.29219630068 0.292107498793
10000 10000 2955 1050 1e-17 0.262203427853 0.262203427853 0.262198314181 0.262119210242
10000 10000 2955 1050 2e-17 0.183494908442 0.183494908442 0.183492251978 0.183438891204
10000 10000 2955 1050 5e-17 0.0651708532918 0.0651708532918 0.0651704508388 0.0651544456289
10000 10000 2955 1050 7e-17 0.0335562571969 0.0335562571969 0.033556135819 0.033548908767
10000 10000 2955 1050 1e-16 0.0128149994402 0.0128149994402 0.0128149779303 0.0128127239545
10000 10000 2955 1050 1e-15 3.48770866558e-12 3.48770866558e-12 3.48770866558e-12 3.48770826751e-12
10000 10000 2955 1050 1e-14 8.7069124623e-76 8.7069124623e-76 8.7069124623e-76 8.7069124623e-76
10000 10000 2955 1050 1e-12 0.0 0.0 0.0 0.0
10000 10000 2955 1050 1e-10 0.0 0.0 0.0 0.0
