10000 10000 955 450 1e-22 0.67815575823 0.678119261152 0.67737617425 0.0
10000 10000 955 450 1e-20 0.677947630365 0.677911149838 0.677168142133 0.0
10000 10000 955 450 1e-19 0.676057566036 0.676021235766 0.675278955445 0.0
10000 10000 955 450 2e-19 0.673961745627 0.673925581864 0.673184125237 0.0
10000 10000 955 450 5e-19 0.667701275329 0.667665608241 0.666926718088 0.0
10000 10000 955 450 7e-19 0.663550259792 0.663514921423 0.662777819303 0.0
10000 10000 955 450 1e-18 0.65735794576 0.657323096824 0.656588787563 0.0
10000 10000 955 450 2e-18 0.637017160133 0.636983910318 0.636259797347 0.0
10000 10000 955 450 5e-18 0.578838091713 0.578809327947 0.578122270428 0.0
10000 10000 955 450 7e-18 0.542465287605 0.542439248108 0.541780610573 0.0
10000 10000 955 450 1e-17 0.4915242831 0.49150193359 0.490888925953 0.0
10000 10000 955 450 2e-17 0.351275701677 0.351262565578 0.350802966185 0.0
10000 10000 955 450 5e-17 0.126393573718 0.12639112802 0.126228494306 0.0
10000 10000 955 450 7e-17 0.0648045405411 0.0648037549312 0.0647248976817 0.0
10000 10000 955 450 1e-16 0.024581200193 0.0245810551194 0.0245540198729 0.0
10000 10000 955 450 1e-15 2.83498903504e-11 2.83498903504e-11 2.8349131916e-11 0.0
10000 10000 955 450 1e-14 3.49865014932e-59 3.49865014932e-59 3.49865014932e-59 0.0
10000 10000 955 450 1e-12 0.0 0.0 0.0 0.0
10000 10000 955 450 1e-10 0.0 0.0 0.0 0.0
