10000 10000 1955 370 1e-22 0.0556998766159 0.0556980841028 0.0555821688578 0.0
10000 10000 1955 370 1e-20 0.0556832862952 0.0556814945874 0.0555656158816 0.0
10000 10000 1955 370 1e-19 0.0555327054732 0.0555309210696 0.0554153739996 0.0
10000 10000 1955 370 2e-19 0.0553659000294 0.0553641237062 0.0552489439853 0.0
10000 10000 1955 370 5e-19 0.0548686650522 0.0548669127485 0.054752827943 0.0
10000 10000 1955 370 7e-19 0.0545398078487 0.0545380713751 0.0544247106091 0.0
10000 10000 1955 370 1e-18 0.0540504348451 0.0540487218454 0.0539364383608 0.0
10000 10000 1955 370 2e-18 0.0524525217771 0.0524508847287 0.0523421173514 0.0
10000 10000 1955 370 5e-18 0.0479517361143 0.0479503070835 0.0478514290452 0.0
10000 10000 1955 370 7e-18 0.045179239757 0.0451779343351 0.0450851350679 0.0
10000 10000 1955 370 1e-17 0.0413329761665 0.0413318361836 0.0412474488613 0.0
10000 10000 1955 370 2e-17 0.0308128252503 0.0308120984091 0.0307505405401 0.0
10000 10000 1955 370 5e-17 0.0130493579804 0.0130491667902 0.0130249901708 0.0
10000 10000 1955 370 7e-17 0.00747265508126 0.00747257567135 0.00745948642294 0.0
10000 10000 1955 370 1e-16 0.00330281752168 0.00330279592176 0.00329751031725 0.0
10000 10000 1955 370 1e-15 1.34361062086e-10 1.34361062086e-10 1.34360457018e-10 0.0
10000 10000 1955 370 1e-14 1.06130503975e-57 1.06130503975e-57 1.06130503975e-57 0.0
10000 10000 1955 370 1e-12 0.0 0.0 0.0 0.0
10000 10000 1955 370 1e-10 0.0 0.0 0.0 0.0
