10000 10000 855 350 1e-22 0.595084823145 0.59495805172 0.593205452806 0.0
10000 10000 855 350 1e-20 0.594902044144 0.594775330587 0.59302314703 0.0
10000 10000 855 350 1e-19 0.59324258515 0.593116396676 0.59136798981 0.0
10000 10000 855 350 2e-19 0.591403322517 0.591277715388 0.589533506278 0.0
10000 10000 855 350 5e-19 0.585914442503 0.585790566279 0.584058957999 0.0
10000 10000 855 350 7e-19 0.582279253544 0.582156520329 0.580433317435 0.0
10000 10000 855 350 1e-18 0.576862509964 0.576741474907 0.575030884481 0.0
10000 10000 855 350 2e-18 0.559117946859 0.55900243129 0.557333876548 0.0
10000 10000 855 350 5e-18 0.508718188643 0.508617956871 0.507074448436 0.0
10000 10000 855 350 7e-18 0.477420829868 0.477329767265 0.475867789246 0.0
10000 10000 855 350 1e-17 0.433781132716 0.433702398325 0.43235858375 0.0
10000 10000 855 350 2e-17 0.314091697933 0.314043627337 0.313046818664 0.0
10000 10000 855 350 5e-17 0.118993903426 0.118983084159 0.118603509481 0.0
10000 10000 855 350 7e-17 0.063078692962 0.0630745989177 0.0628775247495 0.0
10000 10000 855 350 1e-16 0.0249710085012 0.0249700074161 0.0248954406826 0.0
10000 10000 855 350 1e-15 6.28095150905e-11 6.28095150875e-11 6.28061612955e-11 0.0
10000 10000 855 350 1e-14 4.48647661557e-58 4.48647661557e-58 4.48647661557e-58 0.0
10000 10000 855 350 1e-12 0.0 0.0 0.0 0.0
10000 10000 855 350 1e-10 0.0 0.0 0.0 0.0
