10000 10000 1305 220 1e-22 0.0372239040193 0.0371766709498 0.0 0.0
10000 10000 1305 220 1e-20 0.0372128738965 0.037165656094 0.0 0.0
10000 10000 1305 220 1e-19 0.0371127583058 0.0370656790612 0.0 0.0
10000 10000 1305 220 2e-19 0.0370018524367 0.0369549266562 0.0 0.0
10000 10000 1305 220 5e-19 0.0366712307555 0.0366247622943 0.0 0.0
10000 10000 1305 220 7e-19 0.0364525512411 0.0364063851163 0.0 0.0
10000 10000 1305 220 1e-18 0.0361271112341 0.0360813948343 0.0 0.0
10000 10000 1305 220 2e-18 0.0350642946972 0.0350200451812 0.0 0.0
10000 10000 1305 220 5e-18 0.0320693555713 0.0320292236834 0.0 0.0
10000 10000 1305 220 7e-18 0.0302236317367 0.0301860247021 0.0 0.0
10000 10000 1305 220 1e-17 0.0276622593862 0.0276281381425 0.0 0.0
10000 10000 1305 220 2e-17 0.0206536857033 0.0206289722112 0.0 0.0
10000 10000 1305 220 5e-17 0.00881509635301 0.00880557523403 0.0 0.0
10000 10000 1305 220 7e-17 0.00508901779448 0.00508392605698 0.0 0.0
10000 10000 1305 220 1e-16 0.00228431757282 0.00228230152064 0.0 0.0
10000 10000 1305 220 1e-15 1.2860425242e-10 1.28604229739e-10 0.0 0.0
10000 10000 1305 220 1e-14 2.15951568612e-53 2.15951568612e-53 0.0 0.0
10000 10000 1305 220 1e-12 0.0 0.0 0.0 0.0
10000 10000 1305 220 1e-10 0.0 0.0 0.0 0.0
