10000 10000 2955 1450 1e-22 0.276866735468 0.276866735468 0.276866735468 0.276818730557
10000 10000 2955 1450 1e-20 0.276731029727 0.276731029727 0.276731029727 0.276683055875
10000 10000 2955 1450 1e-19 0.2755009145 0.2755009145 0.2755009145 0.275453222072
10000 10000 2955 1450 2e-19 0.274141636325 0.274141636325 0.274141636325 0.274094254639
10000 10000 2955 1450 5e-19 0.270110742495 0.270110742495 0.270110742495 0.270064280841
10000 10000 2955 1450 7e-19 0.267462061774 0.267462061774 0.267462061774 0.267416203446
10000 10000 2955 1450 1e-18 0.263545861893 0.263545861893 0.263545861893 0.263500893771
10000 10000 2955 1450 2e-18 0.25096783032 0.25096783032 0.25096783032 0.250925705524
10000 10000 2955 1450 5e-18 0.217227894799 0.217227894799 0.217227894799 0.217193256408
10000 10000 2955 1450 7e-18 0.197652016136 0.197652016136 0.197652016136 0.197621605671
10000 10000 2955 1450 1e-17 0.171971871145 0.171971871145 0.171971871145 0.17194684282
10000 10000 2955 1450 2e-17 0.110128952703 0.110128952703 0.110128952703 0.110115808764
10000 10000 2955 1450 5e-17 0.0323402968546 0.0323402968546 0.0323402968546 0.0323382607112
10000 10000 2955 1450 7e-17 0.0151230847038 0.0151230847038 0.0151230847038 0.0151224541931
10000 10000 2955 1450 1e-16 0.00509747128794 0.00509747128794 0.00509747128794 0.00509734898266
10000 10000 2955 1450 1e-15 6.84764612441e-14 6.84764612441e-14 6.84764612441e-14 6.84764612415e-14
10000 10000 2955 1450 1e-14 1.96726243399e-98 1.96726243399e-98 1.96726243399e-98 1.96726243399e-98
10000 10000 2955 1450 1e-12 0.0 0.0 0.0 0.0
10000 10000 2955 1450 1e-10 0.0 0.0 0.0 0.0
