10000 10000 905 430 1e-22 0.685466341412 0.685422284008 0.684553351984 0.0
10000 10000 905 430 1e-20 0.685262056427 0.685218016726 0.684349161326 0.0
10000 10000 905 430 1e-19 0.683406642314 0.683362763448 0.682494614425 0.0
10000 10000 905 430 2e-19 0.681348723724 0.681305023349 0.680437679689 0.0
10000 10000 905 430 5e-19 0.675198240316 0.675155073986 0.674290272707 0.0
10000 10000 905 430 7e-19 0.671117511794 0.671074700231 0.670211695948 0.0
10000 10000 905 430 1e-18 0.665026191918 0.664983910465 0.664123748609 0.0
10000 10000 905 430 2e-18 0.644985477779 0.644944943585 0.644095434451 0.0
10000 10000 905 430 5e-18 0.587413861036 0.587378341693 0.586569437165 0.0
10000 10000 905 430 7e-18 0.551247381214 0.55121497996 0.550438185678 0.0
10000 10000 905 430 1e-17 0.500391916287 0.500363816321 0.499639419052 0.0
10000 10000 905 430 2e-17 0.359297203942 0.359280197816 0.358735205498 0.0
10000 10000 905 430 5e-17 0.130217693172 0.130214274571 0.130020571938 0.0
10000 10000 905 430 7e-17 0.0668944055197 0.06689324565 0.0667988827443 0.0
10000 10000 905 430 1e-16 0.0253879586003 0.0253877240359 0.0253550081278 0.0
10000 10000 905 430 1e-15 3.12799904686e-11 3.12799904686e-11 3.12785458829e-11 0.0
10000 10000 905 430 1e-14 2.70391063554e-59 2.70391063554e-59 2.70391063554e-59 0.0
10000 10000 905 430 1e-12 0.0 0.0 0.0 0.0
10000 10000 905 430 1e-10 0.0 0.0 0.0 0.0
