10000 10000 1355 350 1e-22 0.242146927409 0.242121832022 0.241337350363 0.0
10000 10000 1355 350 1e-20 0.242068898768 0.242043813802 0.241259603824 0.0
10000 10000 1355 350 1e-19 0.241360752306 0.2413357619 0.240554017313 0.0
10000 10000 1355 350 2e-19 0.240576462986 0.240551577275 0.239772562665 0.0
10000 10000 1355 350 5e-19 0.238239545723 0.238214971777 0.237444088403 0.0
10000 10000 1355 350 7e-19 0.236694799905 0.236670431873 0.23590492076 0.0
10000 10000 1355 350 1e-18 0.234397294734 0.234373232698 0.233615707827 0.0
10000 10000 1355 350 2e-18 0.2269059697 0.226882903028 0.226151384766 0.0
10000 10000 1355 350 5e-18 0.205898512582 0.205878212897 0.205219328129 0.0
10000 10000 1355 350 7e-18 0.193032863671 0.193014235896 0.192399597465 0.0
10000 10000 1355 350 1e-17 0.175290527718 0.175274168833 0.174720215302 0.0
10000 10000 1355 350 2e-17 0.127515444462 0.127504896012 0.127112021065 0.0
10000 10000 1355 350 5e-17 0.0504717485619 0.0504689634524 0.0503249261307 0.0
10000 10000 1355 350 7e-17 0.0277783764449 0.0277772189451 0.0277019039096 0.0
10000 10000 1355 350 1e-16 0.0116450016701 0.0116446819185 0.0116154822642 0.0
10000 10000 1355 350 1e-15 1.59810883305e-10 1.59810883297e-10 1.59808969758e-10 0.0
10000 10000 1355 350 1e-14 4.86706784165e-57 4.86706784165e-57 4.86706784165e-57 0.0
10000 10000 1355 350 1e-12 0.0 0.0 0.0 0.0
10000 10000 1355 350 1e-10 0.0 0.0 0.0 0.0
