10000 10000 555 470 1e-22 0.616507104228 0.616480289535 0.615846722552 0.0
10000 10000 555 470 1e-20 0.616315812536 0.616289004262 0.615655401007 0.0
10000 10000 555 470 1e-19 0.614578399119 0.614551649548 0.613917730519 0.0
10000 10000 555 470 2e-19 0.612651340646 0.612624657026 0.611990416405 0.0
10000 10000 555 470 5e-19 0.606891879823 0.606865398472 0.606230373718 0.0
10000 10000 555 470 7e-19 0.603070566868 0.603044223863 0.602408822703 0.0
10000 10000 555 470 1e-18 0.597366532451 0.597340401869 0.596704647459 0.0
10000 10000 555 470 2e-18 0.578601757804 0.57857637259 0.577941146526 0.0
10000 10000 555 470 5e-18 0.524738989237 0.524716067624 0.524095242308 0.0
10000 10000 555 470 7e-18 0.490962468843 0.49094127285 0.490337888184 0.0
10000 10000 555 470 1e-17 0.443587620871 0.443568991204 0.442999174357 0.0
10000 10000 555 470 2e-17 0.313268215957 0.313256871398 0.312821311288 0.0
10000 10000 555 470 5e-17 0.107973165825 0.10797113371 0.107819966247 0.0
10000 10000 555 470 7e-17 0.0537957181981 0.0537950987647 0.0537234606436 0.0
10000 10000 555 470 1e-16 0.0196031574577 0.0196030509858 0.0195792535143 0.0
10000 10000 555 470 1e-15 1.14756999424e-11 1.14756999424e-11 1.14753375862e-11 0.0
10000 10000 555 470 1e-14 7.29954956172e-62 7.29954956172e-62 7.29954956172e-62 0.0
10000 10000 555 470 1e-12 0.0 0.0 0.0 0.0
10000 10000 555 470 1e-10 0.0 0.0 0.0 0.0
