10000 10000 805 390 1e-22 0.66745163694 0.667388156786 0.666166372724 0.0
10000 10000 805 390 1e-20 0.667251354776 0.667187896458 0.665966269234 0.0
10000 10000 805 390 1e-19 0.66543248202 0.665369222165 0.664149029931 0.0
10000 10000 805 390 2e-19 0.663415482131 0.663352442698 0.66213386413 0.0
10000 10000 805 390 5e-19 0.657389694527 0.65732731567 0.656113696448 0.0
10000 10000 805 390 7e-19 0.653393649303 0.653331710163 0.652121492672 0.0
10000 10000 805 390 1e-18 0.647431559471 0.647370278721 0.646165300986 0.0
10000 10000 805 390 2e-18 0.627838809585 0.627779710426 0.626593293101 0.0
10000 10000 805 390 5e-18 0.571725365085 0.571672629296 0.570549794895 0.0
10000 10000 805 390 7e-18 0.536583367445 0.536534668859 0.535458661313 0.0
10000 10000 805 390 1e-17 0.487278448544 0.487235429461 0.486233006422 0.0
10000 10000 805 390 2e-17 0.350889966964 0.350862298438 0.350102230671 0.0
10000 10000 805 390 5e-17 0.129041647855 0.129035050645 0.128749419334 0.0
10000 10000 805 390 7e-17 0.0669911359696 0.066988648776 0.0668439378768 0.0
10000 10000 805 390 1e-16 0.0257909466935 0.0257903620259 0.0257376049681 0.0
10000 10000 805 390 1e-15 5.62540649319e-11 5.62540649316e-11 5.6251910918e-11 0.0
10000 10000 805 390 1e-14 7.9222657006e-58 7.9222657006e-58 7.9222657006e-58 0.0
10000 10000 805 390 1e-12 0.0 0.0 0.0 0.0
10000 10000 805 390 1e-10 0.0 0.0 0.0 0.0
