10000 10000 1305 470 1e-22 0.537117281033 0.537104479813 0.536561740327 0.0
10000 10000 1305 470 1e-20 0.536949486345 0.536936692247 0.536394086546 0.0
10000 10000 1305 470 1e-19 0.535426222872 0.535413493339 0.53487210427 0.0
10000 10000 1305 470 2e-19 0.533738231887 0.533725573741 0.533185537299 0.0
10000 10000 1305 470 5e-19 0.52870276588 0.52869031968 0.528154345699 0.0
10000 10000 1305 470 7e-19 0.525369476231 0.525357169496 0.524823907075 0.0
10000 10000 1305 470 1e-18 0.520404934115 0.520392833863 0.519863642565 0.0
10000 10000 1305 470 2e-18 0.504160841902 0.504149406885 0.503633801962 0.0
10000 10000 1305 470 5e-18 0.458170881075 0.458161242012 0.457686158437 0.0
10000 10000 1305 470 7e-18 0.42971124717 0.429702653474 0.429254023133 0.0
10000 10000 1305 470 1e-17 0.390139562267 0.390132336048 0.389722018231 0.0
10000 10000 1305 470 2e-17 0.28214531938 0.282141292535 0.281842675482 0.0
10000 10000 1305 470 5e-17 0.107131156337 0.107130476361 0.107023414922 0.0
10000 10000 1305 470 7e-17 0.0569970439346 0.0569968358971 0.0569431427882 0.0
10000 10000 1305 470 1e-16 0.0227174837431 0.0227174479453 0.0226979648075 0.0
10000 10000 1305 470 1e-15 4.22550159738e-11 4.22550159738e-11 4.2254498991e-11 0.0
10000 10000 1305 470 1e-14 2.15793835842e-57 2.15793835842e-57 2.15793835842e-57 0.0
10000 10000 1305 470 1e-12 0.0 0.0 0.0 0.0
10000 10000 1305 470 1e-10 0.0 0.0 0.0 0.0
