10000 10000 455 390 1e-22 0.594901177811 0.59482118962 0.593641339629 0.0
10000 10000 455 390 1e-20 0.594717162588 0.594637190803 0.593457360811 0.0
10000 10000 455 390 1e-19 0.59304582293 0.592966001092 0.591786371497 0.0
10000 10000 455 390 2e-19 0.591192019146 0.591112365601 0.589932997566 0.0
10000 10000 455 390 5e-19 0.585651306813 0.585572168411 0.584393825114 0.0
10000 10000 455 390 7e-19 0.581974978605 0.581896191816 0.580718726122 0.0
10000 10000 455 390 1e-18 0.576487147547 0.576408899734 0.575233031185 0.0
10000 10000 455 390 2e-18 0.558431977117 0.558355615057 0.557187334605 0.0
10000 10000 455 390 5e-18 0.506595210967 0.506525080153 0.505396522977 0.0
10000 10000 455 390 7e-18 0.474083533307 0.474017803154 0.472926022025 0.0
10000 10000 455 390 1e-17 0.42847842038 0.428419328854 0.427392227172 0.0
10000 10000 455 390 2e-17 0.303012513656 0.302973192994 0.30218658459 0.0
10000 10000 455 390 5e-17 0.105185393681 0.105175715903 0.104890613718 0.0
10000 10000 455 390 7e-17 0.0527717950593 0.0527680990194 0.0526284441991 0.0
10000 10000 455 390 1e-16 0.019468363183 0.0194674715789 0.0194188706455 0.0
10000 10000 455 390 1e-15 2.53131249394e-11 2.53131249376e-11 2.53116093104e-11 0.0
10000 10000 455 390 1e-14 1.19135220027e-57 1.19135220027e-57 1.19135220027e-57 0.0
10000 10000 455 390 1e-12 0.0 0.0 0.0 0.0
10000 10000 455 390 1e-10 0.0 0.0 0.0 0.0
