10000 10000 1055 350 1e-22 0.463586017036 0.463506475558 0.462193931868 0.0
10000 10000 1055 350 1e-20 0.463446085003 0.463366579056 0.462054333109 0.0
10000 10000 1055 350 1e-19 0.462175703889 0.462096520284 0.46078698178 0.0
10000 10000 1055 350 2e-19 0.460767818107 0.460688991263 0.459382462382 0.0
10000 10000 1055 350 5e-19 0.456567151724 0.456489386384 0.455191893914 0.0
10000 10000 1055 350 7e-19 0.453785810701 0.453708745754 0.452417282837 0.0
10000 10000 1055 350 1e-18 0.44964234022 0.449566315039 0.448283902401 0.0
10000 10000 1055 350 2e-18 0.436076217983 0.436003566249 0.434751342514 0.0
10000 10000 1055 350 5e-18 0.397589542557 0.397526195456 0.396364033582 0.0
10000 10000 1055 350 7e-18 0.373707649827 0.373649870061 0.37254665633 0.0
10000 10000 1055 350 1e-17 0.340405579192 0.340355283901 0.339337849968 0.0
10000 10000 1055 350 2e-17 0.248827326758 0.24879577925 0.248032822829 0.0
10000 10000 1055 350 5e-17 0.097172856835 0.0971650773876 0.0968661715789 0.0
10000 10000 1055 350 7e-17 0.0524875211541 0.0524844052592 0.0523267304147 0.0
10000 10000 1055 350 1e-16 0.0213095682488 0.0213087471984 0.0212478826721 0.0
10000 10000 1055 350 1e-15 1.19069784393e-10 1.19069784376e-10 1.19066376299e-10 0.0
10000 10000 1055 350 1e-14 2.59630116489e-58 2.59630116489e-58 2.59630116489e-58 0.0
10000 10000 1055 350 1e-12 0.0 0.0 0.0 0.0
10000 10000 1055 350 1e-10 0.0 0.0 0.0 0.0
