10000 10000 855 150 1e-22 0.0568426611968 0.0 0.0 0.0
10000 10000 855 150 1e-20 0.056824694194 0.0 0.0 0.0
10000 10000 855 150 1e-19 0.0566616324824 0.0 0.0 0.0
10000 10000 855 150 2e-19 0.0564810318805 0.0 0.0 0.0
10000 10000 855 150 5e-19 0.0559428661811 0.0 0.0 0.0
10000 10000 855 150 7e-19 0.0555870976178 0.0 0.0 0.0
10000 10000 855 150 1e-18 0.0550579149528 0.0 0.0 0.0
10000 10000 855 150 2e-18 0.0533320324895 0.0 0.0 0.0
10000 10000 855 150 5e-18 0.0484884060977 0.0 0.0 0.0
10000 10000 855 150 7e-18 0.0455187039635 0.0 0.0 0.0
10000 10000 855 150 1e-17 0.0414183336174 0.0 0.0 0.0
10000 10000 855 150 2e-17 0.0303386151504 0.0 0.0 0.0
10000 10000 855 150 5e-17 0.0122625847218 0.0 0.0 0.0
10000 10000 855 150 7e-17 0.00684111773455 0.0 0.0 0.0
10000 10000 855 150 1e-16 0.00292441655882 0.0 0.0 0.0
10000 10000 855 150 1e-15 2.37846978946e-09 0.0 0.0 0.0
10000 10000 855 150 1e-14 6.99310654465e-39 0.0 0.0 0.0
10000 10000 855 150 1e-12 0.0 0.0 0.0 0.0
10000 10000 855 150 1e-10 0.0 0.0 0.0 0.0
