10000 10000 855 300 1e-22 0.492973906124 0.49282375272 0.0 0.0
10000 10000 855 300 1e-20 0.492822379217 0.49267227958 0.0 0.0
10000 10000 855 300 1e-19 0.491446764267 0.491297152872 0.0 0.0
10000 10000 855 300 2e-19 0.489922319664 0.489773249617 0.0 0.0
10000 10000 855 300 5e-19 0.485374294832 0.485226841526 0.0 0.0
10000 10000 855 300 7e-19 0.48236330883 0.482216927202 0.0 0.0
10000 10000 855 300 1e-18 0.477878252649 0.477733469191 0.0 0.0
10000 10000 855 300 2e-18 0.463198321989 0.463058782945 0.0 0.0
10000 10000 855 300 5e-18 0.421594034862 0.421469429009 0.0 0.0
10000 10000 855 300 7e-18 0.395813100272 0.395697758497 0.0 0.0
10000 10000 855 300 1e-17 0.359915084029 0.359812589361 0.0 0.0
10000 10000 855 300 2e-17 0.261580353627 0.261512122168 0.0 0.0
10000 10000 855 300 5e-17 0.100548217424 0.100528891645 0.0 0.0
10000 10000 855 300 7e-17 0.0538112449495 0.0538028529381 0.0 0.0
10000 10000 855 300 1e-16 0.0215835831997 0.0215811008295 0.0 0.0
10000 10000 855 300 1e-15 1.49460255156e-10 1.49460254234e-10 0.0 0.0
10000 10000 855 300 1e-14 7.92353553594e-57 7.92353553594e-57 0.0 0.0
10000 10000 855 300 1e-12 0.0 0.0 0.0 0.0
10000 10000 855 300 1e-10 0.0 0.0 0.0 0.0
