10000 10000 455 360 1e-22 0.60617681376 0.606040511375 0.604308225379 0.0
10000 10000 455 360 1e-20 0.60598757795 0.605851311624 0.604119189454 0.0
10000 10000 455 360 1e-19 0.604269040973 0.60413310322 0.602402488194 0.0
10000 10000 455 360 2e-19 0.602363345941 0.602227774836 0.60049887169 0.0
10000 10000 455 360 5e-19 0.596670364059 0.596535902334 0.594812364494 0.0
10000 10000 455 360 7e-19 0.592895288807 0.592761574074 0.591041798736 0.0
10000 10000 455 360 1e-18 0.587263348226 0.587130764198 0.585416899834 0.0
10000 10000 455 360 2e-18 0.568760449972 0.56863171 0.566939691307 0.0
10000 10000 455 360 5e-18 0.515832453145 0.515715634083 0.514104876604 0.0
10000 10000 455 360 7e-18 0.482755649023 0.482646822484 0.481099397974 0.0
10000 10000 455 360 1e-17 0.436473785351 0.436376626983 0.43493186018 0.0
10000 10000 455 360 2e-17 0.309539995173 0.309476078372 0.308381291241 0.0
10000 10000 455 360 5e-17 0.108955534155 0.108939668882 0.108538119181 0.0
10000 10000 455 360 7e-17 0.0551906969624 0.0551845239303 0.0549846520523 0.0
10000 10000 455 360 1e-16 0.0206244943485 0.020622949265 0.0205516522205 0.0
10000 10000 455 360 1e-15 3.41615448162e-11 3.41615447805e-11 3.41594213745e-11 0.0
10000 10000 455 360 1e-14 1.5722293683e-58 1.5722293683e-58 1.5722293683e-58 0.0
10000 10000 455 360 1e-12 0.0 0.0 0.0 0.0
10000 10000 455 360 1e-10 0.0 0.0 0.0 0.0
