10000 10000 2955 1300 1e-22 0.385075946669 0.385075946669 0.385075946669 0.38497348484
10000 10000 2955 1300 1e-20 0.384905363175 0.384905363175 0.384905363175 0.384802961117
10000 10000 2955 1300 1e-19 0.383358468697 0.383358468697 0.383358468697 0.383256608479
10000 10000 2955 1300 2e-19 0.381647832838 0.381647832838 0.381647832838 0.381546571445
10000 10000 2955 1300 5e-19 0.376566834841 0.376566834841 0.376566834841 0.37646734975
10000 10000 2955 1300 7e-19 0.373221448936 0.373221448936 0.373221448936 0.373123131404
10000 10000 2955 1300 1e-18 0.368265346085 0.368265346085 0.368265346085 0.368168755258
10000 10000 2955 1300 2e-18 0.352267244212 0.352267244212 0.352267244212 0.352176200906
10000 10000 2955 1300 5e-18 0.308726966054 0.308726966054 0.308726966054 0.308650779016
10000 10000 2955 1300 7e-18 0.283025739206 0.283025739206 0.283025739206 0.282958115924
10000 10000 2955 1300 1e-17 0.248790931388 0.248790931388 0.248790931388 0.248734413139
10000 10000 2955 1300 2e-17 0.163709795862 0.163709795862 0.163709795862 0.163678785153
10000 10000 2955 1300 5e-17 0.0504373607999 0.0504373607999 0.0504373607999 0.050432158375
10000 10000 2955 1300 7e-17 0.0240954196516 0.0240954196516 0.0240954196516 0.0240937818536
10000 10000 2955 1300 1e-16 0.00834448109553 0.00834448109553 0.00834448109553 0.00834417150552
10000 10000 2955 1300 1e-15 2.86115502453e-13 2.86115502453e-13 2.86115502453e-13 2.8611550245e-13
10000 10000 2955 1300 1e-14 6.13602900443e-85 6.13602900443e-85 6.13602900443e-85 6.13602900443e-85
10000 10000 2955 1300 1e-12 0.0 0.0 0.0 0.0
10000 10000 2955 1300 1e-10 0.0 0.0 0.0 0.0
