10000 10000 755 100 1e-22 0.0127505491126 0.0 0.0 0.0
10000 10000 755 100 1e-20 0.0127469751825 0.0 0.0 0.0
10000 10000 755 100 1e-19 0.0127145323713 0.0 0.0 0.0
10000 10000 755 100 2e-19 0.0126785849002 0.0 0.0 0.0
10000 10000 755 100 5e-19 0.0125713715723 0.0 0.0 0.0
10000 10000 755 100 7e-19 0.0125004171053 0.0 0.0 0.0
10000 10000 755 100 1e-18 0.0123947607705 0.0 0.0 0.0
10000 10000 755 100 2e-18 0.0120491924807 0.0 0.0 0.0
10000 10000 755 100 5e-18 0.0110710257651 0.0 0.0 0.0
10000 10000 755 100 7e-18 0.0104648552424 0.0 0.0 0.0
10000 10000 755 100 1e-17 0.00961920849723 0.0 0.0 0.0
10000 10000 755 100 2e-17 0.0072764941038 0.0 0.0 0.0
10000 10000 755 100 5e-17 0.00320108561584 0.0 0.0 0.0
10000 10000 755 100 7e-17 0.00187672546015 0.0 0.0 0.0
10000 10000 755 100 1e-16 0.000859724502034 0.0 0.0 0.0
10000 10000 755 100 1e-15 2.73556773829e-08 0.0 0.0 0.0
10000 10000 755 100 1e-14 5.06551905091e-30 0.0 0.0 0.0
10000 10000 755 100 1e-12 0.0 0.0 0.0 0.0
10000 10000 755 100 1e-10 0.0 0.0 0.0 0.0
