10000 10000 2955 600 1e-22 0.0857270653585 0.0857225350572 0.0856846603575 0.0855184284314
10000 10000 2955 600 1e-20 0.0856951610029 0.0856906341206 0.0856527767395 0.0854866147389
10000 10000 2955 600 1e-19 0.0854057328177 0.0854012368969 0.0853635365775 0.0851980087423
10000 10000 2955 600 2e-19 0.0850854338887 0.0850809721184 0.0850434455125 0.084878619102
10000 10000 2955 600 5e-19 0.084132608373 0.0841282474869 0.084091237014 0.0839284948229
10000 10000 2955 600 7e-19 0.0835040536185 0.0834997587027 0.0834630881874 0.0833017189449
10000 10000 2955 600 1e-18 0.0825710887958 0.0825668909463 0.0825307242533 0.082371389994
10000 10000 2955 600 2e-18 0.0795447226619 0.0795408326177 0.0795062936537 0.0793535365047
10000 10000 2955 600 5e-18 0.0711866639229 0.0711835670293 0.0711534669574 0.0710186775842
10000 10000 2955 600 7e-18 0.0661620780529 0.066159416922 0.0661319409735 0.0660078081334
10000 10000 2955 600 1e-17 0.0593513302657 0.0593492093801 0.0593252294575 0.0592153568578
10000 10000 2955 600 2e-17 0.041707245064 0.0417062447118 0.041690914892 0.0416168877408
10000 10000 2955 600 5e-17 0.0155160394958 0.0155159294498 0.0155117023552 0.0154870471555
10000 10000 2955 600 7e-17 0.00838892146594 0.00838889516393 0.00838703057918 0.00837455662389
10000 10000 2955 600 1e-16 0.00350090307729 0.00350089982081 0.00350032453384 0.00349558569141
10000 10000 2955 600 1e-15 1.05865475182e-10 1.05865475182e-10 1.05865474554e-10 1.05864611797e-10
10000 10000 2955 600 1e-14 3.91984206757e-57 3.91984206757e-57 3.91984206757e-57 3.91984206757e-57
10000 10000 2955 600 1e-12 0.0 0.0 0.0 0.0
10000 10000 2955 600 1e-10 0.0 0.0 0.0 0.0
