10000 10000 1255 410 1e-22 0.453365958647 0.453345832884 0.452665142026 0.0
10000 10000 1255 410 1e-20 0.453221587852 0.453201472309 0.452521001171 0.0
10000 10000 1255 410 1e-19 0.451911142763 0.451891119903 0.451212643553 0.0
10000 10000 1255 410 2e-19 0.450459347635 0.450439427284 0.449763161727 0.0
10000 10000 1255 410 5e-19 0.446130731491 0.446111115699 0.445441446924 0.0
10000 10000 1255 410 7e-19 0.443267188496 0.44324777329 0.442582472718 0.0
10000 10000 1255 410 1e-18 0.439004961979 0.438985844011 0.438327051305 0.0
10000 10000 1255 410 2e-18 0.425080817673 0.425062659559 0.424425175459 0.0
10000 10000 1255 410 5e-18 0.385830611171 0.385815063318 0.385237996163 0.0
10000 10000 1255 410 7e-18 0.361658057879 0.36164404423 0.36110439643 0.0
10000 10000 1255 410 1e-17 0.328178400703 0.328166414431 0.327678783462 0.0
10000 10000 1255 410 2e-17 0.237428284611 0.237421174463 0.237074907131 0.0
10000 10000 1255 410 5e-17 0.0911654410884 0.0911639296862 0.0910408307593 0.0
10000 10000 1255 410 7e-17 0.0489960167544 0.0489954637707 0.0489329991092 0.0
10000 10000 1255 410 1e-16 0.0198291647107 0.0198290371171 0.0198058625103 0.0
10000 10000 1255 410 1e-15 6.76597895451e-11 6.76597895451e-11 6.76569119655e-11 0.0
10000 10000 1255 410 1e-14 1.31873344427e-57 1.31873344427e-57 1.31873344427e-57 0.0
10000 10000 1255 410 1e-12 0.0 0.0 0.0 0.0
10000 10000 1255 410 1e-10 0.0 0.0 0.0 0.0
