10000 10000 1455 440 1e-22 0.40356164157 0.403553516868 0.403052761056 0.0
10000 10000 1455 440 1e-20 0.403434705161 0.403426584679 0.402925992924 0.0
10000 10000 1455 440 1e-19 0.402282554037 0.402274471834 0.401775369282 0.0
10000 10000 1455 440 2e-19 0.401006216858 0.40099817699 0.400500724431 0.0
10000 10000 1455 440 5e-19 0.397201285501 0.397193371402 0.396700839356 0.0
10000 10000 1455 440 7e-19 0.394684615511 0.394676784236 0.394187508064 0.0
10000 10000 1455 440 1e-18 0.390939306067 0.390931597512 0.390447168622 0.0
10000 10000 1455 440 2e-18 0.378708583798 0.378701271429 0.378232686445 0.0
10000 10000 1455 440 5e-18 0.344261520652 0.34425528476 0.343831416301 0.0
10000 10000 1455 440 7e-18 0.323059540117 0.32305393616 0.32265763142 0.0
10000 10000 1455 440 1e-17 0.293695094691 0.293690324592 0.293332200833 0.0
10000 10000 1455 440 2e-17 0.213961549424 0.21395877458 0.213703883371 0.0
10000 10000 1455 440 5e-17 0.0839649112554 0.0839643682314 0.0838724151821 0.0
10000 10000 1455 440 7e-17 0.0456972349308 0.0456970489451 0.0456498871498 0.0
10000 10000 1455 440 1e-16 0.0187712592322 0.0187712205404 0.0187534751903 0.0
10000 10000 1455 440 1e-15 5.40911372183e-11 5.40911372183e-11 5.4090172341e-11 0.0
10000 10000 1455 440 1e-14 1.23032059839e-58 1.23032059839e-58 1.23032059839e-58 0.0
10000 10000 1455 440 1e-12 0.0 0.0 0.0 0.0
10000 10000 1455 440 1e-10 0.0 0.0 0.0 0.0
