10000 10000 1105 360 1e-22 0.451450180545 0.451402206318 0.450081065351 0.0
10000 10000 1105 360 1e-20 0.451304752196 0.451256799086 0.449936076343 0.0
10000 10000 1105 360 1e-19 0.449984781814 0.44993702031 0.4486200947 0.0
10000 10000 1105 360 2e-19 0.448522589285 0.448475039883 0.44716232297 0.0
10000 10000 1105 360 5e-19 0.444163934692 0.444117016613 0.442816860445 0.0
10000 10000 1105 360 7e-19 0.441281304909 0.441234803577 0.439942966766 0.0
10000 10000 1105 360 1e-18 0.436991812356 0.436945929983 0.435666490478 0.0
10000 10000 1105 360 2e-18 0.422987922012 0.422944050115 0.421705226857 0.0
10000 10000 1105 360 5e-18 0.383585359034 0.383547050476 0.382423579796 0.0
10000 10000 1105 360 7e-18 0.359368029909 0.359333062599 0.358281173049 0.0
10000 10000 1105 360 1e-17 0.325882064321 0.325851603237 0.32489939003 0.0
10000 10000 1105 360 2e-17 0.235393130015 0.235374025181 0.234693755818 0.0
10000 10000 1105 360 5e-17 0.0902029351051 0.0901983177998 0.0899520304147 0.0
10000 10000 1105 360 7e-17 0.0484597846843 0.0484579836642 0.0483316657402 0.0
10000 10000 1105 360 1e-16 0.0196127052911 0.0196122560576 0.0195648566914 0.0
10000 10000 1105 360 1e-15 9.73053477338e-11 9.73053477337e-11 9.73034589475e-11 0.0
10000 10000 1105 360 1e-14 5.63817272608e-58 5.63817272608e-58 5.63817272608e-58 0.0
10000 10000 1105 360 1e-12 0.0 0.0 0.0 0.0
10000 10000 1105 360 1e-10 0.0 0.0 0.0 0.0
