10000 10000 2955 1900 1e-22 0.0576785311435 0.0576785311435 0.0576785311435 0.0576784821437
10000 10000 2955 1900 1e-20 0.0576464554305 0.0576464554305 0.0576464554305 0.0576464064548
10000 10000 2955 1900 1e-19 0.0573557781354 0.0573557781354 0.0573557781354 0.0573557293776
10000 10000 2955 1900 2e-19 0.0570347382358 0.0570347382358 0.0570347382358 0.057034689719
10000 10000 2955 1900 5e-19 0.0560836933379 0.0560836933379 0.0560836933379 0.056083645537
10000 10000 2955 1900 7e-19 0.0554595795131 0.0554595795131 0.0554595795131 0.0554595321835
10000 10000 2955 1900 1e-18 0.0545379960819 0.0545379960819 0.0545379960819 0.0545379494507
10000 10000 2955 1900 2e-18 0.051587988517 0.051587988517 0.051587988517 0.0515879441401
10000 10000 2955 1900 5e-18 0.0437554012602 0.0437554012602 0.0437554012602 0.0437553630132
10000 10000 2955 1900 7e-18 0.0392710038167 0.0392710038167 0.0392710038167 0.0392709691782
10000 10000 2955 1900 1e-17 0.0334658523102 0.0334658523102 0.0334658523102 0.0334658224564
10000 10000 2955 1900 2e-17 0.0199548156118 0.0199548156118 0.0199548156118 0.0199547974229
10000 10000 2955 1900 5e-17 0.00467318614087 0.00467318614087 0.00467318614087 0.00467318202731
10000 10000 2955 1900 7e-17 0.00187526219967 0.00187526219967 0.00187526219967 0.00187526067272
10000 10000 2955 1900 1e-16 0.000505059265804 0.000505059265804 0.000505059265804 0.000505058920471
10000 10000 2955 1900 1e-15 5.10107397878e-17 5.10107397878e-17 5.10107397878e-17 5.10107397878e-17
10000 10000 2955 1900 1e-14 1.24037089129e-127 1.24037089129e-127 1.24037089129e-127 1.24037089129e-127
10000 10000 2955 1900 1e-12 0.0 0.0 0.0 0.0
10000 10000 2955 1900 1e-10 0.0 0.0 0.0 0.0
