10000 10000 855 650 1e-22 0.626621414431 0.626604953261 0.626305645554 0.625557534312
10000 10000 855 650 1e-20 0.626411140084 0.626394700201 0.626095474685 0.625347372713
10000 10000 855 650 1e-19 0.624501722455 0.624485474807 0.624186997382 0.623438992559
10000 10000 855 650 2e-19 0.622384739655 0.622368702899 0.622071058565 0.621323188627
10000 10000 855 650 5e-19 0.616062979466 0.616047558698 0.615752424829 0.615005125694
10000 10000 855 650 7e-19 0.611872975804 0.611857952159 0.611564500594 0.61081771645
10000 10000 855 650 1e-18 0.605625063723 0.60561061618 0.605319699771 0.604573881996
10000 10000 855 650 2e-18 0.58512503444 0.585112348563 0.584829964302 0.584088927826
10000 10000 855 650 5e-18 0.526728869188 0.526720255126 0.526463771005 0.525748683042
10000 10000 855 650 7e-18 0.490439702412 0.49043302905 0.490193645336 0.489502821546
10000 10000 855 650 1e-17 0.439963678727 0.439959106503 0.439744525828 0.439096409451
10000 10000 855 650 2e-17 0.303728198442 0.303726832921 0.303583012784 0.303092510746
10000 10000 855 650 5e-17 0.0986401110121 0.0986400405333 0.0986021150971 0.0984309226614
10000 10000 855 650 7e-17 0.0475476358094 0.0475476204896 0.0475323253675 0.0474502404439
10000 10000 855 650 1e-16 0.0166273547975 0.0166273528775 0.0166233320811 0.0165954841823
10000 10000 855 650 1e-15 6.13738841798e-12 6.13738841798e-12 6.13738712965e-12 6.136585608e-12
10000 10000 855 650 1e-14 2.04135474946e-64 2.04135474946e-64 2.04135474946e-64 2.04135474946e-64
10000 10000 855 650 1e-12 0.0 0.0 0.0 0.0
10000 10000 855 650 1e-10 0.0 0.0 0.0 0.0
