10000 10000 1055 370 1e-22 0.530455202578 0.530395474162 0.529124449567 0.0
10000 10000 1055 370 1e-20 0.530291017017 0.530231313618 0.528960589585 0.0
10000 10000 1055 370 1e-19 0.528800500816 0.52874102449 0.527473033429 0.0
10000 10000 1055 370 2e-19 0.527148762604 0.52708953783 0.525824584603 0.0
10000 10000 1055 370 5e-19 0.522221214258 0.522162739399 0.520906906169 0.0
10000 10000 1055 370 7e-19 0.518959169196 0.518901190317 0.517651441437 0.0
10000 10000 1055 370 1e-18 0.51410044361 0.514043202744 0.512802584851 0.0
10000 10000 1055 370 2e-18 0.49819998852 0.498145155877 0.496934981515 0.0
10000 10000 1055 370 5e-18 0.453158214746 0.45311012821 0.451990615973 0.0
10000 10000 1055 370 7e-18 0.425263932281 0.425219949819 0.424159625669 0.0
10000 10000 1055 370 1e-17 0.386446154781 0.38640776163 0.38543331517 0.0
10000 10000 1055 370 2e-17 0.280271566274 0.280247471871 0.279525695625 0.0
10000 10000 1055 370 5e-17 0.107143813196 0.107138101832 0.106865705055 0.0
10000 10000 1055 370 7e-17 0.0571930761794 0.0571908743836 0.0570505092968 0.0
10000 10000 1055 370 1e-16 0.0228913906707 0.022890842692 0.0228383785798 0.0
10000 10000 1055 370 1e-15 7.83443856031e-11 7.83443855922e-11 7.83417829434e-11 0.0
10000 10000 1055 370 1e-14 2.4515656277e-57 2.4515656277e-57 2.4515656277e-57 0.0
10000 10000 1055 370 1e-12 0.0 0.0 0.0 0.0
10000 10000 1055 370 1e-10 0.0 0.0 0.0 0.0
