10000 10000 2955 900 1e-22 0.310845525593 0.310845525593 0.310827254035 0.310678464208
10000 10000 2955 900 1e-20 0.310740760242 0.310740760242 0.310722500318 0.310573763703
10000 10000 2955 900 1e-19 0.30979004371 0.30979004371 0.309771889188 0.309623635429
10000 10000 2955 900 2e-19 0.308737266489 0.308737266489 0.308719228336 0.308571509212
10000 10000 2955 900 5e-19 0.305601371692 0.305601371692 0.305583677977 0.305437551011
10000 10000 2955 900 7e-19 0.303529331899 0.303529331899 0.303511863977 0.30336678873
10000 10000 2955 900 1e-18 0.30044882861 0.30044882861 0.300431693733 0.300288181625
10000 10000 2955 900 2e-18 0.290414860013 0.290414860013 0.290398788055 0.290260363516
10000 10000 2955 900 5e-18 0.262363987078 0.262363987078 0.262350708741 0.262226469824
10000 10000 2955 900 7e-18 0.245249873043 0.245249873043 0.245238170336 0.245122554165
10000 10000 2955 900 1e-17 0.22173400198 0.22173400198 0.221724304968 0.221620488555
10000 10000 2955 900 2e-17 0.158961292794 0.158961292794 0.158956045382 0.158883359185
10000 10000 2955 900 5e-17 0.0601477512769 0.0601477512769 0.0601468243467 0.0601212553245
10000 10000 2955 900 7e-17 0.0320924694739 0.0320924694739 0.0320921540938 0.0320791474502
10000 10000 2955 900 1e-16 0.0128317766012 0.0128317766012 0.0128317081873 0.0128268579538
10000 10000 2955 900 1e-15 1.20111935336e-11 1.20111935336e-11 1.20111935285e-11 1.20111476084e-11
10000 10000 2955 900 1e-14 2.194588115e-67 2.194588115e-67 2.194588115e-67 2.194588115e-67
10000 10000 2955 900 1e-12 0.0 0.0 0.0 0.0
10000 10000 2955 900 1e-10 0.0 0.0 0.0 0.0
