10000 10000 355 280 1e-22 0.545877887449 0.545505445205 0.0 0.0
10000 10000 355 280 1e-20 0.545710318676 0.545337944187 0.0 0.0
10000 10000 355 280 1e-19 0.544188497393 0.543816742038 0.0 0.0
10000 10000 355 280 2e-19 0.542500830533 0.54212976974 0.0 0.0
10000 10000 355 280 5e-19 0.537458478356 0.537089541809 0.0 0.0
10000 10000 355 280 7e-19 0.534114263893 0.533746775957 0.0 0.0
10000 10000 355 280 1e-18 0.52912425126 0.528758982288 0.0 0.0
10000 10000 355 280 2e-18 0.512722957522 0.512365443953 0.0 0.0
10000 10000 355 280 5e-18 0.465742141838 0.465410286615 0.0 0.0
10000 10000 355 280 7e-18 0.43633072499 0.436017099958 0.0 0.0
10000 10000 355 280 1e-17 0.395106081975 0.39482021489 0.0 0.0
10000 10000 355 280 2e-17 0.281548656277 0.281347974205 0.0 0.0
10000 10000 355 280 5e-17 0.100063672808 0.100003913289 0.0 0.0
10000 10000 355 280 7e-17 0.0507979445182 0.0507717797996 0.0 0.0
10000 10000 355 280 1e-16 0.0189519332894 0.0189441551831 0.0 0.0
10000 10000 355 280 1e-15 3.12070089564e-11 3.12070034866e-11 0.0 0.0
10000 10000 355 280 1e-14 9.49152103913e-61 9.49152103913e-61 0.0 0.0
10000 10000 355 280 1e-12 0.0 0.0 0.0 0.0
10000 10000 355 280 1e-10 0.0 0.0 0.0 0.0
