10000 10000 805 440 1e-22 0.703809671134 0.703771638299 0.702993162758 0.0
10000 10000 805 440 1e-20 0.703596243304 0.703558222852 0.702779734315 0.0
10000 10000 805 440 1e-19 0.701657796072 0.701619888359 0.700841295448 0.0
10000 10000 805 440 2e-19 0.699507797086 0.699470015 0.698691334957 0.0
10000 10000 805 440 5e-19 0.693082228674 0.693044825594 0.692266062246 0.0
10000 10000 805 440 7e-19 0.688819101204 0.688781952422 0.688003277896 0.0
10000 10000 805 440 1e-18 0.682455722049 0.68241895687 0.681640624219 0.0
10000 10000 805 440 2e-18 0.661522257478 0.661486785388 0.660711278513 0.0
10000 10000 805 440 5e-18 0.601418548427 0.601386994341 0.600632678827 0.0
10000 10000 805 440 7e-18 0.563697987179 0.563668993522 0.562936622446 0.0
10000 10000 805 440 1e-17 0.510722973034 0.510697632211 0.510005606915 0.0
10000 10000 805 440 2e-17 0.36431259293 0.364297123861 0.363761970748 0.0
10000 10000 805 440 5e-17 0.12952851396 0.12952551431 0.129329115941 0.0
10000 10000 805 440 7e-17 0.0657692991854 0.0657683214921 0.0656718276041 0.0
10000 10000 805 440 1e-16 0.0245614444492 0.0245612595804 0.0245276487698 0.0
10000 10000 805 440 1e-15 2.79501258809e-11 2.79501258809e-11 2.79488980643e-11 0.0
10000 10000 805 440 1e-14 9.45910184672e-59 9.45910184672e-59 9.45910184672e-59 0.0
10000 10000 805 440 1e-12 0.0 0.0 0.0 0.0
10000 10000 805 440 1e-10 0.0 0.0 0.0 0.0
