10000 10000 755 200 1e-22 0.251498714257 0.251021479062 0.0 0.0
10000 10000 755 200 1e-20 0.251416027974 0.250938970639 0.0 0.0
10000 10000 755 200 1e-19 0.250665644939 0.250190201249 0.0 0.0
10000 10000 755 200 2e-19 0.249834648553 0.24936099091 0.0 0.0
10000 10000 755 200 5e-19 0.247359003214 0.246890660504 0.0 0.0
10000 10000 755 200 7e-19 0.24572292093 0.245258085818 0.0 0.0
10000 10000 755 200 1e-18 0.24329011071 0.242830484086 0.0 0.0
10000 10000 755 200 2e-18 0.235362123181 0.234919409583 0.0 0.0
10000 10000 755 200 5e-18 0.213167829754 0.212771963904 0.0 0.0
10000 10000 755 200 7e-18 0.19960360959 0.199236002045 0.0 0.0
10000 10000 755 200 1e-17 0.180934746524 0.180605550321 0.0 0.0
10000 10000 755 200 2e-17 0.130895890121 0.130666682198 0.0 0.0
10000 10000 755 200 5e-17 0.0511018929623 0.0510209927398 0.0 0.0
10000 10000 755 200 7e-17 0.0279128845523 0.0278712755568 0.0 0.0
10000 10000 755 200 1e-16 0.0115838844066 0.0115680123904 0.0 0.0
10000 10000 755 200 1e-15 3.52892700058e-10 3.5289156795e-10 0.0 0.0
10000 10000 755 200 1e-14 7.49792178781e-49 7.49792178781e-49 0.0 0.0
10000 10000 755 200 1e-12 0.0 0.0 0.0 0.0
10000 10000 755 200 1e-10 0.0 0.0 0.0 0.0
