10000 10000 955 350 1e-22 0.534587329389 0.534497489608 0.532854955939 0.0
10000 10000 955 350 1e-20 0.534420568841 0.534330771864 0.532688683743 0.0
10000 10000 955 350 1e-19 0.532906789413 0.532817380692 0.53117934019 0.0
10000 10000 955 350 2e-19 0.531229508875 0.531140529731 0.529506980601 0.0
10000 10000 955 350 5e-19 0.526227229484 0.526139527626 0.524519414267 0.0
10000 10000 955 350 7e-19 0.522916908703 0.522830048896 0.521218860196 0.0
10000 10000 955 350 1e-18 0.517988018589 0.517902407774 0.516304556191 0.0
10000 10000 955 350 2e-18 0.501872109191 0.501790541646 0.500236698461 0.0
10000 10000 955 350 5e-18 0.456328798622 0.456258307307 0.454831988667 0.0
10000 10000 955 350 7e-18 0.428195658849 0.428131737019 0.426786373575 0.0
10000 10000 955 350 1e-17 0.389122651692 0.389067485897 0.387837090999 0.0
10000 10000 955 350 2e-17 0.282574607628 0.282540925643 0.281636997102 0.0
10000 10000 955 350 5e-17 0.1089118821 0.108904111651 0.108560174755 0.0
10000 10000 955 350 7e-17 0.0584638150278 0.0584608162434 0.0582811522595 0.0
10000 10000 955 350 1e-16 0.0235551410004 0.0235543915445 0.0234857618453 0.0
10000 10000 955 350 1e-15 1.04459928983e-10 1.04459928981e-10 1.04456497556e-10 0.0
10000 10000 955 350 1e-14 9.26630336221e-58 9.26630336221e-58 9.26630336221e-58 0.0
10000 10000 955 350 1e-12 0.0 0.0 0.0 0.0
10000 10000 955 350 1e-10 0.0 0.0 0.0 0.0
