10000 10000 805 470 1e-22 0.700534785446 0.700507709968 0.699817061628 0.0
10000 10000 805 470 1e-20 0.700316880611 0.700289814584 0.699599213312 0.0
10000 10000 805 470 1e-19 0.698337924842 0.69831094486 0.697620780711 0.0
10000 10000 805 470 2e-19 0.696143319467 0.696116435347 0.695426776201 0.0
10000 10000 805 470 5e-19 0.689586452672 0.689559857646 0.688871832481 0.0
10000 10000 805 470 7e-19 0.685237868164 0.685211467007 0.684524627318 0.0
10000 10000 805 470 1e-18 0.678749365811 0.67872325694 0.678038333874 0.0
10000 10000 805 470 2e-18 0.657424557758 0.657399432644 0.656722008064 0.0
10000 10000 805 470 5e-18 0.596363950708 0.596341790261 0.595695016662 0.0
10000 10000 805 470 7e-18 0.558164235501 0.558143997847 0.557522434152 0.0
10000 10000 805 470 1e-17 0.504668843565 0.504651326618 0.504071655088 0.0
10000 10000 805 470 2e-17 0.357732707956 0.357722384093 0.357288413888 0.0
10000 10000 805 470 5e-17 0.125245580541 0.125243794559 0.125093812586 0.0
10000 10000 805 470 7e-17 0.0630731296806 0.0630725903388 0.0630009975583 0.0
10000 10000 805 470 1e-16 0.0233205147145 0.0233204232819 0.0232963410145 0.0
10000 10000 805 470 1e-15 1.98468909073e-11 1.98468909073e-11 1.9846457307e-11 0.0
10000 10000 805 470 1e-14 3.19300469479e-60 3.19300469479e-60 3.19300469479e-60 0.0
10000 10000 805 470 1e-12 0.0 0.0 0.0 0.0
10000 10000 805 470 1e-10 0.0 0.0 0.0 0.0
