10000 10000 905 310 1e-22 0.45997217889 0.459838062555 0.0 0.0
10000 10000 905 310 1e-20 0.459822707929 0.459688649493 0.0 0.0
10000 10000 905 310 1e-19 0.458466082092 0.458332549053 0.0 0.0
10000 10000 905 310 2e-19 0.456963362652 0.456830411367 0.0 0.0
10000 10000 905 310 5e-19 0.452484390336 0.452353171579 0.0 0.0
10000 10000 905 310 7e-19 0.449522592244 0.449392517917 0.0 0.0
10000 10000 905 310 1e-18 0.445115894503 0.444987520987 0.0 0.0
10000 10000 905 310 2e-18 0.430734438206 0.430611597781 0.0 0.0
10000 10000 905 310 5e-18 0.390312641627 0.390205173147 0.0 0.0
10000 10000 905 310 7e-18 0.36550175467 0.365403554581 0.0 0.0
10000 10000 905 310 1e-17 0.331238070569 0.331152404364 0.0 0.0
10000 10000 905 310 2e-17 0.238907748584 0.238853784081 0.0 0.0
10000 10000 905 310 5e-17 0.0915226401434 0.0915092789311 0.0 0.0
10000 10000 905 310 7e-17 0.0492482298171 0.0492428643262 0.0 0.0
10000 10000 905 310 1e-16 0.0199892515655 0.0199878279959 0.0 0.0
10000 10000 905 310 1e-15 1.40524455591e-10 1.40524455109e-10 0.0 0.0
10000 10000 905 310 1e-14 4.49551710604e-57 4.49551710604e-57 0.0 0.0
10000 10000 905 310 1e-12 0.0 0.0 0.0 0.0
10000 10000 905 310 1e-10 0.0 0.0 0.0 0.0
