10000 10000 555 270 1e-22 0.603644964696 0.603268087162 0.0 0.0
10000 10000 555 270 1e-20 0.603458029917 0.603081228696 0.0 0.0
10000 10000 555 270 1e-19 0.601760647484 0.601384542297 0.0 0.0
10000 10000 555 270 2e-19 0.599878949149 0.599503622081 0.0 0.0
10000 10000 555 270 5e-19 0.594260952322 0.593887988559 0.0 0.0
10000 10000 555 270 7e-19 0.590538253106 0.590166887962 0.0 0.0
10000 10000 555 270 1e-18 0.584988242629 0.584619308019 0.0 0.0
10000 10000 555 270 2e-18 0.56678436415 0.566423782885 0.0 0.0
10000 10000 555 270 5e-18 0.514918877955 0.514584967385 0.0 0.0
10000 10000 555 270 7e-18 0.482619643014 0.482304181059 0.0 0.0
10000 10000 555 270 1e-17 0.437510064934 0.437222285195 0.0 0.0
10000 10000 555 270 2e-17 0.313765815139 0.313561860902 0.0 0.0
10000 10000 555 270 5e-17 0.114845974712 0.114782293613 0.0 0.0
10000 10000 555 270 7e-17 0.0595760479394 0.0595472083096 0.0 0.0
10000 10000 555 270 1e-16 0.02293595873 0.0229269632597 0.0 0.0
10000 10000 555 270 1e-15 6.90415448122e-11 6.9041540123e-11 0.0 0.0
10000 10000 555 270 1e-14 1.15180804641e-57 1.15180804641e-57 0.0 0.0
10000 10000 555 270 1e-12 0.0 0.0 0.0 0.0
10000 10000 555 270 1e-10 0.0 0.0 0.0 0.0
