10000 10000 2955 2750 1e-22 0.00528401833259 0.00528401833259 0.00528401833259 0.00528401833259
10000 10000 2955 2750 1e-20 0.00528018161803 0.00528018161803 0.00528018161803 0.00528018161803
10000 10000 2955 2750 1e-19 0.00524544375595 0.00524544375595 0.00524544375595 0.00524544375595
10000 10000 2955 2750 2e-19 0.00520714300808 0.00520714300808 0.00520714300808 0.00520714300808
10000 10000 2955 2750 5e-19 0.00509408750284 0.00509408750284 0.00509408750284 0.00509408750284
10000 10000 2955 2750 7e-19 0.00502022779956 0.00502022779956 0.00502022779956 0.00502022779956
10000 10000 2955 2750 1e-18 0.0049116489239 0.0049116489239 0.0049116489239 0.0049116489239
10000 10000 2955 2750 2e-18 0.00456802256385 0.00456802256385 0.00456802256385 0.00456802256385
10000 10000 2955 2750 5e-18 0.00368593249505 0.00368593249505 0.00368593249505 0.00368593249505
10000 10000 2955 2750 7e-18 0.0032018921 0.0032018921 0.0032018921 0.0032018921
10000 10000 2955 2750 1e-17 0.00259993506281 0.00259993506281 0.00259993506281 0.00259993506281
10000 10000 2955 2750 2e-17 0.0013243310676 0.0013243310676 0.0013243310676 0.0013243310676
10000 10000 2955 2750 5e-17 0.000194338235956 0.000194338235956 0.000194338235956 0.000194338235956
10000 10000 2955 2750 7e-17 5.69804201303e-05 5.69804201303e-05 5.69804201303e-05 5.69804201303e-05
10000 10000 2955 2750 1e-16 9.57109632302e-06 9.57109632302e-06 9.57109632302e-06 9.57109632302e-06
10000 10000 2955 2750 1e-15 2.59718072749e-25 2.59718072749e-25 2.59718072749e-25 2.59718072749e-25
10000 10000 2955 2750 1e-14 3.68877984191e-206 3.68877984191e-206 3.68877984191e-206 3.68877984191e-206
10000 10000 2955 2750 1e-12 0.0 0.0 0.0 0.0
10000 10000 2955 2750 1e-10 0.0 0.0 0.0 0.0
