10000 10000 1055 700 1e-22 0.669350113022 0.669287097852 0.668990911435 0.668270536693
10000 10000 1055 700 1e-20 0.669111644686 0.669048708355 0.668752646341 0.66803234089
10000 10000 1055 700 1e-19 0.666946790017 0.666884565812 0.666589633208 0.665869966484
10000 10000 1055 700 2e-19 0.664547822394 0.664486379818 0.664192698877 0.663473760265
10000 10000 1055 700 5e-19 0.657391560815 0.657332403628 0.657042457051 0.65632581606
10000 10000 1055 700 7e-19 0.652654635276 0.652596953381 0.652309479008 0.65159446116
10000 10000 1055 700 1e-18 0.645600199366 0.645544660438 0.645260867969 0.644548416065
10000 10000 1055 700 2e-18 0.622527780383 0.6224788163 0.622207063181 0.621504211464
10000 10000 1055 700 5e-18 0.557385319752 0.55735170453 0.557113826352 0.556447347631
10000 10000 1055 700 7e-18 0.517303307277 0.517277104862 0.517059896274 0.516421962693
10000 10000 1055 700 1e-17 0.46201655343 0.461998476119 0.461809430083 0.461217708947
10000 10000 1055 700 2e-17 0.315220815728 0.315215449199 0.315098106957 0.314661528459
10000 10000 1055 700 5e-17 0.10026980194 0.100269624299 0.10024244971 0.100095586545
10000 10000 1055 700 7e-17 0.0479155404076 0.0479155176344 0.0479051214909 0.0478357599215
10000 10000 1055 700 1e-16 0.0165732553486 0.0165732538535 0.0165706935702 0.0165476215266
10000 10000 1055 700 1e-15 8.29785642802e-12 8.29785642802e-12 8.29785578483e-12 8.29748105941e-12
10000 10000 1055 700 1e-14 4.56445812282e-60 4.56445812282e-60 4.56445812282e-60 4.56445812282e-60
10000 10000 1055 700 1e-12 0.0 0.0 0.0 0.0
10000 10000 1055 700 1e-10 0.0 0.0 0.0 0.0
