10000 10000 1455 280 1e-22 0.0639346522888 0.0639215540775 0.0 0.0
10000 10000 1455 280 1e-20 0.0639154749715 0.0639023831097 0.0 0.0
10000 10000 1455 280 1e-19 0.0637414022166 0.0637283679167 0.0 0.0
10000 10000 1455 280 2e-19 0.0635485501325 0.0635355794515 0.0 0.0
10000 10000 1455 280 5e-19 0.0629735273456 0.0629607454029 0.0 0.0
10000 10000 1455 280 7e-19 0.0625931065261 0.0625804486654 0.0 0.0
10000 10000 1455 280 1e-18 0.0620268332953 0.062014358985 0.0 0.0
10000 10000 1455 280 2e-18 0.0601764844524 0.0601646003545 0.0 0.0
10000 10000 1455 280 5e-18 0.0549550949146 0.054944798453 0.0 0.0
10000 10000 1455 280 7e-18 0.0517331491559 0.0517237760381 0.0 0.0
10000 10000 1455 280 1e-17 0.0472588170901 0.0472506564983 0.0 0.0
10000 10000 1455 280 2e-17 0.0350186026582 0.0350133588041 0.0 0.0
10000 10000 1455 280 5e-17 0.0145357318866 0.0145341334965 0.0 0.0
10000 10000 1455 280 7e-17 0.0082289523744 0.00822817480884 0.0 0.0
10000 10000 1455 280 1e-16 0.00358936320771 0.00358908575745 0.0 0.0
10000 10000 1455 280 1e-15 2.00456125529e-10 2.00456125265e-10 0.0 0.0
10000 10000 1455 280 1e-14 1.09354953469e-56 1.09354953469e-56 0.0 0.0
10000 10000 1455 280 1e-12 0.0 0.0 0.0 0.0
10000 10000 1455 280 1e-10 0.0 0.0 0.0 0.0
