10000 10000 1255 550 1e-22 0.663788707924 0.663779602238 0.663383050602 0.661731410632
10000 10000 1255 550 1e-20 0.663583100556 0.66357400106 0.663177542311 0.661526400063
10000 10000 1255 550 1e-19 0.661716100587 0.661707057178 0.661311444225 0.659664822732
10000 10000 1255 550 2e-19 0.65964622184 0.659637240348 0.659242570023 0.6576009631
10000 10000 1255 550 5e-19 0.653465502877 0.653456704624 0.653064879418 0.651438261929
10000 10000 1255 550 7e-19 0.649369199689 0.649360521532 0.64897060663 0.647353936233
10000 10000 1255 550 1e-18 0.64326115368 0.643252652622 0.642865621955 0.641263802187
10000 10000 1255 550 2e-18 0.623218514489 0.623210578252 0.622833300568 0.621280358204
10000 10000 1255 550 5e-18 0.566051428873 0.566044972757 0.565697689633 0.564285241275
10000 10000 1255 550 7e-18 0.530411450964 0.530405825278 0.530078637061 0.528754446462
10000 10000 1255 550 1e-17 0.480597753252 0.480593177404 0.480295530494 0.479095360072
10000 10000 1255 550 2e-17 0.343830041691 0.343827740856 0.343617188956 0.342760046599
10000 10000 1255 550 5e-17 0.124445899749 0.124445599502 0.124378655398 0.124073123489
10000 10000 1255 550 7e-17 0.0639934331054 0.0639933536005 0.0639625285669 0.0638076116869
10000 10000 1255 550 1e-16 0.0243111056802 0.0243110943859 0.0243012133762 0.0242437822269
10000 10000 1255 550 1e-15 1.94219820989e-11 1.94219820989e-11 1.94219477658e-11 1.93985128304e-11
10000 10000 1255 550 1e-14 2.19809856449e-63 2.19809856449e-63 2.19809856449e-63 2.19809856449e-63
10000 10000 1255 550 1e-12 0.0 0.0 0.0 0.0
10000 10000 1255 550 1e-10 0.0 0.0 0.0 0.0
