10000 10000 1455 410 1e-22 0.332093508094 0.332076307214 0.331568310342 0.0
10000 10000 1455 410 1e-20 0.331987301534 0.331970109535 0.331462286584 0.0
10000 10000 1455 410 1e-19 0.331023407239 0.331006295761 0.330500051172 0.0
10000 10000 1455 410 2e-19 0.329955828657 0.329938806206 0.329434309549 0.0
10000 10000 1455 410 5e-19 0.326774536975 0.326757778838 0.326258489549 0.0
10000 10000 1455 410 7e-19 0.324671419386 0.324654835177 0.324158987318 0.0
10000 10000 1455 410 1e-18 0.321543107531 0.321526780837 0.321036050317 0.0
10000 10000 1455 410 2e-18 0.311339891253 0.311324394429 0.310850340059 0.0
10000 10000 1455 410 5e-18 0.2827011001 0.282687848225 0.282260469263 0.0
10000 10000 1455 410 7e-18 0.265140058669 0.2651281195 0.264729250401 0.0
10000 10000 1455 410 1e-17 0.240892133828 0.240881923474 0.240522255061 0.0
10000 10000 1455 410 2e-17 0.175402196775 0.175396130331 0.175141080643 0.0
10000 10000 1455 410 5e-17 0.0692093870358 0.0692080975299 0.069115815615 0.0
10000 10000 1455 410 7e-17 0.0379022450957 0.0379017788133 0.037854199086 0.0
10000 10000 1455 410 1e-16 0.0157496300528 0.0157495260477 0.0157314670463 0.0
10000 10000 1455 410 1e-15 6.72711112709e-11 6.72711112709e-11 6.72692438109e-11 0.0
10000 10000 1455 410 1e-14 3.37180407791e-58 3.37180407791e-58 3.37180407791e-58 0.0
10000 10000 1455 410 1e-12 0.0 0.0 0.0 0.0
10000 10000 1455 410 1e-10 0.0 0.0 0.0 0.0
