10000 10000 555 440 1e-22 0.602472103235 0.602435525273 0.601610608045 0.0
10000 10000 555 440 1e-20 0.602283808427 0.602247243128 0.601422342365 0.0
10000 10000 555 440 1e-19 0.600573764375 0.600537314282 0.599712576753 0.0
10000 10000 555 440 2e-19 0.598677376557 0.59864105465 0.597816526857 0.0
10000 10000 555 440 5e-19 0.593011512983 0.592975576636 0.592151853019 0.0
10000 10000 555 440 7e-19 0.589253861043 0.589218182459 0.588395136577 0.0
10000 10000 555 440 1e-18 0.583647099509 0.583611808442 0.582789983427 0.0
10000 10000 555 440 2e-18 0.565220281048 0.565186285969 0.564370174867 0.0
10000 10000 555 440 5e-18 0.512458777076 0.512428637621 0.511641914077 0.0
10000 10000 555 440 7e-18 0.47945270434 0.479425045261 0.478665274078 0.0
10000 10000 555 440 1e-17 0.433235379058 0.433211224335 0.432498559426 0.0
10000 10000 555 440 2e-17 0.306363064499 0.30634827468 0.305808649856 0.0
10000 10000 555 440 5e-17 0.106343073992 0.10634012217 0.106151775795 0.0
10000 10000 555 440 7e-17 0.0532601157951 0.0532591292878 0.0531691357811 0.0
10000 10000 555 440 1e-16 0.0195590712307 0.0195588765634 0.0195286357798 0.0
10000 10000 555 440 1e-15 1.48153676401e-11 1.48153676401e-11 1.48146285402e-11 0.0
10000 10000 555 440 1e-14 1.04160297378e-59 1.04160297378e-59 1.04160297378e-59 0.0
10000 10000 555 440 1e-12 0.0 0.0 0.0 0.0
10000 10000 555 440 1e-10 0.0 0.0 0.0 0.0
