10000 10000 705 360 1e-22 0.648265712974 0.648127337123 0.646361737577 0.0
10000 10000 705 360 1e-20 0.648068432683 0.64793010046 0.646164707466 0.0
10000 10000 705 360 1e-19 0.646276806216 0.646138870921 0.64437537073 0.0
10000 10000 705 360 2e-19 0.644289988901 0.644152495272 0.642391129695 0.0
10000 10000 705 360 5e-19 0.63835418555 0.638218020572 0.636463252729 0.0
10000 10000 705 360 7e-19 0.634417672071 0.63428239555 0.632532182734 0.0
10000 10000 705 360 1e-18 0.628544216243 0.628410275757 0.626667120455 0.0
10000 10000 705 360 2e-18 0.609241517618 0.609112049262 0.60739421692 0.0
10000 10000 705 360 5e-18 0.553956720679 0.553840611943 0.552211799016 0.0
10000 10000 705 360 7e-18 0.519340567871 0.519233113508 0.517671073167 0.0
10000 10000 705 360 1e-17 0.470796513154 0.470701391012 0.469245339874 0.0
10000 10000 705 360 2e-17 0.336804181601 0.336742877126 0.335639706025 0.0
10000 10000 705 360 5e-17 0.121112616719 0.121097895072 0.120687098809 0.0
10000 10000 705 360 7e-17 0.0619511994005 0.0619455512058 0.061738747208 0.0
10000 10000 705 360 1e-16 0.0233763881827 0.0233749996514 0.0233002242821 0.0
10000 10000 705 360 1e-15 4.79132693139e-11 4.79132693072e-11 4.79100763785e-11 0.0
10000 10000 705 360 1e-14 3.0860138286e-58 3.0860138286e-58 3.0860138286e-58 0.0
10000 10000 705 360 1e-12 0.0 0.0 0.0 0.0
10000 10000 705 360 1e-10 0.0 0.0 0.0 0.0
