10000 10000 1055 430 1e-22 0.590864647176 0.590833626108 0.590027954052 0.0
10000 10000 1055 430 1e-20 0.590689331296 0.590658325065 0.589852842328 0.0
10000 10000 1055 430 1e-19 0.589097309732 0.589066438122 0.588262677887 0.0
10000 10000 1055 430 2e-19 0.587332118772 0.587301396199 0.58649955279 0.0
10000 10000 1055 430 5e-19 0.582060117873 0.582029838982 0.581233763482 0.0
10000 10000 1055 430 7e-19 0.578565156932 0.578535170975 0.577742954173 0.0
10000 10000 1055 430 1e-18 0.573352391753 0.573322840919 0.572536430166 0.0
10000 10000 1055 430 2e-18 0.556235310779 0.556207173422 0.555440239413 0.0
10000 10000 1055 430 5e-18 0.507298576618 0.507274344698 0.506566229762 0.0
10000 10000 1055 430 7e-18 0.476692217725 0.476670320526 0.476001037872 0.0
10000 10000 1055 430 1e-17 0.433768337229 0.433749565684 0.433136938169 0.0
10000 10000 1055 430 2e-17 0.314827137402 0.314816037206 0.314370142922 0.0
10000 10000 1055 430 5e-17 0.118760960856 0.118758739641 0.118600012884 0.0
10000 10000 1055 430 7e-17 0.0626170791173 0.0626163120755 0.0625372165109 0.0
10000 10000 1055 430 1e-16 0.0246161008762 0.0246159401178 0.024587533108 0.0
10000 10000 1055 430 1e-15 3.96512830063e-11 3.96512830063e-11 3.96496222719e-11 0.0
10000 10000 1055 430 1e-14 1.98827138824e-58 1.98827138824e-58 1.98827138824e-58 0.0
10000 10000 1055 430 1e-12 0.0 0.0 0.0 0.0
10000 10000 1055 430 1e-10 0.0 0.0 0.0 0.0
