10000 10000 1255 1150 1e-22 0.404071086817 0.404071086817 0.40405106356 0.403891088704
10000 10000 1255 1150 1e-20 0.40388710027 0.40388710027 0.403867095624 0.403707186206
10000 10000 1255 1150 1e-19 0.402218374516 0.402218374516 0.402198538119 0.402039222767
10000 10000 1255 1150 2e-19 0.400372407543 0.400372407543 0.400352756127 0.400194099108
10000 10000 1255 1150 5e-19 0.394885740743 0.394885740743 0.394866632124 0.394709939046
10000 10000 1255 1150 7e-19 0.391270269848 0.391270269848 0.391251513231 0.391096120182
10000 10000 1255 1150 1e-18 0.385909755423 0.385909755423 0.385891512512 0.385738055513
10000 10000 1255 1150 2e-18 0.368572460946 0.368572460946 0.36855581408 0.368408687912
10000 10000 1255 1150 5e-18 0.321154472518 0.321154472518 0.321141712439 0.321012422653
10000 10000 1255 1150 7e-18 0.293035867752 0.293035867752 0.293025109401 0.292906737347
10000 10000 1255 1150 1e-17 0.255490996888 0.255490996888 0.255482595879 0.255379162147
10000 10000 1255 1150 2e-17 0.162374034228 0.162374034228 0.16237013781 0.162305177671
10000 10000 1255 1150 5e-17 0.0437587287274 0.0437587287274 0.0437582392628 0.0437428421116
10000 10000 1255 1150 7e-17 0.0191202755943 0.0191202755943 0.0191201452624 0.0191141773754
10000 10000 1255 1150 1e-16 0.00589533057537 0.00589533057537 0.00589531216923 0.00589380849907
10000 10000 1255 1150 1e-15 1.59169427288e-13 1.59169427288e-13 1.59169427288e-13 1.59169420534e-13
10000 10000 1255 1150 1e-14 1.18366152546e-95 1.18366152546e-95 1.18366152546e-95 1.18366152546e-95
10000 10000 1255 1150 1e-12 0.0 0.0 0.0 0.0
10000 10000 1255 1150 1e-10 0.0 0.0 0.0 0.0
