10000 10000 1055 320 1e-22 0.379712784426 0.379624715412 0.0 0.0
10000 10000 1055 320 1e-20 0.37958820297 0.379500166706 0.0 0.0
10000 10000 1055 320 1e-19 0.378457518387 0.378369779557 0.0 0.0
10000 10000 1055 320 2e-19 0.377205154823 0.377117745851 0.0 0.0
10000 10000 1055 320 5e-19 0.373472908061 0.373386484662 0.0 0.0
10000 10000 1055 320 7e-19 0.371005324521 0.370919554772 0.0 0.0
10000 10000 1055 320 1e-18 0.367334576726 0.367249782238 0.0 0.0
10000 10000 1055 320 2e-18 0.355360248714 0.355278658127 0.0 0.0
10000 10000 1055 320 5e-18 0.321748584578 0.321676135943 0.0 0.0
10000 10000 1055 320 7e-18 0.301150965097 0.301084191807 0.0 0.0
10000 10000 1055 320 1e-17 0.272748320643 0.272689407696 0.0 0.0
10000 10000 1055 320 2e-17 0.196462842827 0.196424706592 0.0 0.0
10000 10000 1055 320 5e-17 0.0753969191846 0.0753871527416 0.0 0.0
10000 10000 1055 320 7e-17 0.0407477103002 0.0407437586625 0.0 0.0
10000 10000 1055 320 1e-16 0.0166897782107 0.0166887238525 0.0 0.0
10000 10000 1055 320 1e-15 1.43771680153e-10 1.43771680121e-10 0.0 0.0
10000 10000 1055 320 1e-14 3.82360121483e-57 3.82360121483e-57 0.0 0.0
10000 10000 1055 320 1e-12 0.0 0.0 0.0 0.0
10000 10000 1055 320 1e-10 0.0 0.0 0.0 0.0
