10000 10000 255 240 1e-22 0.494658305981 0.494102212323 0.0 0.0
10000 10000 255 240 1e-20 0.494503644863 0.493947602828 0.0 0.0
10000 10000 255 240 1e-19 0.493099167665 0.492543601635 0.0 0.0
10000 10000 255 240 2e-19 0.491541884136 0.490986861011 0.0 0.0
10000 10000 255 240 5e-19 0.486890646724 0.486337338547 0.0 0.0
10000 10000 255 240 7e-19 0.483807104575 0.483255009298 0.0 0.0
10000 10000 255 240 1e-18 0.4792079136 0.478657737677 0.0 0.0
10000 10000 255 240 2e-18 0.464106508797 0.463563529643 0.0 0.0
10000 10000 255 240 5e-18 0.4209710882 0.420455501584 0.0 0.0
10000 10000 255 240 7e-18 0.394052003758 0.393557998076 0.0 0.0
10000 10000 255 240 1e-17 0.356421908865 0.355962950581 0.0 0.0
10000 10000 255 240 2e-17 0.253319859146 0.252979365548 0.0 0.0
10000 10000 255 240 5e-17 0.0900242973371 0.0899084568149 0.0 0.0
10000 10000 255 240 7e-17 0.0459127568411 0.045857953155 0.0 0.0
10000 10000 255 240 1e-16 0.0173222045881 0.0173040441917 0.0 0.0
10000 10000 255 240 1e-15 4.55735368389e-11 4.55732792859e-11 0.0 0.0
10000 10000 255 240 1e-14 1.40430108374e-58 1.40430108374e-58 0.0 0.0
10000 10000 255 240 1e-12 0.0 0.0 0.0 0.0
10000 10000 255 240 1e-10 0.0 0.0 0.0 0.0
