10000 10000 1255 350 1e-22 0.310443779623 0.310413385664 0.309033958411 0.0
10000 10000 1255 350 1e-20 0.31034542936 0.310315048077 0.308936216678 0.0
10000 10000 1255 350 1e-19 0.309452792143 0.309422525913 0.308049097965 0.0
10000 10000 1255 350 2e-19 0.308464043537 0.308433904749 0.307066452404 0.0
10000 10000 1255 350 5e-19 0.305517089961 0.305487330999 0.304137628754 0.0
10000 10000 1255 350 7e-19 0.303568428989 0.303538921159 0.302200906667 0.0
10000 10000 1255 350 1e-18 0.300669196623 0.300640062362 0.2993193642 0.0
10000 10000 1255 350 2e-18 0.291207741358 0.291179825209 0.289915032479 0.0
10000 10000 1255 350 5e-18 0.26461037279 0.264585862667 0.263473272882 0.0
10000 10000 1255 350 7e-18 0.248274900145 0.24825245856 0.247229733901 0.0
10000 10000 1255 350 1e-17 0.225691469036 0.225671841735 0.224768836618 0.0
10000 10000 1255 350 2e-17 0.164574758936 0.164562330377 0.163957121678 0.0
10000 10000 1255 350 5e-17 0.0652133605051 0.0652102887585 0.0650076498859 0.0
10000 10000 1255 350 7e-17 0.0358259850972 0.0358247612515 0.0357212609369 0.0
10000 10000 1255 350 1e-16 0.0149514647788 0.0149511454983 0.0149115332833 0.0
10000 10000 1255 350 1e-15 1.30698802101e-10 1.306988021e-10 1.30695490281e-10 0.0
10000 10000 1255 350 1e-14 2.83651404435e-57 2.83651404435e-57 2.83651404435e-57 0.0
10000 10000 1255 350 1e-12 0.0 0.0 0.0 0.0
10000 10000 1255 350 1e-10 0.0 0.0 0.0 0.0
