10000 10000 1055 950 1e-22 0.491244389965 0.491244264237 0.491200973575 0.490919836392
10000 10000 1055 950 1e-20 0.491050958564 0.491050832919 0.491007557948 0.490726457365
10000 10000 1055 950 1e-19 0.489295489287 0.489295364394 0.489252232131 0.488971468045
10000 10000 1055 950 2e-19 0.487351298541 0.487351174479 0.487308200907 0.487027818592
10000 10000 1055 950 5e-19 0.481558632958 0.481558511355 0.481516014528 0.481236825858
10000 10000 1055 950 7e-19 0.477730029829 0.477729909839 0.477687731276 0.477409377183
10000 10000 1055 950 1e-18 0.472036713956 0.472036596345 0.471994895587 0.471717848747
10000 10000 1055 950 2e-18 0.453485698953 0.453485588936 0.453445480723 0.45317322796
10000 10000 1055 950 5e-18 0.401675298019 0.401675207968 0.401639796499 0.401384962507
10000 10000 1055 950 7e-18 0.370206186034 0.370206107237 0.370173690513 0.369932062508
10000 10000 1055 950 1e-17 0.327310059528 0.327309995031 0.327281779758 0.327060975908
10000 10000 1055 950 2e-17 0.216387926027 0.21638789294 0.216370760519 0.216216265947
10000 10000 1055 950 5e-17 0.0635484095645 0.0635484050981 0.0635450041632 0.0635008061639
10000 10000 1055 950 7e-17 0.0290437018365 0.0290437006612 0.0290425542864 0.0290237107335
10000 10000 1055 950 1e-16 0.00947800965421 0.00947800949555 0.00947777794998 0.00947233463461
10000 10000 1055 950 1e-15 7.89812767099e-13 7.89812767099e-13 7.89812767099e-13 7.89805354172e-13
10000 10000 1055 950 1e-14 8.9817570064e-82 8.9817570064e-82 8.9817570064e-82 8.9817570064e-82
10000 10000 1055 950 1e-12 0.0 0.0 0.0 0.0
10000 10000 1055 950 1e-10 0.0 0.0 0.0 0.0
