10000 10000 555 410 1e-22 0.621935376472 0.621872302494 0.620756596245 0.0
10000 10000 555 410 1e-20 0.621727966575 0.62166491307 0.620549321081 0.0
10000 10000 555 410 1e-19 0.619844962724 0.6197820955 0.618667555056 0.0
10000 10000 555 410 2e-19 0.617758106754 0.617695446821 0.616582101561 0.0
10000 10000 555 410 5e-19 0.611531478327 0.611469442071 0.61035984715 0.0
10000 10000 555 410 7e-19 0.607408692076 0.607347072931 0.606240111091 0.0
10000 10000 555 410 1e-18 0.601266983767 0.601205991942 0.600103170315 0.0
10000 10000 555 410 2e-18 0.581162726598 0.581103835076 0.580016332224 0.0
10000 10000 555 410 5e-18 0.524228879503 0.524176261653 0.523145637988 0.0
10000 10000 555 410 7e-18 0.489040281469 0.488991723138 0.488005159025 0.0
10000 10000 555 410 1e-17 0.440254290873 0.440211505369 0.439295778165 0.0
10000 10000 555 410 2e-17 0.308779409626 0.308752333356 0.308072795592 0.0
10000 10000 555 410 5e-17 0.106788143279 0.106782072868 0.106546132768 0.0
10000 10000 555 410 7e-17 0.05377606399 0.0537738550969 0.0536596629051 0.0
10000 10000 555 410 1e-16 0.0199988400209 0.0199983426615 0.0199589380138 0.0
10000 10000 555 410 1e-15 2.31832098127e-11 2.31832098126e-11 2.31816868839e-11 0.0
10000 10000 555 410 1e-14 1.76037356203e-59 1.76037356203e-59 1.76037356203e-59 0.0
10000 10000 555 410 1e-12 0.0 0.0 0.0 0.0
10000 10000 555 410 1e-10 0.0 0.0 0.0 0.0
