10000 10000 1955 360 1e-22 0.0500610865424 0.0500578952605 0.0499544745453 0.0
10000 10000 1955 360 1e-20 0.0500461602665 0.0500429711807 0.0499395845357 0.0
10000 10000 1955 360 1e-19 0.0499106912753 0.0499075220846 0.0498044446038 0.0
10000 10000 1955 360 2e-19 0.0497606432384 0.0497574960056 0.0496547608512 0.0
10000 10000 1955 360 5e-19 0.0493134684547 0.0493103861737 0.0492086705376 0.0
10000 10000 1955 360 7e-19 0.0490178076924 0.0490147679552 0.0489137258319 0.0
10000 10000 1955 360 1e-18 0.0485779632055 0.0485749861695 0.0484749451676 0.0
10000 10000 1955 360 2e-18 0.0471428302176 0.0471400528637 0.0470432712691 0.0
10000 10000 1955 360 5e-18 0.0431088898177 0.0431066337183 0.0430189539761 0.0
10000 10000 1955 360 7e-18 0.0406297027834 0.0406277379344 0.0405456062293 0.0
10000 10000 1955 360 1e-17 0.0371968342474 0.0371952364883 0.0371207259219 0.0
10000 10000 1955 360 2e-17 0.0278367396325 0.0278359342269 0.0277818028866 0.0
10000 10000 1955 360 5e-17 0.0120255447198 0.012025437715 0.0120039752943 0.0
10000 10000 1955 360 7e-17 0.00699654107612 0.00699651247509 0.00698471888962 0.0
10000 10000 1955 360 1e-16 0.0031659654011 0.00316596132166 0.00316107599281 0.0
10000 10000 1955 360 1e-15 1.17965912003e-10 1.17965912003e-10 1.17965158935e-10 0.0
10000 10000 1955 360 1e-14 1.28524018498e-57 1.28524018498e-57 1.28524018498e-57 0.0
10000 10000 1955 360 1e-12 0.0 0.0 0.0 0.0
10000 10000 1955 360 1e-10 0.0 0.0 0.0 0.0
