10000 10000 455 220 1e-22 0.5546973411 0.553889514879 0.0 0.0
10000 10000 455 220 1e-20 0.554520168068 0.553712487702 0.0 0.0
10000 10000 455 220 1e-19 0.552911598326 0.552105248172 0.0 0.0
10000 10000 455 220 2e-19 0.551128725046 0.550323861791 0.0 0.0
10000 10000 455 220 5e-19 0.545808073866 0.545007725661 0.0 0.0
10000 10000 455 220 7e-19 0.542284289563 0.541486994906 0.0 0.0
10000 10000 455 220 1e-18 0.537033598168 0.536240945651 0.0 0.0
10000 10000 455 220 2e-18 0.519834412212 0.519057715996 0.0 0.0
10000 10000 455 220 5e-18 0.471017918327 0.470292311108 0.0 0.0
10000 10000 455 220 7e-18 0.440751474359 0.440061423979 0.0 0.0
10000 10000 455 220 1e-17 0.398645987927 0.398009730813 0.0 0.0
10000 10000 455 220 2e-17 0.284088409862 0.283619187999 0.0 0.0
10000 10000 455 220 5e-17 0.102819391149 0.102652484246 0.0 0.0
10000 10000 455 220 7e-17 0.0531515170359 0.0530691069254 0.0 0.0
10000 10000 455 220 1e-16 0.0204289134353 0.020399761695 0.0 0.0
10000 10000 455 220 1e-15 1.15573792046e-10 1.15572295101e-10 0.0 0.0
10000 10000 455 220 1e-14 2.32107069367e-53 2.32107069367e-53 0.0 0.0
10000 10000 455 220 1e-12 0.0 0.0 0.0 0.0
10000 10000 455 220 1e-10 0.0 0.0 0.0 0.0
