10000 10000 2955 1750 1e-22 0.174429297105 0.174429297105 0.174429297105 0.174421849891
10000 10000 2955 1750 1e-20 0.174333211532 0.174333211532 0.174333211532 0.174325768448
10000 10000 2955 1750 1e-19 0.173462525937 0.173462525937 0.173462525937 0.17345512029
10000 10000 2955 1750 2e-19 0.172501025511 0.172501025511 0.172501025511 0.172493661251
10000 10000 2955 1750 5e-19 0.169653497983 0.169653497983 0.169653497983 0.169646256566
10000 10000 2955 1750 7e-19 0.167785489251 0.167785489251 0.167785489251 0.167778328639
10000 10000 2955 1750 1e-18 0.165028072341 0.165028072341 0.165028072341 0.165021031323
10000 10000 2955 1750 2e-18 0.156208848428 0.156208848428 0.156208848428 0.156202192391
10000 10000 2955 1750 5e-18 0.13284254649 0.13284254649 0.13284254649 0.132836927474
10000 10000 2955 1750 7e-18 0.11949174633 0.11949174633 0.11949174633 0.119486729519
10000 10000 2955 1750 1e-17 0.102227648243 0.102227648243 0.102227648243 0.102223417898
10000 10000 2955 1750 2e-17 0.0620099578056 0.0620099578056 0.0620099578056 0.0620075649567
10000 10000 2955 1750 5e-17 0.0155671393802 0.0155671393802 0.0155671393802 0.0155666945256
10000 10000 2955 1750 7e-17 0.00656572941372 0.00656572941372 0.00656572941372 0.0065655781946
10000 10000 2955 1750 1e-16 0.00190162367581 0.00190162367581 0.00190162367581 0.00190159159821
10000 10000 2955 1750 1e-15 9.05944199317e-16 9.05944199317e-16 9.05944199317e-16 9.05944199284e-16
10000 10000 2955 1750 1e-14 4.40826356905e-108 4.40826356905e-108 4.40826356905e-108 4.40826356905e-108
10000 10000 2955 1750 1e-12 0.0 0.0 0.0 0.0
10000 10000 2955 1750 1e-10 0.0 0.0 0.0 0.0
