10000 10000 655 440 1e-22 0.670589700706 0.670536047439 0.669612500941 0.0
10000 10000 655 440 1e-20 0.670372637113 0.670319004647 0.669395555982 0.0
10000 10000 655 440 1e-19 0.668401733323 0.668348289959 0.667425740987 0.0
10000 10000 655 440 2e-19 0.666216921394 0.666163688145 0.665242160368 0.0
10000 10000 655 440 5e-19 0.659694666758 0.659642063731 0.658723731977 0.0
10000 10000 655 440 7e-19 0.655373400291 0.655321217163 0.654405122879 0.0
10000 10000 655 440 1e-18 0.648932012295 0.648880458369 0.647967873512 0.0
10000 10000 655 440 2e-18 0.627813917704 0.627764451408 0.626864785402 0.0
10000 10000 655 440 5e-18 0.56774910221 0.567705721167 0.566853600011 0.0
10000 10000 655 440 7e-18 0.530444940501 0.530405393821 0.529589909644 0.0
10000 10000 655 440 1e-17 0.478513082579 0.478478865672 0.477722146085 0.0
10000 10000 655 440 2e-17 0.337423007329 0.337402610157 0.336841458038 0.0
10000 10000 655 440 5e-17 0.117617040388 0.117613215844 0.117419076715 0.0
10000 10000 655 440 7e-17 0.0592942043135 0.0592929708485 0.059199308035 0.0
10000 10000 655 440 1e-16 0.0219999918923 0.0219997605291 0.0219675771992 0.0
10000 10000 655 440 1e-15 2.61478317417e-11 2.61478317417e-11 2.61467361556e-11 0.0
10000 10000 655 440 1e-14 1.14082205421e-58 1.14082205421e-58 1.14082205421e-58 0.0
10000 10000 655 440 1e-12 0.0 0.0 0.0 0.0
10000 10000 655 440 1e-10 0.0 0.0 0.0 0.0
