10000 10000 1105 410 1e-22 0.570286052121 0.57024015588 0.569401513896 0.0
10000 10000 1105 410 1e-20 0.570108986968 0.570063114996 0.569224686342 0.0
10000 10000 1105 410 1e-19 0.568501591889 0.568455939985 0.567619450437 0.0
10000 10000 1105 410 2e-19 0.566720427034 0.566675018457 0.565840682878 0.0
10000 10000 1105 410 5e-19 0.561407347475 0.561362661388 0.560534783396 0.0
10000 10000 1105 410 7e-19 0.557890549544 0.557846338934 0.557022761808 0.0
10000 10000 1105 410 1e-18 0.552653052081 0.552609545526 0.551792412269 0.0
10000 10000 1105 410 2e-18 0.53551842463 0.535477187349 0.534681451763 0.0
10000 10000 1105 410 5e-18 0.487019387571 0.486984288344 0.486251591382 0.0
10000 10000 1105 410 7e-18 0.457007179303 0.456975665051 0.456283660169 0.0
10000 10000 1105 410 1e-17 0.415263156212 0.41523635273 0.414602857988 0.0
10000 10000 1105 410 2e-17 0.301141059257 0.301125447031 0.300661256497 0.0
10000 10000 1105 410 5e-17 0.114924526952 0.114921381626 0.114750272407 0.0
10000 10000 1105 410 7e-17 0.0611569116625 0.0611557987769 0.0610687275809 0.0
10000 10000 1105 410 1e-16 0.0242998286545 0.0242995828492 0.0242675434755 0.0
10000 10000 1105 410 1e-15 5.99457161634e-11 5.99457161634e-11 5.99435166099e-11 0.0
10000 10000 1105 410 1e-14 9.16944325052e-58 9.16944325052e-58 9.16944325052e-58 0.0
10000 10000 1105 410 1e-12 0.0 0.0 0.0 0.0
10000 10000 1105 410 1e-10 0.0 0.0 0.0 0.0
