10000 10000 755 470 1e-22 0.703160712348 0.703132424513 0.702381368421 0.0
10000 10000 755 470 1e-20 0.702933475025 0.702905193139 0.702154189265 0.0
10000 10000 755 470 1e-19 0.700869973328 0.700841745938 0.700091227157 0.0
10000 10000 755 470 2e-19 0.698582049301 0.698553883332 0.69780392528 0.0
10000 10000 755 470 5e-19 0.691749121887 0.691721145466 0.690973003478 0.0
10000 10000 755 470 7e-19 0.687219714098 0.687191868247 0.686445045129 0.0
10000 10000 755 470 1e-18 0.680464744736 0.680437100667 0.679692411456 0.0
10000 10000 755 470 2e-18 0.658292102787 0.658265176829 0.657528846951 0.0
10000 10000 755 470 5e-18 0.595036643797 0.595012161205 0.594310037988 0.0
10000 10000 755 470 7e-18 0.55563706382 0.55561433109 0.554940324758 0.0
10000 10000 755 470 1e-17 0.500685681622 0.50066558793 0.500038229592 0.0
10000 10000 755 470 2e-17 0.351157866103 0.351145426187 0.350679401615 0.0
10000 10000 755 470 5e-17 0.11980399913 0.119801678335 0.119644566815 0.0
10000 10000 755 470 7e-17 0.0595784157024 0.0595776938195 0.0595037597969 0.0
10000 10000 755 470 1e-16 0.0217383837848 0.021738257461 0.0217138158449 0.0
10000 10000 755 470 1e-15 1.8698852001e-11 1.8698852001e-11 1.86985255891e-11 0.0
10000 10000 755 470 1e-14 7.11866508192e-60 7.11866508192e-60 7.11866508192e-60 0.0
10000 10000 755 470 1e-12 0.0 0.0 0.0 0.0
10000 10000 755 470 1e-10 0.0 0.0 0.0 0.0
