10000 10000 905 290 1e-22 0.40876014074 0.408640443567 0.0 0.0
10000 10000 905 290 1e-20 0.408626672386 0.408507026864 0.0 0.0
10000 10000 905 290 1e-19 0.407415337661 0.407296160775 0.0 0.0
10000 10000 905 290 2e-19 0.406073657198 0.405954999077 0.0 0.0
10000 10000 905 290 5e-19 0.402075301296 0.40195818726 0.0 0.0
10000 10000 905 290 7e-19 0.399431828629 0.399315733854 0.0 0.0
10000 10000 905 290 1e-18 0.39549948807 0.395384907093 0.0 0.0
10000 10000 905 290 2e-18 0.38267206971 0.382562405566 0.0 0.0
10000 10000 905 290 5e-18 0.346662766764 0.346566706661 0.0 0.0
10000 10000 905 290 7e-18 0.324588723403 0.324500832875 0.0 0.0
10000 10000 905 290 1e-17 0.29413381034 0.294056938539 0.0 0.0
10000 10000 905 290 2e-17 0.212179558893 0.21213049289 0.0 0.0
10000 10000 905 290 5e-17 0.0813846991026 0.0813716835521 0.0 0.0
10000 10000 905 290 7e-17 0.0438050678046 0.0437994950451 0.0 0.0
10000 10000 905 290 1e-16 0.0177769619447 0.0177753040292 0.0 0.0
10000 10000 905 290 1e-15 1.35763739433e-10 1.3576373817e-10 0.0 0.0
10000 10000 905 290 1e-14 2.90612820548e-57 2.90612820548e-57 0.0 0.0
10000 10000 905 290 1e-12 0.0 0.0 0.0 0.0
10000 10000 905 290 1e-10 0.0 0.0 0.0 0.0
