10000 10000 455 320 1e-22 0.607617954683 0.607345617554 0.0 0.0
10000 10000 455 320 1e-20 0.607422544459 0.607150288891 0.0 0.0
10000 10000 455 320 1e-19 0.60564823638 0.605376722872 0.0 0.0
10000 10000 455 320 2e-19 0.603681328372 0.603410640587 0.0 0.0
10000 10000 455 320 5e-19 0.597809388307 0.597541184735 0.0 0.0
10000 10000 455 320 7e-19 0.593918820972 0.593652278797 0.0 0.0
10000 10000 455 320 1e-18 0.588119192036 0.587855148649 0.0 0.0
10000 10000 455 320 2e-18 0.569102795011 0.568847120877 0.0 0.0
10000 10000 455 320 5e-18 0.51499209176 0.514761490654 0.0 0.0
10000 10000 455 320 7e-18 0.481364238207 0.481149957057 0.0 0.0
10000 10000 455 320 1e-17 0.434516786269 0.43432589256 0.0 0.0
10000 10000 455 320 2e-17 0.306995326796 0.306869581499 0.0 0.0
10000 10000 455 320 5e-17 0.107391546229 0.107359422959 0.0 0.0
10000 10000 455 320 7e-17 0.0542009948893 0.0541882067648 0.0 0.0
10000 10000 455 320 1e-16 0.0201371710071 0.0201338607087 0.0 0.0
10000 10000 455 320 1e-15 4.77159328537e-11 4.77159324212e-11 0.0 0.0
10000 10000 455 320 1e-14 1.76952965874e-58 1.76952965874e-58 0.0 0.0
10000 10000 455 320 1e-12 0.0 0.0 0.0 0.0
10000 10000 455 320 1e-10 0.0 0.0 0.0 0.0
