10000 10000 355 250 1e-22 0.556615731876 0.556002933811 0.0 0.0
10000 10000 355 250 1e-20 0.556430499874 0.55581783213 0.0 0.0
10000 10000 355 250 1e-19 0.554748898112 0.5541374183 0.0 0.0
10000 10000 355 250 2e-19 0.55288536595 0.552275212719 0.0 0.0
10000 10000 355 250 5e-19 0.547325802513 0.546719669531 0.0 0.0
10000 10000 355 250 7e-19 0.543645280069 0.54304185946 0.0 0.0
10000 10000 355 250 1e-18 0.538163252263 0.537563945518 0.0 0.0
10000 10000 355 250 2e-18 0.520225059508 0.5196398122 0.0 0.0
10000 10000 355 250 5e-18 0.469472585063 0.468931658124 0.0 0.0
10000 10000 355 250 7e-18 0.438131408808 0.437620813959 0.0 0.0
10000 10000 355 250 1e-17 0.394701184739 0.394235797382 0.0 0.0
10000 10000 355 250 2e-17 0.277670156502 0.277340464819 0.0 0.0
10000 10000 355 250 5e-17 0.097107284545 0.0970034943454 0.0 0.0
10000 10000 355 250 7e-17 0.0492450895689 0.0491976500649 0.0 0.0
10000 10000 355 250 1e-16 0.0184735980222 0.0184585175989 0.0 0.0
10000 10000 355 250 1e-15 5.12500982653e-11 5.12500073491e-11 0.0 0.0
10000 10000 355 250 1e-14 3.46783935787e-57 3.46783935787e-57 0.0 0.0
10000 10000 355 250 1e-12 0.0 0.0 0.0 0.0
10000 10000 355 250 1e-10 0.0 0.0 0.0 0.0
