10000 10000 1355 300 1e-22 0.123603399371 0.123586820952 0.0 0.0
10000 10000 1355 300 1e-20 0.123565312618 0.1235487409 0.0 0.0
10000 10000 1355 300 1e-19 0.123219626246 0.123203115318 0.0 0.0
10000 10000 1355 300 2e-19 0.122836704416 0.122820260771 0.0 0.0
10000 10000 1355 300 5e-19 0.121695314642 0.121679071202 0.0 0.0
10000 10000 1355 300 7e-19 0.120940494077 0.120924382749 0.0 0.0
10000 10000 1355 300 1e-18 0.119817341797 0.119801426622 0.0 0.0
10000 10000 1355 300 2e-18 0.116150895337 0.116135616888 0.0 0.0
10000 10000 1355 300 5e-18 0.10583316585 0.105819648404 0.0 0.0
10000 10000 1355 300 7e-18 0.0994864854722 0.0994740273765 0.0 0.0
10000 10000 1355 300 1e-17 0.0906969843739 0.0906859610041 0.0 0.0
10000 10000 1355 300 2e-17 0.0667880008608 0.0667806637516 0.0 0.0
10000 10000 1355 300 5e-17 0.0272446586035 0.0272424697285 0.0 0.0
10000 10000 1355 300 7e-17 0.0152410189461 0.0152400287255 0.0 0.0
10000 10000 1355 300 1e-16 0.00652431354221 0.00652400521387 0.0 0.0
10000 10000 1355 300 1e-15 2.50631959135e-10 2.50631959099e-10 0.0 0.0
10000 10000 1355 300 1e-14 1.22916361241e-56 1.22916361241e-56 0.0 0.0
10000 10000 1355 300 1e-12 0.0 0.0 0.0 0.0
10000 10000 1355 300 1e-10 0.0 0.0 0.0 0.0
