10000 10000 1155 100 1e-22 0.000346708194456 0.0 0.0 0.0
10000 10000 1155 100 1e-20 0.000346640903375 0.0 0.0 0.0
10000 10000 1155 100 1e-19 0.000346029779615 0.0 0.0 0.0
10000 10000 1155 100 2e-19 0.000345352047582 0.0 0.0 0.0
10000 10000 1155 100 5e-19 0.000343326999291 0.0 0.0 0.0
10000 10000 1155 100 7e-19 0.000341983729339 0.0 0.0 0.0
10000 10000 1155 100 1e-18 0.000339978912834 0.0 0.0 0.0
10000 10000 1155 100 2e-18 0.000333382739596 0.0 0.0 0.0
10000 10000 1155 100 5e-18 0.000314370255699 0.0 0.0 0.0
10000 10000 1155 100 7e-18 0.000302316212302 0.0 0.0 0.0
10000 10000 1155 100 1e-17 0.000285117389713 0.0 0.0 0.0
10000 10000 1155 100 2e-17 0.00023470485296 0.0 0.0 0.0
10000 10000 1155 100 5e-17 0.000131837300093 0.0 0.0 0.0
10000 10000 1155 100 7e-17 9.0373311267e-05 0.0 0.0 0.0
10000 10000 1155 100 1e-16 5.19679210632e-05 0.0 0.0 0.0
10000 10000 1155 100 1e-15 3.72031022061e-08 0.0 0.0 0.0
10000 10000 1155 100 1e-14 1.56601858556e-27 0.0 0.0 0.0
10000 10000 1155 100 1e-12 0.0 0.0 0.0 0.0
10000 10000 1155 100 1e-10 0.0 0.0 0.0 0.0
