10000 10000 1355 380 1e-22 0.292279896236 0.292255609184 0.291650598262 0.0
10000 10000 1355 380 1e-20 0.292187117111 0.292162842299 0.291558018828 0.0
10000 10000 1355 380 1e-19 0.291345056186 0.291320892379 0.29071777079 0.0
10000 10000 1355 380 2e-19 0.290412354943 0.290388313886 0.289787078601 0.0
10000 10000 1355 380 5e-19 0.28763260982 0.287608933334 0.287013327453 0.0
10000 10000 1355 380 7e-19 0.285794647541 0.285771211063 0.285179333546 0.0
10000 10000 1355 380 1e-18 0.283060311527 0.283037230561 0.28245090878 0.0
10000 10000 1355 380 2e-18 0.274138667769 0.274116733763 0.273548613024 0.0
10000 10000 1355 380 5e-18 0.249073328106 0.249054506671 0.248538088886 0.0
10000 10000 1355 380 7e-18 0.233690096856 0.233673102154 0.23318879266 0.0
10000 10000 1355 380 1e-17 0.212438150796 0.212423569565 0.211984026681 0.0
10000 10000 1355 380 2e-17 0.155015784758 0.155007027011 0.154690171501 0.0
10000 10000 1355 380 5e-17 0.0618651325171 0.0618631929324 0.0617453054281 0.0
10000 10000 1355 380 7e-17 0.0342550068221 0.0342542780764 0.0341927427296 0.0
10000 10000 1355 380 1e-16 0.0145032591467 0.0145030840045 0.0144793932498 0.0
10000 10000 1355 380 1e-15 1.03406978189e-10 1.03406978189e-10 1.03405015115e-10 0.0
10000 10000 1355 380 1e-14 1.50887335233e-57 1.50887335233e-57 1.50887335233e-57 0.0
10000 10000 1355 380 1e-12 0.0 0.0 0.0 0.0
10000 10000 1355 380 1e-10 0.0 0.0 0.0 0.0
