10000 10000 155 150 1e-22 0.378749904481 0.0 0.0 0.0
10000 10000 155 150 1e-20 0.378634436517 0.0 0.0 0.0
10000 10000 155 150 1e-19 0.377585932938 0.0 0.0 0.0
10000 10000 155 150 2e-19 0.376423478334 0.0 0.0 0.0
10000 10000 155 150 5e-19 0.372952253555 0.0 0.0 0.0
10000 10000 155 150 7e-19 0.370651589031 0.0 0.0 0.0
10000 10000 155 150 1e-18 0.367220886476 0.0 0.0 0.0
10000 10000 155 150 2e-18 0.355961983888 0.0 0.0 0.0
10000 10000 155 150 5e-18 0.323829504248 0.0 0.0 0.0
10000 10000 155 150 7e-18 0.303777196953 0.0 0.0 0.0
10000 10000 155 150 1e-17 0.275716381159 0.0 0.0 0.0
10000 10000 155 150 2e-17 0.198394839351 0.0 0.0 0.0
10000 10000 155 150 5e-17 0.0730008307964 0.0 0.0 0.0
10000 10000 155 150 7e-17 0.037929642575 0.0 0.0 0.0
10000 10000 155 150 1e-16 0.0146326762717 0.0 0.0 0.0
10000 10000 155 150 1e-15 5.38183867905e-10 0.0 0.0 0.0
10000 10000 155 150 1e-14 1.23762082087e-38 0.0 0.0 0.0
10000 10000 155 150 1e-12 0.0 0.0 0.0 0.0
10000 10000 155 150 1e-10 0.0 0.0 0.0 0.0
