10000 10000 2955 950 1e-22 0.326044275332 0.326044275332 0.326040081519 0.32592924265
10000 10000 2955 950 1e-20 0.325933467771 0.325933467771 0.325929275906 0.325818477356
10000 10000 2955 950 1e-19 0.324927917641 0.324927917641 0.324923743449 0.324813310794
10000 10000 2955 950 2e-19 0.323814416023 0.323814416023 0.32381026139 0.323700233947
10000 10000 2955 950 5e-19 0.320497619887 0.320497619887 0.320493523452 0.320384703217
10000 10000 2955 950 7e-19 0.31830603611 0.31830603611 0.318301978073 0.31819395566
10000 10000 2955 950 1e-18 0.315047795998 0.315047795998 0.315043794964 0.314936958883
10000 10000 2955 950 2e-18 0.304434948325 0.304434948325 0.304431132204 0.304328161641
10000 10000 2955 950 5e-18 0.27476943107 0.27476943107 0.274766124556 0.274673962066
10000 10000 2955 950 7e-18 0.256676108579 0.256676108579 0.25667310646 0.256587529794
10000 10000 2955 950 1e-17 0.231827323703 0.231827323703 0.231824729784 0.231748176216
10000 10000 2955 950 2e-17 0.165618280614 0.165618280614 0.165616699849 0.165563920376
10000 10000 2955 950 5e-17 0.062098513393 0.062098513393 0.0620981654884 0.0620806000272
10000 10000 2955 950 7e-17 0.0329864478454 0.0329864478454 0.0329863206608 0.0329776997101
10000 10000 2955 950 1e-16 0.0131256621963 0.0131256621963 0.0131256334739 0.013122567239
10000 10000 2955 950 1e-15 7.80708355507e-12 7.80708355507e-12 7.80708355507e-12 7.8070751112e-12
10000 10000 2955 950 1e-14 3.79878558568e-75 3.79878558568e-75 3.79878558568e-75 3.79878558568e-75
10000 10000 2955 950 1e-12 0.0 0.0 0.0 0.0
10000 10000 2955 950 1e-10 0.0 0.0 0.0 0.0
