10000 10000 1155 1050 1e-22 0.447253245328 0.447253245328 0.44722062169 0.447016314653
10000 10000 1155 1050 1e-20 0.447068414118 0.447068414118 0.447035813956 0.446831565252
10000 10000 1155 1050 1e-19 0.445391392297 0.445391392297 0.445359004709 0.445155286799
10000 10000 1155 1050 2e-19 0.443534915088 0.443534915088 0.443502761929 0.443299634807
10000 10000 1155 1050 5e-19 0.438008740265 0.438008740265 0.437977279393 0.437775930619
10000 10000 1155 1050 7e-19 0.434360468117 0.434360468117 0.434329459765 0.434129301104
10000 10000 1155 1050 1e-18 0.428941418872 0.428941418872 0.428911076105 0.428712708584
10000 10000 1155 1050 2e-18 0.411333692942 0.411333692942 0.4113054593 0.411113101016
10000 10000 1155 1050 5e-18 0.362539026741 0.362539026741 0.362516225161 0.362341959755
10000 10000 1155 1050 7e-18 0.333157649406 0.333157649406 0.333137838606 0.332975419911
10000 10000 1155 1050 1e-17 0.293395568738 0.293395568738 0.293379485447 0.293234138029
10000 10000 1155 1050 2e-17 0.191981155502 0.191981155502 0.191972986996 0.191875792947
10000 10000 1155 1050 5e-17 0.0553421257007 0.0553421257007 0.0553409384912 0.0553149648528
10000 10000 1155 1050 7e-17 0.025086734669 0.025086734669 0.0250863869843 0.0250757226408
10000 10000 1155 1050 1e-16 0.00811491761454 0.00811491761454 0.00811485897115 0.00811196298227
10000 10000 1155 1050 1e-15 3.75097490537e-13 3.75097490537e-13 3.75097490537e-13 3.75096014096e-13
10000 10000 1155 1050 1e-14 1.20356617022e-83 1.20356617022e-83 1.20356617022e-83 1.20356617022e-83
10000 10000 1155 1050 1e-12 0.0 0.0 0.0 0.0
10000 10000 1155 1050 1e-10 0.0 0.0 0.0 0.0
