10000 10000 705 340 1e-22 0.634202895192 0.634026877568 0.631005701962 0.0
10000 10000 705 340 1e-20 0.634004537829 0.633828570916 0.630808313693 0.0
10000 10000 705 340 1e-19 0.632203452496 0.632027947338 0.629016033045 0.0
10000 10000 705 340 2e-19 0.630206822841 0.630031832295 0.627029175098 0.0
10000 10000 705 340 5e-19 0.624245902512 0.62407246504 0.62109749628 0.0
10000 10000 705 340 7e-19 0.620296158731 0.620123763789 0.617167183117 0.0
10000 10000 705 340 1e-18 0.614407961037 0.614237139547 0.611308031198 0.0
10000 10000 705 340 2e-18 0.595097733604 0.59493222449 0.592093686553 0.0
10000 10000 705 340 5e-18 0.54011179568 0.539962486745 0.537385278499 0.0
10000 10000 705 340 7e-18 0.505899752597 0.505761136448 0.503348574838 0.0
10000 10000 705 340 1e-17 0.458167501265 0.458044318063 0.45586336017 0.0
10000 10000 705 340 2e-17 0.327596825208 0.327516767645 0.32597486456 0.0
10000 10000 705 340 5e-17 0.119213037077 0.119193571415 0.118659541849 0.0
10000 10000 705 340 7e-17 0.0617363844643 0.0617288608944 0.0614619603824 0.0
10000 10000 705 340 1e-16 0.0237562885393 0.0237544158749 0.0236572314701 0.0
10000 10000 705 340 1e-15 6.58626220041e-11 6.58626219984e-11 6.58576606574e-11 0.0
10000 10000 705 340 1e-14 7.2143050548e-58 7.2143050548e-58 7.2143050548e-58 0.0
10000 10000 705 340 1e-12 0.0 0.0 0.0 0.0
10000 10000 705 340 1e-10 0.0 0.0 0.0 0.0
