10000 10000 705 240 1e-22 0.416706356059 0.416290943647 0.0 0.0
10000 10000 705 240 1e-20 0.416567523109 0.41615225925 0.0 0.0
10000 10000 705 240 1e-19 0.415307536262 0.414893620704 0.0 0.0
10000 10000 705 240 2e-19 0.413912044605 0.413499622551 0.0 0.0
10000 10000 705 240 5e-19 0.409753807386 0.409345836829 0.0 0.0
10000 10000 705 240 7e-19 0.407005034516 0.40660000753 0.0 0.0
10000 10000 705 240 1e-18 0.402916661931 0.402516014341 0.0 0.0
10000 10000 705 240 2e-18 0.389585545665 0.389199187395 0.0 0.0
10000 10000 705 240 5e-18 0.352210412408 0.351864157614 0.0 0.0
10000 10000 705 240 7e-18 0.329339119485 0.329017401824 0.0 0.0
10000 10000 705 240 1e-17 0.297842051401 0.297554063378 0.0 0.0
10000 10000 705 240 2e-17 0.213490332586 0.213291746435 0.0 0.0
10000 10000 705 240 5e-17 0.0806249113281 0.0805596510558 0.0 0.0
10000 10000 705 240 7e-17 0.0430604591339 0.0430289533031 0.0 0.0
10000 10000 705 240 1e-16 0.0173175908722 0.0173067455639 0.0 0.0
10000 10000 705 240 1e-15 1.14573106277e-10 1.14573014288e-10 0.0 0.0
10000 10000 705 240 1e-14 8.66866170663e-57 8.66866170663e-57 0.0 0.0
10000 10000 705 240 1e-12 0.0 0.0 0.0 0.0
10000 10000 705 240 1e-10 0.0 0.0 0.0 0.0
