10000 10000 655 390 1e-22 0.68029910224 0.680224536664 0.678862373035 0.0
10000 10000 655 390 1e-20 0.68008627659 0.680011727049 0.678649676556 0.0
10000 10000 655 390 1e-19 0.678153526182 0.678079123047 0.676718116577 0.0
10000 10000 655 390 2e-19 0.676010323347 0.675936084213 0.674576270211 0.0
10000 10000 655 390 5e-19 0.669608030807 0.669534291754 0.668178255092 0.0
10000 10000 655 390 7e-19 0.665362768743 0.665289369509 0.663936012718 0.0
10000 10000 655 390 1e-18 0.659029596577 0.658956716137 0.657607611929 0.0
10000 10000 655 390 2e-18 0.638224607932 0.638153526477 0.636820465319 0.0
10000 10000 655 390 5e-18 0.578721340574 0.578656097128 0.577384914248 0.0
10000 10000 655 390 7e-18 0.541539183335 0.541478011014 0.540256142409 0.0
10000 10000 655 390 1e-17 0.489513655053 0.489458587277 0.488317557037 0.0
10000 10000 655 390 2e-17 0.34681496276 0.346778023265 0.345915695623 0.0
10000 10000 655 390 5e-17 0.121446818453 0.121437462183 0.121127287421 0.0
10000 10000 655 390 7e-17 0.0612446894502 0.0612410618325 0.0610891553244 0.0
10000 10000 655 390 1e-16 0.0227370431046 0.0227361534529 0.0226833511534 0.0
10000 10000 655 390 1e-15 2.61040704314e-11 2.6104070428e-11 2.61025097126e-11 0.0
10000 10000 655 390 1e-14 4.4793768375e-58 4.4793768375e-58 4.4793768375e-58 0.0
10000 10000 655 390 1e-12 0.0 0.0 0.0 0.0
10000 10000 655 390 1e-10 0.0 0.0 0.0 0.0
