10000 10000 755 750 1e-22 0.543871908082 0.543854183496 0.543723554476 0.543281929924
10000 10000 755 750 1e-20 0.543693444907 0.543675743216 0.543545135497 0.543103488452
10000 10000 755 750 1e-19 0.542072463238 0.54205496833 0.541924556088 0.541482714593
10000 10000 755 750 2e-19 0.540274374751 0.540257106748 0.540126915546 0.539684878977
10000 10000 755 750 5e-19 0.534899385912 0.534882780979 0.534753276386 0.534310784013
10000 10000 755 750 7e-19 0.531332434731 0.531316257524 0.531187229466 0.530744537978
10000 10000 755 750 1e-18 0.526007164853 0.5259916085 0.525863321924 0.525420482869
10000 10000 755 750 2e-18 0.508483123963 0.508469468802 0.508343861995 0.507901747842
10000 10000 755 750 5e-18 0.458189846714 0.458180602225 0.458064433177 0.457633574127
10000 10000 755 750 7e-18 0.426707235681 0.426700101657 0.426590902817 0.42617304049
10000 10000 755 750 1e-17 0.382695146211 0.382690302195 0.382591876787 0.382198595459
10000 10000 755 750 2e-17 0.263139528678 0.263138170641 0.263072676235 0.262775577735
10000 10000 755 750 5e-17 0.0835060959874 0.0835060525643 0.0834902680268 0.0833905289203
10000 10000 755 750 7e-17 0.0395525541829 0.0395525468984 0.0395466004312 0.0395002731249
10000 10000 755 750 1e-16 0.0134760804452 0.0134760795889 0.013474663491 0.0134597027669
10000 10000 755 750 1e-15 5.16592651579e-12 5.16592651579e-12 5.16592625394e-12 5.16562804761e-12
10000 10000 755 750 1e-14 2.84581504896e-68 2.84581504896e-68 2.84581504896e-68 2.84581504896e-68
10000 10000 755 750 1e-12 0.0 0.0 0.0 0.0
10000 10000 755 750 1e-10 0.0 0.0 0.0 0.0
