10000 10000 955 600 1e-22 0.715272372306 0.715266903393 0.714896689885 0.71377063714
10000 10000 955 600 1e-20 0.715035200031 0.715029734267 0.714659567877 0.713533573828
10000 10000 955 600 1e-19 0.712881574516 0.712876137309 0.71250640417 0.711380959855
10000 10000 955 600 2e-19 0.710493923632 0.710488518012 0.710119276522 0.708994476769
10000 10000 955 600 5e-19 0.703364422705 0.70335911095 0.702991407316 0.701868749199
10000 10000 955 600 7e-19 0.698639483985 0.698634234063 0.698267606225 0.697146543968
10000 10000 955 600 1e-18 0.691594516895 0.69158935861 0.691224416673 0.690105990264
10000 10000 955 600 2e-18 0.668484068126 0.668479205733 0.668120453656 0.667012755555
10000 10000 955 600 5e-18 0.602683697861 0.60267963763 0.60234344355 0.601282243244
10000 10000 955 600 7e-18 0.561807688066 0.561804095407 0.561485056799 0.560463292041
10000 10000 955 600 1e-17 0.504952799645 0.504949817044 0.504657905845 0.503702630652
10000 10000 955 600 2e-17 0.351305629856 0.351304049936 0.351099043795 0.350378675549
10000 10000 955 600 5e-17 0.117560669749 0.117560446724 0.117501619899 0.117246198035
10000 10000 955 600 7e-17 0.0578779786231 0.057877918557 0.0578529383005 0.0577283334555
10000 10000 955 600 1e-16 0.0208384007544 0.0208383923015 0.0208312627196 0.0207877687122
10000 10000 955 600 1e-15 7.65829306912e-12 7.65829306912e-12 7.65828711468e-12 7.65280493738e-12
10000 10000 955 600 1e-14 1.55236494362e-58 1.55236494362e-58 1.55236494362e-58 1.55236494362e-58
10000 10000 955 600 1e-12 0.0 0.0 0.0 0.0
10000 10000 955 600 1e-10 0.0 0.0 0.0 0.0
