10000 10000 555 430 1e-22 0.616346662488 0.616300748661 0.615382744214 0.0
10000 10000 555 430 1e-20 0.616146721357 0.616100818573 0.615182841875 0.0
10000 10000 555 430 1e-19 0.614331175765 0.614285373858 0.613367664116 0.0
10000 10000 555 430 2e-19 0.612318351444 0.612272662625 0.61135528025 0.0
10000 10000 555 430 5e-19 0.606308102519 0.60626275905 0.605346548333 0.0
10000 10000 555 430 7e-19 0.602324914128 0.602279805712 0.601364529425 0.0
10000 10000 555 430 1e-18 0.596385830228 0.596341081145 0.595427427447 0.0
10000 10000 555 430 2e-18 0.576901551619 0.576858051544 0.575951581959 0.0
10000 10000 555 430 5e-18 0.521392526961 0.521353083342 0.520481317574 0.0
10000 10000 555 430 7e-18 0.486866603699 0.486829972706 0.485989173832 0.0
10000 10000 555 430 1e-17 0.438762255394 0.438729797755 0.43794242159 0.0
10000 10000 555 430 2e-17 0.308055324627 0.308034827687 0.307440636805 0.0
10000 10000 555 430 5e-17 0.105762165473 0.105757921597 0.105550220815 0.0
10000 10000 555 430 7e-17 0.0528558746903 0.0528544388805 0.0527545460689 0.0
10000 10000 555 430 1e-16 0.0194241475818 0.019423860401 0.0193898193142 0.0
10000 10000 555 430 1e-15 2.0632388216e-11 2.0632388216e-11 2.06315675466e-11 0.0
10000 10000 555 430 1e-14 9.66221979483e-58 9.66221979483e-58 9.66221979483e-58 0.0
10000 10000 555 430 1e-12 0.0 0.0 0.0 0.0
10000 10000 555 430 1e-10 0.0 0.0 0.0 0.0
