10000 10000 1155 300 1e-22 0.252945623261 0.252902115681 0.0 0.0
10000 10000 1155 300 1e-20 0.252866492028 0.252823002731 0.0 0.0
10000 10000 1155 300 1e-19 0.252148278764 0.252104955331 0.0 0.0
10000 10000 1155 300 2e-19 0.251352713423 0.251309573555 0.0 0.0
10000 10000 1155 300 5e-19 0.248981405853 0.248938812111 0.0 0.0
10000 10000 1155 300 7e-19 0.247413275202 0.247371041765 0.0 0.0
10000 10000 1155 300 1e-18 0.245080026637 0.245038328046 0.0 0.0
10000 10000 1155 300 2e-18 0.237464110438 0.23742414695 0.0 0.0
10000 10000 1155 300 5e-18 0.216040551422 0.21600537635 0.0 0.0
10000 10000 1155 300 7e-18 0.202870425164 0.202838121123 0.0 0.0
10000 10000 1155 300 1e-17 0.184644520806 0.184616090239 0.0 0.0
10000 10000 1155 300 2e-17 0.13518179372 0.13516320296 0.0 0.0
10000 10000 1155 300 5e-17 0.0540972984129 0.0540919698148 0.0 0.0
10000 10000 1155 300 7e-17 0.0298607479315 0.02985836573 0.0 0.0
10000 10000 1155 300 1e-16 0.0125271730449 0.0125264311521 0.0 0.0
10000 10000 1155 300 1e-15 2.08156096601e-10 2.08156096546e-10 0.0 0.0
10000 10000 1155 300 1e-14 2.46429140592e-57 2.46429140592e-57 0.0 0.0
10000 10000 1155 300 1e-12 0.0 0.0 0.0 0.0
10000 10000 1155 300 1e-10 0.0 0.0 0.0 0.0
