10000 10000 2955 2500 1e-22 0.00804206421955 0.00804206421955 0.00804206421955 0.00804206421955
10000 10000 2955 2500 1e-20 0.00803634967402 0.00803634967402 0.00803634967402 0.00803634967402
10000 10000 2955 2500 1e-19 0.00798460993298 0.00798460993298 0.00798460993298 0.00798460993298
10000 10000 2955 2500 2e-19 0.00792756374542 0.00792756374542 0.00792756374542 0.00792756374542
10000 10000 2955 2500 5e-19 0.0077591768283 0.0077591768283 0.0077591768283 0.0077591768283
10000 10000 2955 2500 7e-19 0.00764916930836 0.00764916930836 0.00764916930836 0.00764916930836
10000 10000 2955 2500 1e-18 0.00748745047871 0.00748745047871 0.00748745047871 0.00748745047871
10000 10000 2955 2500 2e-18 0.00697563384424 0.00697563384424 0.00697563384424 0.00697563384424
10000 10000 2955 2500 5e-18 0.00566134133634 0.00566134133634 0.00566134133634 0.00566134133634
10000 10000 2955 2500 7e-18 0.00493941479345 0.00493941479345 0.00493941479345 0.00493941479345
10000 10000 2955 2500 1e-17 0.00404003575438 0.00404003575438 0.00404003575438 0.00404003575438
10000 10000 2955 2500 2e-17 0.002119120071 0.002119120071 0.002119120071 0.002119120071
10000 10000 2955 2500 5e-17 0.000347516286576 0.000347516286576 0.000347516286576 0.000347516286576
10000 10000 2955 2500 7e-17 0.000110269712925 0.000110269712925 0.000110269712925 0.000110269712925
10000 10000 2955 2500 1e-16 2.0891107884e-05 2.0891107884e-05 2.0891107884e-05 2.0891107884e-05
10000 10000 2955 2500 1e-15 6.96801582048e-22 6.96801582048e-22 6.96801582048e-22 6.96801582048e-22
10000 10000 2955 2500 1e-14 1.72967970471e-171 1.72967970471e-171 1.72967970471e-171 1.72967970471e-171
10000 10000 2955 2500 1e-12 0.0 0.0 0.0 0.0
10000 10000 2955 2500 1e-10 0.0 0.0 0.0 0.0
