10000 10000 905 370 1e-22 0.608212738775 0.608112085537 0.606266295843 0.0
10000 10000 905 370 1e-20 0.608026699203 0.607926090702 0.606080865936 0.0
10000 10000 905 370 1e-19 0.606337534154 0.606237331553 0.604397237567 0.0
10000 10000 905 370 2e-19 0.604465130552 0.604365377283 0.602530973692 0.0
10000 10000 905 370 5e-19 0.598876011111 0.598777595341 0.596960196215 0.0
10000 10000 905 370 7e-19 0.595173346798 0.595075813981 0.593269694999 0.0
10000 10000 905 370 1e-18 0.589654477772 0.58955825639 0.587768972297 0.0
10000 10000 905 370 2e-18 0.571562534954 0.571470573651 0.56973665045 0.0
10000 10000 905 370 5e-18 0.520078474248 0.519998300936 0.518423164546 0.0
10000 10000 905 370 7e-18 0.488044547096 0.487971450285 0.486495852293 0.0
10000 10000 905 370 1e-17 0.443312040478 0.44324847945 0.441912538417 0.0
10000 10000 905 370 2e-17 0.32037760127 0.320337995867 0.319387321883 0.0
10000 10000 905 370 5e-17 0.120275211994 0.120265827435 0.119931080421 0.0
10000 10000 905 370 7e-17 0.0634037023971 0.0634000856245 0.0632318700178 0.0
10000 10000 905 370 1e-16 0.0249556025942 0.024954713857 0.0248932799941 0.0
10000 10000 905 370 1e-15 6.6299133205e-11 6.62991332035e-11 6.62963175109e-11 0.0
10000 10000 905 370 1e-14 7.18382715353e-58 7.18382715353e-58 7.18382715353e-58 0.0
10000 10000 905 370 1e-12 0.0 0.0 0.0 0.0
10000 10000 905 370 1e-10 0.0 0.0 0.0 0.0
