10000 10000 1255 1250 1e-22 0.369012790252 0.369012790252 0.369011305754 0.368890740573
10000 10000 1255 1250 1e-20 0.368842028367 0.368842028367 0.368840544493 0.368720025667
10000 10000 1255 1250 1e-19 0.367293319529 0.367293319529 0.367291841333 0.367171743949
10000 10000 1255 1250 2e-19 0.365580267379 0.365580267379 0.365578795496 0.365459166425
10000 10000 1255 1250 5e-19 0.360489594141 0.360489594141 0.360488141201 0.360369917021
10000 10000 1255 1250 7e-19 0.357135837824 0.357135837824 0.357134397513 0.357017109552
10000 10000 1255 1250 1e-18 0.352164496228 0.352164496228 0.352163074854 0.352047190019
10000 10000 1255 1250 2e-18 0.336095356588 0.336095356588 0.336093998108 0.335982770401
10000 10000 1255 1250 5e-18 0.292223216276 0.292223216276 0.292222041125 0.292124396536
10000 10000 1255 1250 7e-18 0.266264532826 0.266264532826 0.266263472704 0.266174388166
10000 10000 1255 1250 1e-17 0.231676441463 0.231676441463 0.231675539962 0.231598350819
10000 10000 1255 1250 2e-17 0.14631347626 0.14631347626 0.146312974088 0.146266605914
10000 10000 1255 1250 5e-17 0.0388304909594 0.0388304909594 0.038830418079 0.0388212304299
10000 10000 1255 1250 7e-17 0.0168216146048 0.0168216146048 0.0168215953497 0.0168184424002
10000 10000 1255 1250 1e-16 0.00512176320428 0.00512176320428 0.00512176061651 0.00512109110443
10000 10000 1255 1250 1e-15 6.00658673346e-14 6.00658673346e-14 6.00658673346e-14 6.00658670912e-14
10000 10000 1255 1250 1e-14 3.22226885452e-91 3.22226885452e-91 3.22226885452e-91 3.22226885452e-91
10000 10000 1255 1250 1e-12 0.0 0.0 0.0 0.0
10000 10000 1255 1250 1e-10 0.0 0.0 0.0 0.0
