10000 10000 1455 260 1e-22 0.0458491672346 0.0458246051939 0.0 0.0
10000 10000 1455 260 1e-20 0.0458346973406 0.0458101454835 0.0 0.0
10000 10000 1455 260 1e-19 0.0457033786283 0.045678919138 0.0 0.0
10000 10000 1455 260 2e-19 0.0455579448706 0.0455335875632 0.0 0.0
10000 10000 1455 260 5e-19 0.0451246309758 0.0451005774176 0.0 0.0
10000 10000 1455 260 7e-19 0.0448382258368 0.0448143724691 0.0 0.0
10000 10000 1455 260 1e-18 0.0444122872856 0.0443887307868 0.0 0.0
10000 10000 1455 260 2e-18 0.0430237009837 0.043001105179 0.0 0.0
10000 10000 1455 260 5e-18 0.0391311091318 0.0391111473738 0.0 0.0
10000 10000 1455 260 7e-18 0.0367474332756 0.0367290405031 0.0 0.0
10000 10000 1455 260 1e-17 0.0334593461568 0.0334430610033 0.0 0.0
10000 10000 1455 260 2e-17 0.0245866613363 0.0245757153257 0.0 0.0
10000 10000 1455 260 5e-17 0.0100881994066 0.0100846832113 0.0 0.0
10000 10000 1455 260 7e-17 0.00569929433561 0.00569759515861 0.0 0.0
10000 10000 1455 260 1e-16 0.00248927854061 0.00248869280479 0.0 0.0
10000 10000 1455 260 1e-15 1.70910121236e-10 1.70910120775e-10 0.0 0.0
10000 10000 1455 260 1e-14 1.00582928465e-56 1.00582928465e-56 0.0 0.0
10000 10000 1455 260 1e-12 0.0 0.0 0.0 0.0
10000 10000 1455 260 1e-10 0.0 0.0 0.0 0.0
