10000 10000 455 240 1e-22 0.581833780188 0.581172995014 0.0 0.0
10000 10000 455 240 1e-20 0.581644391236 0.5809837458 0.0 0.0
10000 10000 455 240 1e-19 0.5799250716 0.579265699284 0.0 0.0
10000 10000 455 240 2e-19 0.578019782066 0.577361830104 0.0 0.0
10000 10000 455 240 5e-19 0.572335872022 0.571682216223 0.0 0.0
10000 10000 455 240 7e-19 0.568573192797 0.567922428977 0.0 0.0
10000 10000 455 240 1e-18 0.562968982903 0.562322596168 0.0 0.0
10000 10000 455 240 2e-18 0.54463176412 0.544000265474 0.0 0.0
10000 10000 455 240 5e-18 0.492739105634 0.492154072678 0.0 0.0
10000 10000 455 240 7e-18 0.460668341823 0.460114887583 0.0 0.0
10000 10000 455 240 1e-17 0.416167901763 0.415661389156 0.0 0.0
10000 10000 455 240 2e-17 0.295658404009 0.295293224428 0.0 0.0
10000 10000 455 240 5e-17 0.106275640776 0.106153336211 0.0 0.0
10000 10000 455 240 7e-17 0.0546797180802 0.0546216343106 0.0 0.0
10000 10000 455 240 1e-16 0.0208465335019 0.0208271566641 0.0 0.0
10000 10000 455 240 1e-15 9.08879739506e-11 9.08878419826e-11 0.0 0.0
10000 10000 455 240 1e-14 3.37339386677e-57 3.37339386677e-57 0.0 0.0
10000 10000 455 240 1e-12 0.0 0.0 0.0 0.0
10000 10000 455 240 1e-10 0.0 0.0 0.0 0.0
