10000 10000 1055 300 1e-22 0.328610939777 0.328532283428 0.0 0.0
10000 10000 1055 300 1e-20 0.328510332068 0.328431707025 0.0 0.0
10000 10000 1055 300 1e-19 0.327597089377 0.327518748398 0.0 0.0
10000 10000 1055 300 2e-19 0.326585271395 0.326507244908 0.0 0.0
10000 10000 1055 300 5e-19 0.323568031162 0.323490941022 0.0 0.0
10000 10000 1055 300 7e-19 0.321571636768 0.321495164954 0.0 0.0
10000 10000 1055 300 1e-18 0.318599536194 0.31852398308 0.0 0.0
10000 10000 1055 300 2e-18 0.308884907993 0.308812342188 0.0 0.0
10000 10000 1055 300 5e-18 0.281450301273 0.281386035035 0.0 0.0
10000 10000 1055 300 7e-18 0.26450940392 0.264450153526 0.0 0.0
10000 10000 1055 300 1e-17 0.240975784791 0.240923350045 0.0 0.0
10000 10000 1055 300 2e-17 0.176643156352 0.176608306551 0.0 0.0
10000 10000 1055 300 5e-17 0.0702306282045 0.0702202914376 0.0 0.0
10000 10000 1055 300 7e-17 0.0384560660052 0.0384513841035 0.0 0.0
10000 10000 1055 300 1e-16 0.0159162211979 0.0159147493606 0.0 0.0
10000 10000 1055 300 1e-15 1.69022290637e-10 1.69022289305e-10 0.0 0.0
10000 10000 1055 300 1e-14 4.62646471206e-57 4.62646471206e-57 0.0 0.0
10000 10000 1055 300 1e-12 0.0 0.0 0.0 0.0
10000 10000 1055 300 1e-10 0.0 0.0 0.0 0.0
