10000 10000 1055 230 1e-22 0.121209695333 0.121093248914 0.0 0.0
10000 10000 1055 230 1e-20 0.121172089653 0.121055687763 0.0 0.0
10000 10000 1055 230 1e-19 0.120830776957 0.120714779055 0.0 0.0
10000 10000 1055 230 2e-19 0.12045271532 0.120337164572 0.0 0.0
10000 10000 1055 230 5e-19 0.119325909034 0.119211688936 0.0 0.0
10000 10000 1055 230 7e-19 0.118580812616 0.118467470683 0.0 0.0
10000 10000 1055 230 1e-18 0.117472248084 0.117360210144 0.0 0.0
10000 10000 1055 230 2e-18 0.113854421087 0.113746617257 0.0 0.0
10000 10000 1055 230 5e-18 0.103681978722 0.103585897778 0.0 0.0
10000 10000 1055 230 7e-18 0.0974311061016 0.0973420890388 0.0 0.0
10000 10000 1055 230 1e-17 0.0887826894661 0.0887032595892 0.0 0.0
10000 10000 1055 230 2e-17 0.0653083039352 0.0652536936722 0.0 0.0
10000 10000 1055 230 5e-17 0.0266335210416 0.026614958625 0.0 0.0
10000 10000 1055 230 7e-17 0.0149133094301 0.0149039826178 0.0 0.0
10000 10000 1055 230 1e-16 0.00639399373745 0.00639055354977 0.0 0.0
10000 10000 1055 230 1e-15 1.20056420751e-10 1.20056232131e-10 0.0 0.0
10000 10000 1055 230 1e-14 2.1214077392e-55 2.1214077392e-55 0.0 0.0
10000 10000 1055 230 1e-12 0.0 0.0 0.0 0.0
10000 10000 1055 230 1e-10 0.0 0.0 0.0 0.0
