10000 10000 1455 290 1e-22 0.097045595903 0.0970283253801 0.0 0.0
10000 10000 1455 290 1e-20 0.0970157574243 0.0969984938438 0.0 0.0
10000 10000 1455 290 1e-19 0.0967449356309 0.096727735032 0.0 0.0
10000 10000 1455 290 2e-19 0.0964449441856 0.0964278132893 0.0 0.0
10000 10000 1455 290 5e-19 0.0955507593908 0.0955338358648 0.0 0.0
10000 10000 1455 290 7e-19 0.094959428893 0.0949426421785 0.0 0.0
10000 10000 1455 290 1e-18 0.0940795588328 0.0940629752068 0.0 0.0
10000 10000 1455 290 2e-18 0.0912074002405 0.0911914755149 0.0 0.0
10000 10000 1455 290 5e-18 0.0831257563143 0.0831116513607 0.0 0.0
10000 10000 1455 290 7e-18 0.0781551501793 0.0781421382721 0.0 0.0
10000 10000 1455 290 1e-17 0.0712720300457 0.071260496823 0.0 0.0
10000 10000 1455 290 2e-17 0.0525509107986 0.0525431718147 0.0 0.0
10000 10000 1455 290 5e-17 0.0215661456837 0.0215637380305 0.0 0.0
10000 10000 1455 290 7e-17 0.0121309877435 0.0121298558042 0.0 0.0
10000 10000 1455 290 1e-16 0.00524509423616 0.00524471717828 0.0 0.0
10000 10000 1455 290 1e-15 2.18324858958e-10 2.18324857815e-10 0.0 0.0
10000 10000 1455 290 1e-14 5.8639276713e-57 5.8639276713e-57 0.0 0.0
10000 10000 1455 290 1e-12 0.0 0.0 0.0 0.0
10000 10000 1455 290 1e-10 0.0 0.0 0.0 0.0
