10000 10000 655 150 1e-22 0.155353096539 0.0 0.0 0.0
10000 10000 655 150 1e-20 0.155302179084 0.0 0.0 0.0
10000 10000 655 150 1e-19 0.154840105562 0.0 0.0 0.0
10000 10000 655 150 2e-19 0.154328403091 0.0 0.0 0.0
10000 10000 655 150 5e-19 0.152804045659 0.0 0.0 0.0
10000 10000 655 150 7e-19 0.151796698664 0.0 0.0 0.0
10000 10000 655 150 1e-18 0.150298882281 0.0 0.0 0.0
10000 10000 655 150 2e-18 0.145418476877 0.0 0.0 0.0
10000 10000 655 150 5e-18 0.131760392938 0.0 0.0 0.0
10000 10000 655 150 7e-18 0.123415708601 0.0 0.0 0.0
10000 10000 655 150 1e-17 0.11193258707 0.0 0.0 0.0
10000 10000 655 150 2e-17 0.0811518912221 0.0 0.0 0.0
10000 10000 655 150 5e-17 0.0319493394043 0.0 0.0 0.0
10000 10000 655 150 7e-17 0.0175658178827 0.0 0.0 0.0
10000 10000 655 150 1e-16 0.00736969332526 0.0 0.0 0.0
10000 10000 655 150 1e-15 1.95140820495e-09 0.0 0.0 0.0
10000 10000 655 150 1e-14 1.22999154132e-40 0.0 0.0 0.0
10000 10000 655 150 1e-12 0.0 0.0 0.0 0.0
10000 10000 655 150 1e-10 0.0 0.0 0.0 0.0
