10000 10000 1055 470 1e-22 0.681261505586 0.681238278505 0.680627363543 0.0
10000 10000 1055 470 1e-20 0.68106052029 0.681037305301 0.680426463508 0.0
10000 10000 1055 470 1e-19 0.679235118507 0.679212013211 0.678601841944 0.0
10000 10000 1055 470 2e-19 0.67721057687 0.677187592965 0.676578177907 0.0
10000 10000 1055 470 5e-19 0.671160381137 0.671137758314 0.670530680717 0.0
10000 10000 1055 470 7e-19 0.667146609845 0.667124225174 0.666518761451 0.0
10000 10000 1055 470 1e-18 0.661155812483 0.661133781197 0.660530818138 0.0
10000 10000 1055 470 2e-18 0.641449996486 0.641429110077 0.640835120603 0.0
10000 10000 1055 470 5e-18 0.584861074662 0.584843325687 0.584280883863 0.0
10000 10000 1055 470 7e-18 0.549313507703 0.549297614578 0.548758830388 0.0
10000 10000 1055 470 1e-17 0.499309373762 0.499295939053 0.498794684334 0.0
10000 10000 1055 470 2e-17 0.360275932286 0.360268371151 0.359891713038 0.0
10000 10000 1055 470 5e-17 0.132401919366 0.132400640368 0.13226493559 0.0
10000 10000 1055 470 7e-17 0.0685034996778 0.068503109122 0.0684363737032 0.0
10000 10000 1055 470 1e-16 0.0261976280103 0.0261975603753 0.0261741902926 0.0
10000 10000 1055 470 1e-15 2.95278439437e-11 2.95278439437e-11 2.95271772523e-11 0.0
10000 10000 1055 470 1e-14 1.44827139212e-58 1.44827139212e-58 1.44827139212e-58 0.0
10000 10000 1055 470 1e-12 0.0 0.0 0.0 0.0
10000 10000 1055 470 1e-10 0.0 0.0 0.0 0.0
