10000 10000 955 150 1e-22 0.0366200593069 0.0 0.0 0.0
10000 10000 955 150 1e-20 0.0366087998375 0.0 0.0 0.0
10000 10000 955 150 1e-19 0.0365066055931 0.0 0.0 0.0
10000 10000 955 150 2e-19 0.0363934034265 0.0 0.0 0.0
10000 10000 955 150 5e-19 0.0360559764953 0.0 0.0 0.0
10000 10000 955 150 7e-19 0.0358328293736 0.0 0.0 0.0
10000 10000 955 150 1e-18 0.0355007908475 0.0 0.0 0.0
10000 10000 955 150 2e-18 0.0344168557403 0.0 0.0 0.0
10000 10000 955 150 5e-18 0.0313662588908 0.0 0.0 0.0
10000 10000 955 150 7e-18 0.0294894051163 0.0 0.0 0.0
10000 10000 955 150 1e-17 0.02688946869 0.0 0.0 0.0
10000 10000 955 150 2e-17 0.0198107824393 0.0 0.0 0.0
10000 10000 955 150 5e-17 0.00806743909232 0.0 0.0 0.0
10000 10000 955 150 7e-17 0.00449281704728 0.0 0.0 0.0
10000 10000 955 150 1e-16 0.0019015085477 0.0 0.0 0.0
10000 10000 955 150 1e-15 1.20191312327e-09 0.0 0.0 0.0
10000 10000 955 150 1e-14 7.09115577443e-40 0.0 0.0 0.0
10000 10000 955 150 1e-12 0.0 0.0 0.0 0.0
10000 10000 955 150 1e-10 0.0 0.0 0.0 0.0
