10000 10000 805 380 1e-22 0.661535477678 0.661443791436 0.660044057647 0.0
10000 10000 805 380 1e-20 0.66133439678 0.661242743472 0.659843173308 0.0
10000 10000 805 380 1e-19 0.659508211034 0.659416857009 0.658018786666 0.0
10000 10000 805 380 2e-19 0.657482978749 0.657391957007 0.655995578899 0.0
10000 10000 805 380 5e-19 0.65143185768 0.651341831042 0.649950688232 0.0
10000 10000 805 380 7e-19 0.647418431546 0.647329066722 0.645941542132 0.0
10000 10000 805 380 1e-18 0.641429606336 0.641341231585 0.639959318286 0.0
10000 10000 805 380 2e-18 0.621743100559 0.621657999185 0.620296259797 0.0
10000 10000 805 380 5e-18 0.565330220368 0.565254606081 0.563964043894 0.0
10000 10000 805 380 7e-18 0.529995353106 0.529925713262 0.528688653069 0.0
10000 10000 805 380 1e-17 0.480439906432 0.480378615776 0.479226535287 0.0
10000 10000 805 380 2e-17 0.343718209261 0.343679175414 0.342809732916 0.0
10000 10000 805 380 5e-17 0.124009626609 0.124000424608 0.123681014636 0.0
10000 10000 805 380 7e-17 0.0637319361067 0.0637284575866 0.0635689391243 0.0
10000 10000 805 380 1e-16 0.0242782553511 0.0242774262788 0.0242203020418 0.0
10000 10000 805 380 1e-15 4.71672279317e-11 4.71672279308e-11 4.71650653937e-11 0.0
10000 10000 805 380 1e-14 7.05509140823e-58 7.05509140823e-58 7.05509140823e-58 0.0
10000 10000 805 380 1e-12 0.0 0.0 0.0 0.0
10000 10000 805 380 1e-10 0.0 0.0 0.0 0.0
