10000 10000 2955 2650 1e-22 0.00575053880279 0.00575053880279 0.00575053880279 0.00575053880279
10000 10000 2955 2650 1e-20 0.00574635685986 0.00574635685986 0.00574635685986 0.00574635685986
10000 10000 2955 2650 1e-19 0.00570849429318 0.00570849429318 0.00570849429318 0.00570849429318
10000 10000 2955 2650 2e-19 0.00566675048086 0.00566675048086 0.00566675048086 0.00566675048086
10000 10000 2955 2650 5e-19 0.00554354487081 0.00554354487081 0.00554354487081 0.00554354487081
10000 10000 2955 2650 7e-19 0.00546306467524 0.00546306467524 0.00546306467524 0.00546306467524
10000 10000 2955 2650 1e-18 0.00534476858242 0.00534476858242 0.00534476858242 0.00534476858242
10000 10000 2955 2650 2e-18 0.00497051161823 0.00497051161823 0.00497051161823 0.00497051161823
10000 10000 2955 2650 5e-18 0.00401065773734 0.00401065773734 0.00401065773734 0.00401065773734
10000 10000 2955 2650 7e-18 0.00348446831821 0.00348446831821 0.00348446831821 0.00348446831821
10000 10000 2955 2650 1e-17 0.00283056120493 0.00283056120493 0.00283056120493 0.00283056120493
10000 10000 2955 2650 2e-17 0.00144571693999 0.00144571693999 0.00144571693999 0.00144571693999
10000 10000 2955 2650 5e-17 0.000214526324733 0.000214526324733 0.000214526324733 0.000214526324733
10000 10000 2955 2650 7e-17 6.31935330124e-05 6.31935330124e-05 6.31935330124e-05 6.31935330124e-05
10000 10000 2955 2650 1e-16 1.06290164275e-05 1.06290164275e-05 1.06290164275e-05 1.06290164275e-05
10000 10000 2955 2650 1e-15 2.35863909786e-25 2.35863909786e-25 2.35863909786e-25 2.35863909786e-25
10000 10000 2955 2650 1e-14 1.35810475288e-209 1.35810475288e-209 1.35810475288e-209 1.35810475288e-209
10000 10000 2955 2650 1e-12 0.0 0.0 0.0 0.0
10000 10000 2955 2650 1e-10 0.0 0.0 0.0 0.0
