10000 10000 1405 390 1e-22 0.313228266715 0.31320533641 0.312619601727 0.0
10000 10000 1405 390 1e-20 0.31312788986 0.31310497221 0.312519432163 0.0
10000 10000 1405 390 1e-19 0.312216870981 0.312194068052 0.31161029468 0.0
10000 10000 1405 390 2e-19 0.311207786703 0.311185110547 0.31060329436 0.0
10000 10000 1405 390 5e-19 0.308200382196 0.308178082006 0.307602100953 0.0
10000 10000 1405 390 7e-19 0.306211881721 0.306189828594 0.305617707404 0.0
10000 10000 1405 390 1e-18 0.30325357715 0.303231889325 0.302665512848 0.0
10000 10000 1405 390 2e-18 0.293601091927 0.293580577257 0.293032963365 0.0
10000 10000 1405 390 5e-18 0.266482754224 0.266465380867 0.265970602724 0.0
10000 10000 1405 390 7e-18 0.249840817701 0.249825258204 0.249362964577 0.0
10000 10000 1405 390 1e-17 0.226853650261 0.226840451912 0.226423054464 0.0
10000 10000 1405 390 2e-17 0.16479212773 0.164784446155 0.16448789619 0.0
10000 10000 1405 390 5e-17 0.0646213463087 0.0646197227066 0.0645126854774 0.0
10000 10000 1405 390 7e-17 0.035288663205 0.0352880541889 0.0352330382376 0.0
10000 10000 1405 390 1e-16 0.0146104886589 0.0146103384614 0.0145895806816 0.0
10000 10000 1405 390 1e-15 9.72400900149e-11 9.72400900145e-11 9.72389237157e-11 0.0
10000 10000 1405 390 1e-14 1.780776019e-57 1.780776019e-57 1.780776019e-57 0.0
10000 10000 1405 390 1e-12 0.0 0.0 0.0 0.0
10000 10000 1405 390 1e-10 0.0 0.0 0.0 0.0
