10000 10000 855 390 1e-22 0.648556762729 0.648465890799 0.647271863489 0.0
10000 10000 855 390 1e-20 0.648360450417 0.648269621339 0.647075727558 0.0
10000 10000 855 390 1e-19 0.646577734755 0.646487294479 0.64529462496 0.0
10000 10000 855 390 2e-19 0.64460104972 0.644511039819 0.643319752256 0.0
10000 10000 855 390 5e-19 0.638697055746 0.638608326722 0.637421318453 0.0
10000 10000 855 390 7e-19 0.634782876884 0.634694993255 0.633510945624 0.0
10000 10000 855 390 1e-18 0.628944520772 0.628857892498 0.627678440829 0.0
10000 10000 855 390 2e-18 0.609771214735 0.60968866138 0.608525770096 0.0
10000 10000 855 390 5e-18 0.554955650792 0.554884337677 0.553780174587 0.0
10000 10000 855 390 7e-18 0.520688362036 0.520623760545 0.519563947095 0.0
10000 10000 855 390 1e-17 0.472675649459 0.472620032385 0.471630926717 0.0
10000 10000 855 390 2e-17 0.34014332008 0.340109828905 0.339357798676 0.0
10000 10000 855 390 5e-17 0.124999155241 0.124991931762 0.124709998181 0.0
10000 10000 855 390 7e-17 0.0648618390865 0.064859197987 0.064716960285 0.0
10000 10000 855 390 1e-16 0.0249497709329 0.0249491654483 0.0248976822618 0.0
10000 10000 855 390 1e-15 6.97575489415e-11 6.9757548941e-11 6.97559340827e-11 0.0
10000 10000 855 390 1e-14 1.56485257115e-57 1.56485257115e-57 1.56485257115e-57 0.0
10000 10000 855 390 1e-12 0.0 0.0 0.0 0.0
10000 10000 855 390 1e-10 0.0 0.0 0.0 0.0
