10000 10000 1355 1300 1e-22 0.337476885459 0.337476885459 0.337476782023 0.337361888825
10000 10000 1355 1300 1e-20 0.337310096315 0.337310096315 0.337309992835 0.337195152308
10000 10000 1355 1300 1e-19 0.335797862453 0.335797862453 0.335797758577 0.335683396419
10000 10000 1355 1300 2e-19 0.334126088085 0.334126088085 0.334125983784 0.334012152164
10000 10000 1355 1300 5e-19 0.329163849496 0.329163849496 0.329163744021 0.329051497573
10000 10000 1355 1300 7e-19 0.32589941528 0.32589941528 0.3258993091 0.325788113854
10000 10000 1355 1300 1e-18 0.321067342338 0.321067342338 0.321067235216 0.320957607993
10000 10000 1355 1300 2e-18 0.305504208677 0.305504208677 0.305504099315 0.305399616826
10000 10000 1355 1300 5e-18 0.26344340121 0.26344340121 0.263443291636 0.263353367706
10000 10000 1355 1300 7e-18 0.238849312442 0.238849312442 0.23884920645 0.23876817175
10000 10000 1355 1300 1e-17 0.206414499214 0.206414499214 0.206414401731 0.206345410082
10000 10000 1355 1300 2e-17 0.128007874266 0.128007874266 0.128007811713 0.127968540419
10000 10000 1355 1300 5e-17 0.0328953578539 0.0328953578539 0.0328953479577 0.0328886715187
10000 10000 1355 1300 7e-17 0.0140725921423 0.0140725921423 0.0140725895672 0.0140705293247
10000 10000 1355 1300 1e-16 0.00422805416595 0.00422805416595 0.00422805383677 0.00422768300101
10000 10000 1355 1300 1e-15 1.23142836928e-13 1.23142836928e-13 1.23142836928e-13 1.23142836927e-13
10000 10000 1355 1300 1e-14 3.6953037254e-83 3.6953037254e-83 3.6953037254e-83 3.6953037254e-83
10000 10000 1355 1300 1e-12 0.0 0.0 0.0 0.0
10000 10000 1355 1300 1e-10 0.0 0.0 0.0 0.0
