10000 10000 705 280 1e-22 0.543148183096 0.542858885513 0.0 0.0
10000 10000 705 280 1e-20 0.54297358399 0.542684399749 0.0 0.0
10000 10000 705 280 1e-19 0.541388657511 0.541100502011 0.0 0.0
10000 10000 705 280 2e-19 0.539632563724 0.539345547816 0.0 0.0
10000 10000 705 280 5e-19 0.534395371417 0.534111752465 0.0 0.0
10000 10000 705 280 7e-19 0.53092973115 0.530648358659 0.0 0.0
10000 10000 705 280 1e-18 0.525769827097 0.525491797049 0.0 0.0
10000 10000 705 280 2e-18 0.508901357879 0.508634233684 0.0 0.0
10000 10000 705 280 5e-18 0.461270347458 0.461033792807 0.0 0.0
10000 10000 705 280 7e-18 0.431892323987 0.431674407804 0.0 0.0
10000 10000 705 280 1e-17 0.391172657464 0.390980220538 0.0 0.0
10000 10000 705 280 2e-17 0.280866349988 0.280740068884 0.0 0.0
10000 10000 705 280 5e-17 0.105112364302 0.105076953198 0.0 0.0
10000 10000 705 280 7e-17 0.0556354036442 0.0556199348705 0.0 0.0
10000 10000 705 280 1e-16 0.0221046864294 0.0221000373935 0.0 0.0
10000 10000 705 280 1e-15 1.24796745451e-10 1.24796742637e-10 0.0 0.0
10000 10000 705 280 1e-14 7.14506950548e-57 7.14506950548e-57 0.0 0.0
10000 10000 705 280 1e-12 0.0 0.0 0.0 0.0
10000 10000 705 280 1e-10 0.0 0.0 0.0 0.0
