10000 10000 755 300 1e-22 0.555692114571 0.555462177453 0.0 0.0
10000 10000 755 300 1e-20 0.555519042869 0.555289197755 0.0 0.0
10000 10000 755 300 1e-19 0.553947817402 0.553718807375 0.0 0.0
10000 10000 755 300 2e-19 0.552206559217 0.551978474278 0.0 0.0
10000 10000 755 300 5e-19 0.547011456651 0.54678612938 0.0 0.0
10000 10000 755 300 7e-19 0.543571894217 0.543348390718 0.0 0.0
10000 10000 755 300 1e-18 0.538448197607 0.53822740775 0.0 0.0
10000 10000 755 300 2e-18 0.521676216109 0.521464281057 0.0 0.0
10000 10000 755 300 5e-18 0.474136377728 0.473949262315 0.0 0.0
10000 10000 755 300 7e-18 0.444680577125 0.444508587793 0.0 0.0
10000 10000 755 300 1e-17 0.40368292817 0.403531597909 0.0 0.0
10000 10000 755 300 2e-17 0.291616599692 0.291518695506 0.0 0.0
10000 10000 755 300 5e-17 0.10994074663 0.109914767006 0.0 0.0
10000 10000 755 300 7e-17 0.0581330959294 0.0581222095114 0.0 0.0
10000 10000 755 300 1e-16 0.0229467728211 0.0229436998233 0.0 0.0
10000 10000 755 300 1e-15 1.13870494312e-10 1.13870493946e-10 0.0 0.0
10000 10000 755 300 1e-14 1.97134393413e-57 1.97134393413e-57 0.0 0.0
10000 10000 755 300 1e-12 0.0 0.0 0.0 0.0
10000 10000 755 300 1e-10 0.0 0.0 0.0 0.0
