10000 10000 655 280 1e-22 0.572379486123 0.57209955508 0.0 0.0
10000 10000 655 280 1e-20 0.572197882332 0.571918049476 0.0 0.0
10000 10000 655 280 1e-19 0.570549253005 0.570270311868 0.0 0.0
10000 10000 655 280 2e-19 0.568722329517 0.568444377282 0.0 0.0
10000 10000 655 280 5e-19 0.563272366365 0.562997368699 0.0 0.0
10000 10000 655 280 7e-19 0.559664670327 0.559391632108 0.0 0.0
10000 10000 655 280 1e-18 0.554291421019 0.554021306277 0.0 0.0
10000 10000 655 280 2e-18 0.536710325585 0.536449815453 0.0 0.0
10000 10000 655 280 5e-18 0.486946312376 0.486713233153 0.0 0.0
10000 10000 655 280 7e-18 0.456168277124 0.45595226689 0.0 0.0
10000 10000 655 280 1e-17 0.413408746421 0.413216461135 0.0 0.0
10000 10000 655 280 2e-17 0.297063720351 0.296934966434 0.0 0.0
10000 10000 655 280 5e-17 0.11065435731 0.110617092046 0.0 0.0
10000 10000 655 280 7e-17 0.0582050898526 0.058188623727 0.0 0.0
10000 10000 655 280 1e-16 0.0228615100193 0.0228565017097 0.0 0.0
10000 10000 655 280 1e-15 8.29914421325e-11 8.29914410549e-11 0.0 0.0
10000 10000 655 280 1e-14 1.82527542418e-58 1.82527542418e-58 0.0 0.0
10000 10000 655 280 1e-12 0.0 0.0 0.0 0.0
10000 10000 655 280 1e-10 0.0 0.0 0.0 0.0
