10000 10000 1405 430 1e-22 0.407671043248 0.407662820077 0.407081419924 0.0
10000 10000 1405 430 1e-20 0.407546410782 0.407538192656 0.406956995804 0.0
10000 10000 1405 430 1e-19 0.40641506713 0.406406894723 0.405827542729 0.0
10000 10000 1405 430 2e-19 0.405161560292 0.405153438373 0.404576129202 0.0
10000 10000 1405 430 5e-19 0.401423316293 0.401415343912 0.400844119131 0.0
10000 10000 1405 430 7e-19 0.398949623785 0.398941749508 0.398374544523 0.0
10000 10000 1405 430 1e-18 0.395266603456 0.395258873996 0.394697644529 0.0
10000 10000 1405 430 2e-18 0.383225340504 0.383218074159 0.382676301969 0.0
10000 10000 1405 430 5e-18 0.349196211454 0.349190169582 0.348702726649 0.0
10000 10000 1405 430 7e-18 0.328165793811 0.328160447757 0.327706091219 0.0
10000 10000 1405 430 1e-17 0.298929994103 0.298925540086 0.298516549397 0.0
10000 10000 1405 430 2e-17 0.218899732488 0.218897289429 0.218608614299 0.0
10000 10000 1405 430 5e-17 0.0864166756039 0.0864162486986 0.0863125662126 0.0
10000 10000 1405 430 7e-17 0.0470101221056 0.0470099843674 0.0469566997976 0.0
10000 10000 1405 430 1e-16 0.0192502986216 0.0192502726506 0.0192301766974 0.0
10000 10000 1405 430 1e-15 6.61928018661e-11 6.61928018661e-11 6.6191030189e-11 0.0
10000 10000 1405 430 1e-14 2.20666665432e-58 2.20666665432e-58 2.20666665432e-58 0.0
10000 10000 1405 430 1e-12 0.0 0.0 0.0 0.0
10000 10000 1405 430 1e-10 0.0 0.0 0.0 0.0
