10000 10000 1955 340 1e-22 0.0282010850896 0.028197811236 0.0281200627446 0.0
10000 10000 1955 340 1e-20 0.028192877219 0.0281896057169 0.0281118814749 0.0
10000 10000 1955 340 1e-19 0.0281183800257 0.0281151298206 0.0280376256714 0.0
10000 10000 1955 340 2e-19 0.0280358579311 0.0280326312203 0.027955370867 0.0
10000 10000 1955 340 5e-19 0.0277898771791 0.0277867198983 0.0277101862106 0.0
10000 10000 1955 340 7e-19 0.027627201555 0.0276240896968 0.0275480365437 0.0
10000 10000 1955 340 1e-18 0.0273851361652 0.0273820911711 0.0273067530082 0.0
10000 10000 1955 340 2e-18 0.0265948277125 0.0265919950072 0.0265189906057 0.0
10000 10000 1955 340 5e-18 0.0243691842104 0.0243669006481 0.0243004613648 0.0
10000 10000 1955 340 7e-18 0.0229980973535 0.0229961171287 0.0229337144011 0.0
10000 10000 1955 340 1e-17 0.0210952338613 0.0210936319 0.0210368168692 0.0
10000 10000 1955 340 2e-17 0.015878549037 0.0158777449638 0.0158361106397 0.0
10000 10000 1955 340 5e-17 0.00695368695431 0.00695356334795 0.00693690851901 0.0
10000 10000 1955 340 7e-17 0.00407791884338 0.00407787656898 0.00406871453755 0.0
10000 10000 1955 340 1e-16 0.00186932748986 0.00186931714791 0.0018655083911 0.0
10000 10000 1955 340 1e-15 1.67307205088e-10 1.67307205088e-10 1.67306190486e-10 0.0
10000 10000 1955 340 1e-14 2.70739191615e-57 2.70739191615e-57 2.70739191615e-57 0.0
10000 10000 1955 340 1e-12 0.0 0.0 0.0 0.0
10000 10000 1955 340 1e-10 0.0 0.0 0.0 0.0
