10000 10000 705 190 1e-22 0.265621181529 0.265109231311 0.0 0.0
10000 10000 705 190 1e-20 0.265535182465 0.2650233979 0.0 0.0
10000 10000 705 190 1e-19 0.264754685397 0.264244404462 0.0 0.0
10000 10000 705 190 2e-19 0.263890234026 0.263381618923 0.0 0.0
10000 10000 705 190 5e-19 0.261314263503 0.260810615277 0.0 0.0
10000 10000 705 190 7e-19 0.259611338769 0.259110976399 0.0 0.0
10000 10000 705 190 1e-18 0.257078341718 0.256582870275 0.0 0.0
10000 10000 705 190 2e-18 0.248817300719 0.248337808223 0.0 0.0
10000 10000 705 190 5e-18 0.225637682015 0.225203238376 0.0 0.0
10000 10000 705 190 7e-18 0.211433403971 0.211026706911 0.0 0.0
10000 10000 705 190 1e-17 0.191837615501 0.191469347084 0.0 0.0
10000 10000 705 190 2e-17 0.139063129474 0.138798938896 0.0 0.0
10000 10000 705 190 5e-17 0.054273998757 0.0541761181973 0.0 0.0
10000 10000 705 190 7e-17 0.0295627628861 0.0295116959236 0.0 0.0
10000 10000 705 190 1e-16 0.0122017431766 0.012182081439 0.0 0.0
10000 10000 705 190 1e-15 3.81732281264e-10 3.81730589011e-10 0.0 0.0
10000 10000 705 190 1e-14 6.4021840262e-47 6.4021840262e-47 0.0 0.0
10000 10000 705 190 1e-12 0.0 0.0 0.0 0.0
10000 10000 705 190 1e-10 0.0 0.0 0.0 0.0
