10000 10000 455 180 1e-22 0.454141275538 0.452896292049 0.0 0.0
10000 10000 455 180 1e-20 0.453992860435 0.452748223329 0.0 0.0
10000 10000 455 180 1e-19 0.452645763127 0.451404272818 0.0 0.0
10000 10000 455 180 2e-19 0.451153483891 0.449915485472 0.0 0.0
10000 10000 455 180 5e-19 0.446704922899 0.445477370916 0.0 0.0
10000 10000 455 180 7e-19 0.443762660814 0.442542048264 0.0 0.0
10000 10000 455 180 1e-18 0.439384198008 0.438173956368 0.0 0.0
10000 10000 455 180 2e-18 0.425088188342 0.423912170606 0.0 0.0
10000 10000 455 180 5e-18 0.384856866255 0.383780012037 0.0 0.0
10000 10000 455 180 7e-18 0.36013219423 0.359118249869 0.0 0.0
10000 10000 455 180 1e-17 0.325959118523 0.325034403836 0.0 0.0
10000 10000 455 180 2e-17 0.233820798283 0.233148169257 0.0 0.0
10000 10000 455 180 5e-17 0.0876466149242 0.0873974950185 0.0 0.0
10000 10000 455 180 7e-17 0.0464667005403 0.046338042718 0.0 0.0
10000 10000 455 180 1e-16 0.0184968533523 0.0184480237825 0.0 0.0
10000 10000 455 180 1e-15 3.92628259916e-10 3.9262391018e-10 0.0 0.0
10000 10000 455 180 1e-14 3.19136225978e-45 3.19136225978e-45 0.0 0.0
10000 10000 455 180 1e-12 0.0 0.0 0.0 0.0
10000 10000 455 180 1e-10 0.0 0.0 0.0 0.0
