10000 10000 1255 650 1e-22 0.694403835019 0.694394456741 0.694153075239 0.693288120892
10000 10000 1255 650 1e-20 0.694180197511 0.694170827936 0.693929503475 0.693064661346
10000 10000 1255 650 1e-19 0.692149457033 0.692140166194 0.691899361729 0.691035547355
10000 10000 1255 650 2e-19 0.689898007546 0.689888803375 0.689648579681 0.688785923123
10000 10000 1255 650 5e-19 0.683174933474 0.683165984237 0.682927521024 0.682068435416
10000 10000 1255 650 7e-19 0.678719086951 0.67871030353 0.678473028346 0.677616401924
10000 10000 1255 650 1e-18 0.672074885164 0.672066344429 0.671830871362 0.670978046293
10000 10000 1255 650 2e-18 0.650274195819 0.65026641428 0.650037099598 0.64919784034
10000 10000 1255 650 5e-18 0.588137917417 0.588132015425 0.587922059058 0.587129876144
10000 10000 1255 650 7e-18 0.54946693973 0.549462019571 0.549265227271 0.548507932932
10000 10000 1255 650 1e-17 0.495553638083 0.495549879774 0.495372539921 0.494670086022
10000 10000 1255 650 2e-17 0.348807772877 0.348806194435 0.348685749587 0.348162246664
10000 10000 1255 650 5e-17 0.120432988011 0.120432839482 0.120399883967 0.12021320922
10000 10000 1255 650 7e-17 0.0602506948574 0.0602506598022 0.0602369808332 0.0601451666335
10000 10000 1255 650 1e-16 0.0220775416466 0.0220775372529 0.0220737709706 0.0220415125486
10000 10000 1255 650 1e-15 1.03694006175e-11 1.03694006175e-11 1.03693990152e-11 1.03675321268e-11
10000 10000 1255 650 1e-14 4.16840196942e-63 4.16840196942e-63 4.16840196942e-63 4.16840196942e-63
10000 10000 1255 650 1e-12 0.0 0.0 0.0 0.0
10000 10000 1255 650 1e-10 0.0 0.0 0.0 0.0
