10000 10000 1305 240 1e-22 0.0491842935341 0.0491335809106 0.0 0.0
10000 10000 1305 240 1e-20 0.0491703363615 0.0491196421733 0.0 0.0
10000 10000 1305 240 1e-19 0.0490436374974 0.0489931105928 0.0 0.0
10000 10000 1305 240 2e-19 0.0489032501756 0.0488529084862 0.0 0.0
10000 10000 1305 240 5e-19 0.0484845347678 0.0484347446097 0.0 0.0
10000 10000 1305 240 7e-19 0.0482074182693 0.0481579923955 0.0 0.0
10000 10000 1305 240 1e-18 0.0477947609361 0.0477458764345 0.0 0.0
10000 10000 1305 240 2e-18 0.0464450141033 0.0463978911808 0.0 0.0
10000 10000 1305 240 5e-18 0.0426241302681 0.0425819157347 0.0 0.0
10000 10000 1305 240 7e-18 0.040256477635 0.0402172442626 0.0 0.0
10000 10000 1305 240 1e-17 0.0369542774934 0.0369191206714 0.0 0.0
10000 10000 1305 240 2e-17 0.027818173236 0.0277937514688 0.0 0.0
10000 10000 1305 240 5e-17 0.0120340433362 0.0120257433458 0.0 0.0
10000 10000 1305 240 7e-17 0.00696874270654 0.00696465173742 0.0 0.0
10000 10000 1305 240 1e-16 0.0031254153288 0.00312397488049 0.0 0.0
10000 10000 1305 240 1e-15 1.0983337609e-10 1.09833373067e-10 0.0 0.0
10000 10000 1305 240 1e-14 6.96023704256e-57 6.96023704256e-57 0.0 0.0
10000 10000 1305 240 1e-12 0.0 0.0 0.0 0.0
10000 10000 1305 240 1e-10 0.0 0.0 0.0 0.0
