10000 10000 1055 240 1e-22 0.154371133711 0.154254282898 0.0 0.0
10000 10000 1055 240 1e-20 0.154324149125 0.154207341976 0.0 0.0
10000 10000 1055 240 1e-19 0.15389769407 0.15378128308 0.0 0.0
10000 10000 1055 240 2e-19 0.153425283806 0.153309311336 0.0 0.0
10000 10000 1055 240 5e-19 0.1520170281 0.151902360798 0.0 0.0
10000 10000 1055 240 7e-19 0.151085621317 0.150971815538 0.0 0.0
10000 10000 1055 240 1e-18 0.149699559636 0.149587033405 0.0 0.0
10000 10000 1055 240 2e-18 0.145173554457 0.145065185271 0.0 0.0
10000 10000 1055 240 5e-18 0.132425495408 0.132328657037 0.0 0.0
10000 10000 1055 240 7e-18 0.124574748472 0.124484876204 0.0 0.0
10000 10000 1055 240 1e-17 0.113689552837 0.113609161227 0.0 0.0
10000 10000 1055 240 2e-17 0.0839915987797 0.0839359321209 0.0 0.0
10000 10000 1055 240 5e-17 0.0344761187843 0.0344570428273 0.0 0.0
10000 10000 1055 240 7e-17 0.0193046954405 0.0192951553297 0.0 0.0
10000 10000 1055 240 1e-16 0.00823934999954 0.00823589396759 0.0 0.0
10000 10000 1055 240 1e-15 1.31858890875e-10 1.31858873525e-10 0.0 0.0
10000 10000 1055 240 1e-14 2.908300446e-56 2.908300446e-56 0.0 0.0
10000 10000 1055 240 1e-12 0.0 0.0 0.0 0.0
10000 10000 1055 240 1e-10 0.0 0.0 0.0 0.0
