10000 10000 855 850 1e-22 0.516645311727 0.516643309876 0.516573864833 0.516251676346
10000 10000 855 850 1e-20 0.516463700394 0.516461700473 0.516392273328 0.516070103382
10000 10000 855 850 1e-19 0.514814674996 0.514812692535 0.514743428808 0.514421433148
10000 10000 855 850 2e-19 0.512986634044 0.512984670788 0.512915590119 0.512593800085
10000 10000 855 850 5e-19 0.507529263503 0.507527356659 0.507458834126 0.507137734592
10000 10000 855 850 7e-19 0.503913471669 0.503911601452 0.503843458082 0.503522878225
10000 10000 855 850 1e-18 0.498523769933 0.498521953229 0.498454388451 0.498134673216
10000 10000 855 850 2e-18 0.480856953278 0.480855303244 0.480789740886 0.480473585412
10000 10000 855 850 5e-18 0.430693267788 0.43069202529 0.430632894385 0.430332298116
10000 10000 855 850 7e-18 0.399656488528 0.399655455811 0.399600734256 0.399313270805
10000 10000 855 850 1e-17 0.356685265451 0.356684478022 0.356636237678 0.356370672401
10000 10000 855 850 2e-17 0.242103323745 0.242102988065 0.242072973764 0.24188207404
10000 10000 855 850 5e-17 0.0751953387549 0.0751953022047 0.075189231729 0.0751315508617
10000 10000 855 850 7e-17 0.0353657319527 0.0353657224035 0.0353636711074 0.035338296372
10000 10000 855 850 1e-16 0.0119774676594 0.0119774663103 0.0119770504341 0.011969380782
10000 10000 855 850 1e-15 1.45071642397e-12 1.45071642397e-12 1.45071642396e-12 1.45067806109e-12
10000 10000 855 850 1e-14 1.78351012924e-71 1.78351012924e-71 1.78351012924e-71 1.78351012924e-71
10000 10000 855 850 1e-12 0.0 0.0 0.0 0.0
10000 10000 855 850 1e-10 0.0 0.0 0.0 0.0
