10000 10000 905 230 1e-22 0.212930057289 0.212709637274 0.0 0.0
10000 10000 905 230 1e-20 0.212858326745 0.212637994764 0.0 0.0
10000 10000 905 230 1e-19 0.212207435513 0.211987902094 0.0 0.0
10000 10000 905 230 2e-19 0.211486761717 0.211268111906 0.0 0.0
10000 10000 905 230 5e-19 0.209340666982 0.209124644931 0.0 0.0
10000 10000 905 230 7e-19 0.207923100926 0.207708811673 0.0 0.0
10000 10000 905 230 1e-18 0.205816282859 0.20560456461 0.0 0.0
10000 10000 905 230 2e-18 0.19895940903 0.198756022191 0.0 0.0
10000 10000 905 230 5e-18 0.179833878509 0.179653427425 0.0 0.0
10000 10000 905 230 7e-18 0.168194812586 0.168028090794 0.0 0.0
10000 10000 905 230 1e-17 0.152235097512 0.152086902291 0.0 0.0
10000 10000 905 230 2e-17 0.10977655938 0.109675769091 0.0 0.0
10000 10000 905 230 5e-17 0.0428629042968 0.0428294756869 0.0 0.0
10000 10000 905 230 7e-17 0.023516734214 0.0235001719498 0.0 0.0
10000 10000 905 230 1e-16 0.00985554651642 0.00984955089642 0.0 0.0
10000 10000 905 230 1e-15 1.03583960062e-10 1.03583827298e-10 0.0 0.0
10000 10000 905 230 1e-14 5.20851156415e-55 5.20851156415e-55 0.0 0.0
10000 10000 905 230 1e-12 0.0 0.0 0.0 0.0
10000 10000 905 230 1e-10 0.0 0.0 0.0 0.0
