10000 10000 1955 310 1e-22 0.0107823821008 0.0107823821008 0.0 0.0
10000 10000 1955 310 1e-20 0.0107794932983 0.0107794932983 0.0 0.0
10000 10000 1955 310 1e-19 0.0107532680853 0.0107532680853 0.0 0.0
10000 10000 1955 310 2e-19 0.010724206213 0.010724206213 0.0 0.0
10000 10000 1955 310 5e-19 0.0106375062183 0.0106375062183 0.0 0.0
10000 10000 1955 310 7e-19 0.0105801085798 0.0105801085798 0.0 0.0
10000 10000 1955 310 1e-18 0.0104946110351 0.0104946110351 0.0 0.0
10000 10000 1955 310 2e-18 0.0102147356624 0.0102147356624 0.0 0.0
10000 10000 1955 310 5e-18 0.00942044059373 0.00942044059373 0.0 0.0
10000 10000 1955 310 7e-18 0.00892658019518 0.00892658019518 0.0 0.0
10000 10000 1955 310 1e-17 0.00823535253946 0.00823535253946 0.0 0.0
10000 10000 1955 310 2e-17 0.00630461238234 0.00630461238234 0.0 0.0
10000 10000 1955 310 5e-17 0.00286690953333 0.00286690953333 0.0 0.0
10000 10000 1955 310 7e-17 0.00171360360237 0.00171360360237 0.0 0.0
10000 10000 1955 310 1e-16 0.000804163113706 0.000804163113706 0.0 0.0
10000 10000 1955 310 1e-15 2.01273088882e-10 2.01273088882e-10 0.0 0.0
10000 10000 1955 310 1e-14 9.67649463695e-57 9.67649463695e-57 0.0 0.0
10000 10000 1955 310 1e-12 0.0 0.0 0.0 0.0
10000 10000 1955 310 1e-10 0.0 0.0 0.0 0.0
