10000 10000 255 200 1e-22 0.457502333042 0.456550882493 0.0 0.0
10000 10000 255 200 1e-20 0.457356013388 0.45640472915 0.0 0.0
10000 10000 255 200 1e-19 0.456027557622 0.455077790458 0.0 0.0
10000 10000 255 200 2e-19 0.454555137563 0.453607066785 0.0 0.0
10000 10000 255 200 5e-19 0.45016089255 0.449217976698 0.0 0.0
10000 10000 255 200 7e-19 0.447250586366 0.446311159831 0.0 0.0
10000 10000 255 200 1e-18 0.442913928193 0.441979810586 0.0 0.0
10000 10000 255 200 2e-18 0.428708043971 0.427792209189 0.0 0.0
10000 10000 255 200 5e-18 0.388383102013 0.387526064874 0.0 0.0
10000 10000 255 200 7e-18 0.36337973575 0.362563780894 0.0 0.0
10000 10000 255 200 1e-17 0.32859613277 0.327842504149 0.0 0.0
10000 10000 255 200 2e-17 0.233980090158 0.233420962038 0.0 0.0
10000 10000 255 200 5e-17 0.0844543636002 0.0842512320934 0.0 0.0
10000 10000 255 200 7e-17 0.0435746712262 0.0434728229127 0.0 0.0
10000 10000 255 200 1e-16 0.0166967355121 0.0166598623453 0.0 0.0
10000 10000 255 200 1e-15 3.22265577836e-11 3.22247995399e-11 0.0 0.0
10000 10000 255 200 1e-14 3.73387712303e-57 3.73387712303e-57 0.0 0.0
10000 10000 255 200 1e-12 0.0 0.0 0.0 0.0
10000 10000 255 200 1e-10 0.0 0.0 0.0 0.0
