10000 10000 2955 1100 1e-22 0.407395312241 0.407395312241 0.407394923322 0.407284022696
10000 10000 2955 1100 1e-20 0.407242082019 0.407242082019 0.407241693362 0.407130836125
10000 10000 2955 1100 1e-19 0.405851856248 0.405851856248 0.405851469963 0.405741006451
10000 10000 2955 1100 2e-19 0.404313011508 0.404313011508 0.404312627842 0.40420260027
10000 10000 2955 1100 5e-19 0.399733177587 0.399733177587 0.39973280167 0.399624072289
10000 10000 2955 1100 7e-19 0.396710284705 0.396710284705 0.396709913865 0.396602041969
10000 10000 2955 1100 1e-18 0.39222093714 0.39222093714 0.392220573786 0.392113976245
10000 10000 2955 1100 2e-18 0.377638358227 0.377638358227 0.377638018736 0.37753556766
10000 10000 2955 1100 5e-18 0.337213745661 0.337213745661 0.337213468648 0.337122560814
10000 10000 2955 1100 7e-18 0.312813347736 0.312813347736 0.312813105767 0.312729192227
10000 10000 2955 1100 1e-17 0.279637094738 0.279637094738 0.279636897109 0.279562511822
10000 10000 2955 1100 2e-17 0.19334545289 0.19334545289 0.193345351862 0.193295697259
10000 10000 2955 1100 5e-17 0.0665274203388 0.0665274203388 0.0665274064791 0.0665126402235
10000 10000 2955 1100 7e-17 0.0336351078333 0.0336351078333 0.0336351040912 0.0336284491798
10000 10000 2955 1100 1e-16 0.012533222687 0.012533222687 0.0125332221553 0.0125311617985
10000 10000 2955 1100 1e-15 1.98410374726e-12 1.98410374726e-12 1.98410374726e-12 1.98410365364e-12
10000 10000 2955 1100 1e-14 5.66604107205e-81 5.66604107205e-81 5.66604107205e-81 5.66604107205e-81
10000 10000 2955 1100 1e-12 0.0 0.0 0.0 0.0
10000 10000 2955 1100 1e-10 0.0 0.0 0.0 0.0
