10000 10000 905 440 1e-22 0.700957171801 0.700924073618 0.700101054299 0.0
10000 10000 905 440 1e-20 0.700742928079 0.700709841281 0.699886900834 0.0
10000 10000 905 440 1e-19 0.698797323536 0.698764340324 0.697942125635 0.0
10000 10000 905 440 2e-19 0.69663991562 0.696607047681 0.695785657669 0.0
10000 10000 905 440 5e-19 0.690195468796 0.690162947683 0.689344144287 0.0
10000 10000 905 440 7e-19 0.685922460929 0.685890171772 0.685073183736 0.0
10000 10000 905 440 1e-18 0.679548153247 0.679516212932 0.678702078762 0.0
10000 10000 905 440 2e-18 0.658609437438 0.658578664772 0.65777509096 0.0
10000 10000 905 440 5e-18 0.598718513081 0.59869122176 0.597926985538 0.0
10000 10000 905 440 7e-18 0.561273187566 0.561248140559 0.560514557425 0.0
10000 10000 905 440 1e-17 0.508824677593 0.508802806248 0.508118850654 0.0
10000 10000 905 440 2e-17 0.364355961683 0.364342595053 0.363827111269 0.0
10000 10000 905 440 5e-17 0.132041232323 0.132038606778 0.131852821812 0.0
10000 10000 905 440 7e-17 0.0680125101687 0.0680116467546 0.0679202818583 0.0
10000 10000 905 440 1e-16 0.0259360355173 0.0259358698706 0.0259038928141 0.0
10000 10000 905 440 1e-15 2.24322144185e-11 2.24322144185e-11 2.24313782409e-11 0.0
10000 10000 905 440 1e-14 9.55304556979e-61 9.55304556979e-61 9.55304556979e-61 0.0
10000 10000 905 440 1e-12 0.0 0.0 0.0 0.0
10000 10000 905 440 1e-10 0.0 0.0 0.0 0.0
