10000 10000 805 370 1e-22 0.648750448445 0.648647268986 0.647152407744 0.0
10000 10000 805 370 1e-20 0.648556602171 0.648453461732 0.646958775273 0.0
10000 10000 805 370 1e-19 0.646796214422 0.646693428469 0.645200342668 0.0
10000 10000 805 370 2e-19 0.644844147458 0.644741754848 0.643250472072 0.0
10000 10000 805 370 5e-19 0.63901281514 0.638911599086 0.637425876402 0.0
10000 10000 805 370 7e-19 0.635146095712 0.635045661008 0.633563767074 0.0
10000 10000 805 370 1e-18 0.629377480232 0.629278212782 0.62780223754 0.0
10000 10000 805 370 2e-18 0.610424470051 0.610329048474 0.608874208266 0.0
10000 10000 805 370 5e-18 0.556166939471 0.556082563803 0.55470139913 0.0
10000 10000 805 370 7e-18 0.522196133806 0.522118649348 0.520792509634 0.0
10000 10000 805 370 1e-17 0.474532821278 0.474464896501 0.473226039361 0.0
10000 10000 805 370 2e-17 0.342566326243 0.342523545438 0.341576544172 0.0
10000 10000 805 370 5e-17 0.126896999713 0.126887161962 0.126524684357 0.0
10000 10000 805 370 7e-17 0.0661310531565 0.0661273811391 0.0659420813224 0.0
10000 10000 805 370 1e-16 0.0255680596913 0.025567196562 0.0254989736003 0.0
10000 10000 805 370 1e-15 5.32599284364e-11 5.32599284361e-11 5.32582002619e-11 0.0
10000 10000 805 370 1e-14 3.2371277398e-58 3.2371277398e-58 3.2371277398e-58 0.0
10000 10000 805 370 1e-12 0.0 0.0 0.0 0.0
10000 10000 805 370 1e-10 0.0 0.0 0.0 0.0
