10000 10000 805 340 1e-22 0.591163123634 0.590999841987 0.588680569699 0.0
10000 10000 805 340 1e-20 0.590980917813 0.590817694286 0.588499065982 0.0
10000 10000 805 340 1e-19 0.589326515904 0.589163820611 0.586851043684 0.0
10000 10000 805 340 2e-19 0.587492551541 0.587330442879 0.585024161016 0.0
10000 10000 805 340 5e-19 0.582017600997 0.581857250085 0.579570411208 0.0
10000 10000 805 340 7e-19 0.578390120656 0.578230939521 0.575957026108 0.0
10000 10000 805 340 1e-18 0.572982690185 0.572825260107 0.570570677486 0.0
10000 10000 805 340 2e-18 0.555251461355 0.555099829008 0.552909145274 0.0
10000 10000 805 340 5e-18 0.504769159417 0.504634388361 0.502629571132 0.0
10000 10000 805 340 7e-18 0.473353194756 0.47322907403 0.471342539737 0.0
10000 10000 805 340 1e-17 0.429496356973 0.429387145966 0.427668618259 0.0
10000 10000 805 340 2e-17 0.30920945935 0.309140042586 0.307895850903 0.0
10000 10000 805 340 5e-17 0.115051770979 0.115035459552 0.114580239762 0.0
10000 10000 805 340 7e-17 0.0604547145653 0.0604485119779 0.0602149103854 0.0
10000 10000 805 340 1e-16 0.0237444934428 0.0237429790621 0.0236552664597 0.0
10000 10000 805 340 1e-15 7.93689000627e-11 7.93689000382e-11 7.93641447721e-11 0.0
10000 10000 805 340 1e-14 9.4690497951e-58 9.4690497951e-58 9.4690497951e-58 0.0
10000 10000 805 340 1e-12 0.0 0.0 0.0 0.0
10000 10000 805 340 1e-10 0.0 0.0 0.0 0.0
