10000 10000 1255 200 1e-22 0.0247884842882 0.0247560306216 0.0 0.0
10000 10000 1255 200 1e-20 0.0247809737248 0.024748531049 0.0 0.0
10000 10000 1255 200 1e-19 0.0247128066133 0.0246804636769 0.0 0.0
10000 10000 1255 200 2e-19 0.0246372988492 0.02460506636 0.0 0.0
10000 10000 1255 200 5e-19 0.0244122417426 0.0243803382444 0.0 0.0
10000 10000 1255 200 7e-19 0.0242634170105 0.0242317308955 0.0 0.0
10000 10000 1255 200 1e-18 0.024041983099 0.0240106201715 0.0 0.0
10000 10000 1255 200 2e-18 0.0233192289146 0.0232889187168 0.0 0.0
10000 10000 1255 200 5e-18 0.0212859204065 0.0212585533523 0.0 0.0
10000 10000 1255 200 7e-18 0.0200353637664 0.0200097923774 0.0 0.0
10000 10000 1255 200 1e-17 0.01830323903 0.0182801349042 0.0 0.0
10000 10000 1255 200 2e-17 0.0135847966182 0.0135682767999 0.0 0.0
10000 10000 1255 200 5e-17 0.00570195285649 0.00569577915863 0.0 0.0
10000 10000 1255 200 7e-17 0.00325591125566 0.00325265864429 0.0 0.0
10000 10000 1255 200 1e-16 0.00143783624263 0.00143656883335 0.0 0.0
10000 10000 1255 200 1e-15 1.57181567543e-10 1.57181496274e-10 0.0 0.0
10000 10000 1255 200 1e-14 8.72172969513e-51 8.72172969513e-51 0.0 0.0
10000 10000 1255 200 1e-12 0.0 0.0 0.0 0.0
10000 10000 1255 200 1e-10 0.0 0.0 0.0 0.0
