10000 10000 455 400 1e-22 0.575964960421 0.575893242575 0.574827976439 0.0
10000 10000 455 400 1e-20 0.575786787021 0.575715086622 0.574649845389 0.0
10000 10000 455 400 1e-19 0.574168611494 0.57409707028 0.573032071394 0.0
10000 10000 455 400 2e-19 0.572373995226 0.572302632078 0.571237935883 0.0
10000 10000 455 400 5e-19 0.567011527046 0.566940705341 0.565877123502 0.0
10000 10000 455 400 7e-19 0.563454543948 0.563384088941 0.562321417128 0.0
10000 10000 455 400 1e-18 0.558146402924 0.558076505983 0.557015440564 0.0
10000 10000 455 400 2e-18 0.540694491945 0.540626515846 0.539572752699 0.0
10000 10000 455 400 5e-18 0.490672933501 0.490611079238 0.489593829672 0.0
10000 10000 455 400 7e-18 0.459345030604 0.459287372312 0.458303347598 0.0
10000 10000 455 400 1e-17 0.415434297194 0.415382844814 0.414456886953 0.0
10000 10000 455 400 2e-17 0.294638653765 0.294605127436 0.293894266277 0.0
10000 10000 455 400 5e-17 0.103200084932 0.103192271091 0.102932168458 0.0
10000 10000 455 400 7e-17 0.0519957508477 0.0519928786668 0.0518648316755 0.0
10000 10000 455 400 1e-16 0.0192558599116 0.0192552111002 0.0192104183396 0.0
10000 10000 455 400 1e-15 2.07368249403e-11 2.07368249397e-11 2.07353088474e-11 0.0
10000 10000 455 400 1e-14 2.90907523613e-59 2.90907523613e-59 2.90907523613e-59 0.0
10000 10000 455 400 1e-12 0.0 0.0 0.0 0.0
10000 10000 455 400 1e-10 0.0 0.0 0.0 0.0
