10000 10000 2955 2850 1e-22 0.00379190291407 0.00379190291407 0.00379190291407 0.00379190291407
10000 10000 2955 2850 1e-20 0.00378907916765 0.00378907916765 0.00378907916765 0.00378907916765
10000 10000 2955 2850 1e-19 0.00376351285733 0.00376351285733 0.00376351285733 0.00376351285733
10000 10000 2955 2850 2e-19 0.00373532452333 0.00373532452333 0.00373532452333 0.00373532452333
10000 10000 2955 2850 5e-19 0.00365212026271 0.00365212026271 0.00365212026271 0.00365212026271
10000 10000 2955 2850 7e-19 0.00359776428478 0.00359776428478 0.00359776428478 0.00359776428478
10000 10000 2955 2850 1e-18 0.00351786071855 0.00351786071855 0.00351786071855 0.00351786071855
10000 10000 2955 2850 2e-18 0.00326502690269 0.00326502690269 0.00326502690269 0.00326502690269
10000 10000 2955 2850 5e-18 0.00261661998652 0.00261661998652 0.00261661998652 0.00261661998652
10000 10000 2955 2850 7e-18 0.00226153676007 0.00226153676007 0.00226153676007 0.00226153676007
10000 10000 2955 2850 1e-17 0.00182126370714 0.00182126370714 0.00182126370714 0.00182126370714
10000 10000 2955 2850 2e-17 0.000898330069527 0.000898330069527 0.000898330069527 0.000898330069527
10000 10000 2955 2850 5e-17 0.00011696294261 0.00011696294261 0.00011696294261 0.00011696294261
10000 10000 2955 2850 7e-17 3.14224824349e-05 3.14224824349e-05 3.14224824349e-05 3.14224824349e-05
10000 10000 2955 2850 1e-16 4.62091646191e-06 4.62091646191e-06 4.62091646191e-06 4.62091646191e-06
10000 10000 2955 2850 1e-15 2.36181318585e-27 2.36181318585e-27 2.36181318585e-27 2.36181318585e-27
10000 10000 2955 2850 1e-14 7.73140798386e-228 7.73140798386e-228 7.73140798386e-228 7.73140798386e-228
10000 10000 2955 2850 1e-12 0.0 0.0 0.0 0.0
10000 10000 2955 2850 1e-10 0.0 0.0 0.0 0.0
