10000 10000 1405 420 1e-22 0.376909200811 0.376895706117 0.376385987196 0.0
10000 10000 1405 420 1e-20 0.376787664122 0.376774176754 0.376264621726 0.0
10000 10000 1405 420 1e-19 0.375684633386 0.375671212435 0.375163145334 0.0
10000 10000 1405 420 2e-19 0.374462940684 0.374449593149 0.373943175064 0.0
10000 10000 1405 420 5e-19 0.370822340093 0.370809210421 0.370307712623 0.0
10000 10000 1405 420 7e-19 0.368415533801 0.368402547404 0.367904307513 0.0
10000 10000 1405 420 1e-18 0.364835443156 0.364822668763 0.364329282336 0.0
10000 10000 1405 420 2e-18 0.353158474547 0.353146382274 0.352668885388 0.0
10000 10000 1405 420 5e-18 0.32038544078 0.32037518464 0.319942723266 0.0
10000 10000 1405 420 7e-18 0.300295254778 0.300286065259 0.299881485835 0.0
10000 10000 1405 420 1e-17 0.272569112649 0.272561318536 0.272195487718 0.0
10000 10000 1405 420 2e-17 0.197823721112 0.197819216003 0.197558684222 0.0
10000 10000 1405 420 5e-17 0.0773953546111 0.0773944715868 0.0773007314363 0.0
10000 10000 1405 420 7e-17 0.0421818064832 0.0421815041605 0.0421335017712 0.0
10000 10000 1405 420 1e-16 0.017403879736 0.0174038178954 0.0173857585332 0.0
10000 10000 1405 420 1e-15 7.61247627128e-11 7.61247627128e-11 7.6122335751e-11 0.0
10000 10000 1405 420 1e-14 1.90263525668e-57 1.90263525668e-57 1.90263525668e-57 0.0
10000 10000 1405 420 1e-12 0.0 0.0 0.0 0.0
10000 10000 1405 420 1e-10 0.0 0.0 0.0 0.0
