10000 10000 1255 800 1e-22 0.657313268346 0.657270516664 0.657067395782 0.656586279372
10000 10000 1255 800 1e-20 0.657073976827 0.657031267849 0.656828269345 0.656347230739
10000 10000 1255 800 1e-19 0.654901882091 0.654859559383 0.654657669958 0.654177343106
10000 10000 1255 800 2e-19 0.652495379392 0.652453481772 0.652252817419 0.651773290666
10000 10000 1255 800 5e-19 0.645319654752 0.645279006926 0.645081972514 0.64460490278
10000 10000 1255 800 7e-19 0.640572297055 0.640532461622 0.640337809898 0.639862423669
10000 10000 1255 800 1e-18 0.633505881392 0.633467234177 0.633276101474 0.632803305296
10000 10000 1255 800 2e-18 0.610423075332 0.610388138502 0.610208273346 0.609744619315
10000 10000 1255 800 5e-18 0.545470360504 0.54544454925 0.545294571976 0.544861825118
10000 10000 1255 800 7e-18 0.505649385313 0.505628289997 0.505495353606 0.505084959866
10000 10000 1255 800 1e-17 0.450881447336 0.450865859169 0.450754821742 0.450378875251
10000 10000 1255 800 2e-17 0.306224023189 0.306218331055 0.306156841619 0.305888718853
10000 10000 1255 800 5e-17 0.0962212197577 0.0962209381039 0.0962095615504 0.0961258768932
10000 10000 1255 800 7e-17 0.0455797388654 0.0455796998935 0.0455757788303 0.0455378938369
10000 10000 1255 800 1e-16 0.015552337349 0.0155523351591 0.0155514878353 0.0155395992032
10000 10000 1255 800 1e-15 2.38560444966e-12 2.38560444966e-12 2.38560444224e-12 2.38548382112e-12
10000 10000 1255 800 1e-14 1.94508436835e-71 1.94508436835e-71 1.94508436835e-71 1.94508436835e-71
10000 10000 1255 800 1e-12 0.0 0.0 0.0 0.0
10000 10000 1255 800 1e-10 0.0 0.0 0.0 0.0
