10000 10000 555 460 1e-22 0.591229548024 0.591197430325 0.590534795253 0.0
10000 10000 555 460 1e-20 0.59104196354 0.591009855472 0.590347234672 0.0
10000 10000 555 460 1e-19 0.589338432421 0.589306412182 0.588643932355 0.0
10000 10000 555 460 2e-19 0.587449398089 0.587417476008 0.586755176315 0.0
10000 10000 555 460 5e-19 0.581806328893 0.581774704702 0.581113090267 0.0
10000 10000 555 460 7e-19 0.578064480173 0.578033057248 0.577372016818 0.0
10000 10000 555 460 1e-18 0.572482324183 0.572451206823 0.571791196243 0.0
10000 10000 555 460 2e-18 0.554145158028 0.554115085837 0.55345986491 0.0
10000 10000 555 460 5e-18 0.501717810914 0.501691006238 0.501060206628 0.0
10000 10000 555 460 7e-18 0.468981976306 0.468957358646 0.468348829572 0.0
10000 10000 555 460 1e-17 0.423226601894 0.423205143159 0.422635365289 0.0
10000 10000 555 460 2e-17 0.298164912191 0.298152056057 0.297723313292 0.0
10000 10000 555 460 5e-17 0.102882062232 0.102879768591 0.102732061785 0.0
10000 10000 555 460 7e-17 0.0515033488773 0.0515026427758 0.0514322785619 0.0
10000 10000 555 460 1e-16 0.0189595498285 0.0189594263591 0.0189357437065 0.0
10000 10000 555 460 1e-15 9.19386792957e-12 9.19386792957e-12 9.19338643248e-12 0.0
10000 10000 555 460 1e-14 4.7365663966e-67 4.7365663966e-67 4.7365663966e-67 0.0
10000 10000 555 460 1e-12 0.0 0.0 0.0 0.0
10000 10000 555 460 1e-10 0.0 0.0 0.0 0.0
