10000 10000 1255 450 1e-22 0.533528426629 0.533517417624 0.53295836773 0.0
10000 10000 1255 450 1e-20 0.533364767359 0.533353763376 0.532794848067 0.0
10000 10000 1255 450 1e-19 0.531879007906 0.53186804951 0.531310358234 0.0
10000 10000 1255 450 2e-19 0.530232496489 0.530221588614 0.529665258468 0.0
10000 10000 1255 450 5e-19 0.525320260578 0.525309503433 0.524757262967 0.0
10000 10000 1255 450 7e-19 0.522068118647 0.522057461284 0.521507951902 0.0
10000 10000 1255 450 1e-18 0.517223793059 0.517213284295 0.516667877298 0.0
10000 10000 1255 450 2e-18 0.501367449679 0.501357426676 0.500825726019 0.0
10000 10000 1255 450 5e-18 0.456423673779 0.456415015011 0.455924310691 0.0
10000 10000 1255 450 7e-18 0.428568119529 0.428560289877 0.428096423839 0.0
10000 10000 1255 450 1e-17 0.389772898933 0.38976619243 0.38934128053 0.0
10000 10000 1255 450 2e-17 0.283437641208 0.283433734084 0.283122886792 0.0
10000 10000 1255 450 5e-17 0.109045967886 0.109045267625 0.108932234164 0.0
10000 10000 1255 450 7e-17 0.0583691507149 0.0583689326281 0.0583118800653 0.0
10000 10000 1255 450 1e-16 0.0234122314408 0.0234121932087 0.0233913867955 0.0
10000 10000 1255 450 1e-15 4.86438938297e-11 4.86438938297e-11 4.86432343331e-11 0.0
10000 10000 1255 450 1e-14 3.29400170781e-58 3.29400170781e-58 3.29400170781e-58 0.0
10000 10000 1255 450 1e-12 0.0 0.0 0.0 0.0
10000 10000 1255 450 1e-10 0.0 0.0 0.0 0.0
