10000 10000 1205 440 1e-22 0.555247945043 0.555221135354 0.554611792949 0.0
10000 10000 1205 440 1e-20 0.55507848438 0.555051689103 0.554442500417 0.0
10000 10000 1205 440 1e-19 0.553539940454 0.553513275865 0.552905484787 0.0
10000 10000 1205 440 2e-19 0.551834688014 0.551808167966 0.551201930083 0.0
10000 10000 1205 440 5e-19 0.546745688814 0.546719598184 0.546118021215 0.0
10000 10000 1205 440 7e-19 0.543375292746 0.543349484915 0.542751015783 0.0
10000 10000 1205 440 1e-18 0.538353042227 0.538327653423 0.537733845823 0.0
10000 10000 1205 440 2e-18 0.521900037687 0.521876001597 0.521297714205 0.0
10000 10000 1205 440 5e-18 0.475159022826 0.475138659341 0.474606391568 0.0
10000 10000 1205 440 7e-18 0.44612325914 0.446105047288 0.445602658652 0.0
10000 10000 1205 440 1e-17 0.405618808217 0.405603426721 0.405144153052 0.0
10000 10000 1205 440 2e-17 0.294375924706 0.294367239699 0.294033070173 0.0
10000 10000 1205 440 5e-17 0.112268432059 0.112266908336 0.112147003763 0.0
10000 10000 1205 440 7e-17 0.0597661068179 0.0597656262737 0.0597055832513 0.0
10000 10000 1205 440 1e-16 0.0238106905403 0.0238106032354 0.0237889205002 0.0
10000 10000 1205 440 1e-15 4.76829286989e-11 4.76829286989e-11 4.76821297014e-11 0.0
10000 10000 1205 440 1e-14 1.77085650214e-59 1.77085650214e-59 1.77085650214e-59 0.0
10000 10000 1205 440 1e-12 0.0 0.0 0.0 0.0
10000 10000 1205 440 1e-10 0.0 0.0 0.0 0.0
