10000 10000 1055 440 1e-22 0.628624102057 0.62859433738 0.627856604861 0.0
10000 10000 1055 440 1e-20 0.628430522267 0.628400773504 0.627663177704 0.0
10000 10000 1055 440 1e-19 0.626672849386 0.626643244964 0.625906895473 0.0
10000 10000 1055 440 2e-19 0.62472441101 0.624694966261 0.623960008652 0.0
10000 10000 1055 440 5e-19 0.61890774449 0.618878774322 0.618148035724 0.0
10000 10000 1055 440 7e-19 0.615053866524 0.615025209062 0.61429731783 0.0
10000 10000 1055 440 1e-18 0.609308942306 0.609280748419 0.608557177459 0.0
10000 10000 1055 440 2e-18 0.590470700425 0.590444004859 0.589735217986 0.0
10000 10000 1055 440 5e-18 0.536827305583 0.53680468969 0.536142783482 0.0
10000 10000 1055 440 7e-18 0.503431528245 0.503411308563 0.502781790093 0.0
10000 10000 1055 440 1e-17 0.456787147044 0.456770083687 0.456189372943 0.0
10000 10000 1055 440 2e-17 0.328667436293 0.328657842125 0.328228268029 0.0
10000 10000 1055 440 5e-17 0.121369775516 0.121368113351 0.121213777155 0.0
10000 10000 1055 440 7e-17 0.0632260147718 0.0632254929308 0.0631489898742 0.0
10000 10000 1055 440 1e-16 0.0244527209456 0.0244526261399 0.0244254935265 0.0
10000 10000 1055 440 1e-15 3.84108701496e-11 3.84108701496e-11 3.84098632343e-11 0.0
10000 10000 1055 440 1e-14 7.21186816687e-58 7.21186816687e-58 7.21186816687e-58 0.0
10000 10000 1055 440 1e-12 0.0 0.0 0.0 0.0
10000 10000 1055 440 1e-10 0.0 0.0 0.0 0.0
