10000 10000 1455 380 1e-22 0.232033032219 0.232014441714 0.231435413138 0.0
10000 10000 1455 380 1e-20 0.231956818496 0.231938239151 0.231359433901 0.0
10000 10000 1455 380 1e-19 0.231265190918 0.231246712695 0.230669933462 0.0
10000 10000 1455 380 2e-19 0.230499296812 0.230480930232 0.22990639325 0.0
10000 10000 1455 380 5e-19 0.228217814409 0.228199778299 0.227631912395 0.0
10000 10000 1455 380 7e-19 0.226710223717 0.22669240426 0.226128939751 0.0
10000 10000 1455 380 1e-18 0.224468731232 0.22445123137 0.223894300778 0.0
10000 10000 1455 380 2e-18 0.217166265068 0.217149785537 0.216614056642 0.0
10000 10000 1455 380 5e-18 0.196738701427 0.196724908287 0.196247771698 0.0
10000 10000 1455 380 7e-18 0.18426430544 0.184252032873 0.183810129847 0.0
10000 10000 1455 380 1e-17 0.167105739204 0.167095412219 0.166701248097 0.0
10000 10000 1455 380 2e-17 0.121150433293 0.12114450529 0.120873555867 0.0
10000 10000 1455 380 5e-17 0.0477572929291 0.0477560100167 0.0476634201131 0.0
10000 10000 1455 380 7e-17 0.0262875970281 0.0262871016438 0.0262402733498 0.0
10000 10000 1455 380 1e-16 0.0110463487527 0.011046222724 0.0110287333776 0.0
10000 10000 1455 380 1e-15 1.50829990442e-10 1.50829990441e-10 1.50828979223e-10 0.0
10000 10000 1455 380 1e-14 2.68064610662e-57 2.68064610662e-57 2.68064610662e-57 0.0
10000 10000 1455 380 1e-12 0.0 0.0 0.0 0.0
10000 10000 1455 380 1e-10 0.0 0.0 0.0 0.0
