10000 10000 1255 950 1e-22 0.523455710375 0.523426925712 0.523356892237 0.523065534611
10000 10000 1255 950 1e-20 0.523237090813 0.523208336314 0.523138334419 0.5228470361
10000 10000 1255 950 1e-19 0.521253634542 0.521225152816 0.52115543768 0.520864680977
10000 10000 1255 950 2e-19 0.519058217003 0.519030035323 0.518960638107 0.518670488332
10000 10000 1255 950 5e-19 0.512524881026 0.512497580641 0.512429132656 0.512140834943
10000 10000 1255 950 7e-19 0.508213135514 0.508186407287 0.508118588252 0.507831550171
10000 10000 1255 950 1e-18 0.501810664457 0.501784772052 0.501717890455 0.501432776998
10000 10000 1255 950 2e-18 0.481024448873 0.481001158224 0.480937346905 0.480658919983
10000 10000 1255 950 5e-18 0.423549307286 0.423532355119 0.423477200288 0.423220569651
10000 10000 1255 950 7e-18 0.389024923169 0.389011205865 0.388961325093 0.388719958199
10000 10000 1255 950 1e-17 0.342393117987 0.342383132762 0.342340398947 0.342121999627
10000 10000 1255 950 2e-17 0.223847058148 0.223843591561 0.22381862025 0.223669007609
10000 10000 1255 950 5e-17 0.064634215142 0.0646340687641 0.0646293684841 0.064587756516
10000 10000 1255 950 7e-17 0.0293624865858 0.0293624685617 0.0293609086595 0.0293433959595
10000 10000 1255 950 1e-16 0.00953707436943 0.00953707354647 0.00953676300622 0.00953180415756
10000 10000 1255 950 1e-15 8.6629664273e-13 8.6629664273e-13 8.6629664273e-13 8.66293332911e-13
10000 10000 1255 950 1e-14 1.48157139449e-78 1.48157139449e-78 1.48157139449e-78 1.48157139449e-78
10000 10000 1255 950 1e-12 0.0 0.0 0.0 0.0
10000 10000 1255 950 1e-10 0.0 0.0 0.0 0.0
