10000 10000 1355 400 1e-22 0.367269786789 0.367253882515 0.366692580151 0.0
10000 10000 1355 400 1e-20 0.367152195952 0.367136299469 0.366575179435 0.0
10000 10000 1355 400 1e-19 0.366084945257 0.366069119432 0.365509654496 0.0
10000 10000 1355 400 2e-19 0.364902815864 0.364887068182 0.364329437078 0.0
10000 10000 1355 400 5e-19 0.361379701802 0.36136418625 0.360812024125 0.0
10000 10000 1355 400 7e-19 0.359050228239 0.359034865545 0.358486322404 0.0
10000 10000 1355 400 1e-18 0.355584671398 0.355569535184 0.355026380214 0.0
10000 10000 1355 400 2e-18 0.344277134094 0.34426272905 0.343737188624 0.0
10000 10000 1355 400 5e-18 0.312507150486 0.312494734058 0.312018933787 0.0
10000 10000 1355 400 7e-18 0.293007272666 0.292996026892 0.292550910407 0.0
10000 10000 1355 400 1e-17 0.266065406679 0.266055712554 0.265653134816 0.0
10000 10000 1355 400 2e-17 0.193264276167 0.193258358577 0.192971060813 0.0
10000 10000 1355 400 5e-17 0.0755411627972 0.0755397840852 0.075435564409 0.0
10000 10000 1355 400 7e-17 0.0410905382695 0.0410900021582 0.0410364498069 0.0
10000 10000 1355 400 1e-16 0.0169015758519 0.0169014402058 0.0168812696484 0.0
10000 10000 1355 400 1e-15 8.11294424161e-11 8.11294424158e-11 8.11277111062e-11 0.0
10000 10000 1355 400 1e-14 7.78049316244e-58 7.78049316244e-58 7.78049316244e-58 0.0
10000 10000 1355 400 1e-12 0.0 0.0 0.0 0.0
10000 10000 1355 400 1e-10 0.0 0.0 0.0 0.0
