10000 10000 1055 410 1e-22 0.593367897911 0.593336661263 0.592497816941 0.0
10000 10000 1055 410 1e-20 0.593185994006 0.593154768841 0.592316119721 0.0
10000 10000 1055 410 1e-19 0.591534446034 0.591503325198 0.590666451868 0.0
10000 10000 1055 410 2e-19 0.58970388024 0.589672875214 0.58883797749 0.0
10000 10000 1055 410 5e-19 0.584240511839 0.584209853492 0.583380897412 0.0
10000 10000 1055 410 7e-19 0.580621857908 0.580591430011 0.579766446368 0.0
10000 10000 1055 410 1e-18 0.57522922685 0.57519914354 0.574380133603 0.0
10000 10000 1055 410 2e-18 0.557559357002 0.557530411607 0.556731414309 0.0
10000 10000 1055 410 5e-18 0.507338422819 0.507312765007 0.506574039548 0.0
10000 10000 1055 410 7e-18 0.476129875793 0.476106281474 0.475407277678 0.0
10000 10000 1055 410 1e-17 0.432589751379 0.432569033097 0.43192796447 0.0
10000 10000 1055 410 2e-17 0.313069280363 0.31305618976 0.312586053233 0.0
10000 10000 1055 410 5e-17 0.118224978468 0.118221993962 0.118050432832 0.0
10000 10000 1055 410 7e-17 0.0625040755713 0.0625029842491 0.0624161188346 0.0
10000 10000 1055 410 1e-16 0.0246371328622 0.0246368895069 0.0246050016085 0.0
10000 10000 1055 410 1e-15 5.68377911216e-11 5.68377911216e-11 5.68362155337e-11 0.0
10000 10000 1055 410 1e-14 2.94912318039e-59 2.94912318039e-59 2.94912318039e-59 0.0
10000 10000 1055 410 1e-12 0.0 0.0 0.0 0.0
10000 10000 1055 410 1e-10 0.0 0.0 0.0 0.0
