10000 10000 1155 150 1e-22 0.00758186161676 0.0 0.0 0.0
10000 10000 1155 150 1e-20 0.00757966796401 0.0 0.0 0.0
10000 10000 1155 150 1e-19 0.0075597556033 0.0 0.0 0.0
10000 10000 1155 150 2e-19 0.0075376938912 0.0 0.0 0.0
10000 10000 1155 150 5e-19 0.00747190547958 0.0 0.0 0.0
10000 10000 1155 150 7e-19 0.00742837510178 0.0 0.0 0.0
10000 10000 1155 150 1e-18 0.00736356832795 0.0 0.0 0.0
10000 10000 1155 150 2e-18 0.00715171704485 0.0 0.0 0.0
10000 10000 1155 150 5e-18 0.0065530099919 0.0 0.0 0.0
10000 10000 1155 150 7e-18 0.00618274408526 0.0 0.0 0.0
10000 10000 1155 150 1e-17 0.0056672384674 0.0 0.0 0.0
10000 10000 1155 150 2e-17 0.00424638721883 0.0 0.0 0.0
10000 10000 1155 150 5e-17 0.00181166069015 0.0 0.0 0.0
10000 10000 1155 150 7e-17 0.00103858267044 0.0 0.0 0.0
10000 10000 1155 150 1e-16 0.000458713098391 0.0 0.0 0.0
10000 10000 1155 150 1e-15 2.14948637026e-09 0.0 0.0 0.0
10000 10000 1155 150 1e-14 4.36979951969e-38 0.0 0.0 0.0
10000 10000 1155 150 1e-12 0.0 0.0 0.0 0.0
10000 10000 1155 150 1e-10 0.0 0.0 0.0 0.0
