10000 10000 2955 2900 1e-22 0.00292954872039 0.00292954872039 0.00292954872039 0.00292954872039
10000 10000 2955 2900 1e-20 0.00292733311057 0.00292733311057 0.00292733311057 0.00292733311057
10000 10000 2955 2900 1e-19 0.00290727401647 0.00290727401647 0.00290727401647 0.00290727401647
10000 10000 2955 2900 2e-19 0.00288516006606 0.00288516006606 0.00288516006606 0.00288516006606
10000 10000 2955 2900 5e-19 0.00281990036506 0.00281990036506 0.00281990036506 0.00281990036506
10000 10000 2955 2900 7e-19 0.00277727928887 0.00277727928887 0.00277727928887 0.00277727928887
10000 10000 2955 2900 1e-18 0.00271464372568 0.00271464372568 0.00271464372568 0.00271464372568
10000 10000 2955 2900 2e-18 0.00251659416289 0.00251659416289 0.00251659416289 0.00251659416289
10000 10000 2955 2900 5e-18 0.00200980539707 0.00200980539707 0.00200980539707 0.00200980539707
10000 10000 2955 2900 7e-18 0.00173307238141 0.00173307238141 0.00173307238141 0.00173307238141
10000 10000 2955 2900 1e-17 0.00139090071472 0.00139090071472 0.00139090071472 0.00139090071472
10000 10000 2955 2900 2e-17 0.00067831615468 0.00067831615468 0.00067831615468 0.00067831615468
10000 10000 2955 2900 5e-17 8.52295367783e-05 8.52295367783e-05 8.52295367783e-05 8.52295367783e-05
10000 10000 2955 2900 7e-17 2.23342596497e-05 2.23342596497e-05 2.23342596497e-05 2.23342596497e-05
10000 10000 2955 2900 1e-16 3.17318295524e-06 3.17318295524e-06 3.17318295524e-06 3.17318295524e-06
10000 10000 2955 2900 1e-15 2.24722940743e-27 2.24722940743e-27 2.24722940743e-27 2.24722940743e-27
10000 10000 2955 2900 1e-14 1.09270171388e-229 1.09270171388e-229 1.09270171388e-229 1.09270171388e-229
10000 10000 2955 2900 1e-12 0.0 0.0 0.0 0.0
10000 10000 2955 2900 1e-10 0.0 0.0 0.0 0.0
