10000 10000 705 370 1e-22 0.683440467814 0.683341995093 0.681618815743 0.0
10000 10000 705 370 1e-20 0.68322917303 0.6831307292 0.681407804222 0.0
10000 10000 705 370 1e-19 0.681310368159 0.681212187368 0.679491586077 0.0
10000 10000 705 370 2e-19 0.679182719282 0.679084831556 0.677366835594 0.0
10000 10000 705 370 5e-19 0.672827438433 0.672730434664 0.671020398836 0.0
10000 10000 705 370 7e-19 0.668613786688 0.668517375898 0.666812762955 0.0
10000 10000 705 370 1e-18 0.662328390254 0.662232873876 0.660536561666 0.0
10000 10000 705 370 2e-18 0.641685103937 0.641592603137 0.639925281776 0.0
10000 10000 705 370 5e-18 0.5826739531 0.582590621425 0.581019655861 0.0
10000 10000 705 370 7e-18 0.54581081878 0.54573352584 0.544231869753 0.0
10000 10000 705 370 1e-17 0.494228495869 0.494159908529 0.492765587572 0.0
10000 10000 705 370 2e-17 0.352536133383 0.352491833995 0.351443923766 0.0
10000 10000 705 370 5e-17 0.126486551737 0.126476122793 0.126090286264 0.0
10000 10000 705 370 7e-17 0.064821284575 0.0648173705809 0.0646241734367 0.0
10000 10000 705 370 1e-16 0.0245815425094 0.0245806157335 0.0245112275347 0.0
10000 10000 705 370 1e-15 5.49930977088e-11 5.49930977083e-11 5.49909735062e-11 0.0
10000 10000 705 370 1e-14 4.11856799652e-58 4.11856799652e-58 4.11856799652e-58 0.0
10000 10000 705 370 1e-12 0.0 0.0 0.0 0.0
10000 10000 705 370 1e-10 0.0 0.0 0.0 0.0
