10000 10000 255 210 1e-22 0.44473143443 0.443951730294 0.0 0.0
10000 10000 255 210 1e-20 0.444585459808 0.443805870971 0.0 0.0
10000 10000 255 210 1e-19 0.443260180014 0.442481645372 0.0 0.0
10000 10000 255 210 2e-19 0.441791371803 0.441014021048 0.0 0.0
10000 10000 255 210 5e-19 0.437408484791 0.436634762812 0.0 0.0
10000 10000 255 210 7e-19 0.434506184208 0.433734943472 0.0 0.0
10000 10000 255 210 1e-18 0.430182181116 0.429414751033 0.0 0.0
10000 10000 255 210 2e-18 0.416024019386 0.415269994703 0.0 0.0
10000 10000 255 210 5e-18 0.375891336564 0.375182478654 0.0 0.0
10000 10000 255 210 7e-18 0.351054281219 0.350378171608 0.0 0.0
10000 10000 255 210 1e-17 0.316570973535 0.315945678554 0.0 0.0
10000 10000 255 210 2e-17 0.223282509514 0.222820214471 0.0 0.0
10000 10000 255 210 5e-17 0.0783652628679 0.0782036651098 0.0 0.0
10000 10000 255 210 7e-17 0.0397660596711 0.0396875142759 0.0 0.0
10000 10000 255 210 1e-16 0.0149164795267 0.0148892863783 0.0 0.0
10000 10000 255 210 1e-15 5.36898320219e-11 5.36883708123e-11 0.0 0.0
10000 10000 255 210 1e-14 1.13471153857e-52 1.13471153857e-52 0.0 0.0
10000 10000 255 210 1e-12 0.0 0.0 0.0 0.0
10000 10000 255 210 1e-10 0.0 0.0 0.0 0.0
