10000 10000 1155 1150 1e-22 0.397655691656 0.397655691656 0.397625740724 0.397472610748
10000 10000 1155 1150 1e-20 0.39748170968 0.39748170968 0.397451792835 0.397298733184
10000 10000 1155 1150 1e-19 0.395903544186 0.395903544186 0.395873935228 0.395721513293
10000 10000 1155 1150 2e-19 0.394157378846 0.394157378846 0.394128107806 0.393976391077
10000 10000 1155 1150 5e-19 0.388964995201 0.388964995201 0.388936712126 0.38878709001
10000 10000 1155 1150 7e-19 0.385541508282 0.385541508282 0.385513862954 0.385365620001
10000 10000 1155 1150 1e-18 0.380462787394 0.380462787394 0.380436068493 0.380289868924
10000 10000 1155 1150 2e-18 0.364013191111 0.364013191111 0.363989316111 0.363849715725
10000 10000 1155 1150 5e-18 0.318830138064 0.318830138064 0.318812935134 0.318691350656
10000 10000 1155 1150 7e-18 0.291895067454 0.291895067454 0.29188112933 0.291770239925
10000 10000 1155 1150 1e-17 0.255751837335 0.255751837335 0.255741554072 0.255644998886
10000 10000 1155 1150 2e-17 0.165086180516 0.165086180516 0.165082104745 0.165021518928
10000 10000 1155 1150 5e-17 0.0463906055008 0.0463906055008 0.0463901970276 0.0463755888967
10000 10000 1155 1150 7e-17 0.0207857594166 0.0207857594166 0.020785656594 0.0207799491728
10000 10000 1155 1150 1e-16 0.00662856309973 0.00662856309973 0.00662854918224 0.00662710368416
10000 10000 1155 1150 1e-15 2.86416625365e-13 2.86416625365e-13 2.86416625365e-13 2.86416617195e-13
10000 10000 1155 1150 1e-14 4.67927944485e-87 4.67927944485e-87 4.67927944485e-87 4.67927944485e-87
10000 10000 1155 1150 1e-12 0.0 0.0 0.0 0.0
10000 10000 1155 1150 1e-10 0.0 0.0 0.0 0.0
