10000 10000 1405 340 1e-22 0.18929251888 0.189274551673 0.188626952367 0.0
10000 10000 1405 340 1e-20 0.189236006988 0.18921804752 0.188570643336 0.0
10000 10000 1405 340 1e-19 0.188723032033 0.18870514276 0.188059509924 0.0
10000 10000 1405 340 2e-19 0.188154682985 0.188136871385 0.187493201446 0.0
10000 10000 1405 340 5e-19 0.186459840199 0.186442259589 0.185804445185 0.0
10000 10000 1405 340 7e-19 0.185338400903 0.185320972613 0.184687034384 0.0
10000 10000 1405 340 1e-18 0.183668830783 0.183651628491 0.183023463483 0.0
10000 10000 1405 340 2e-18 0.178211171026 0.178194701015 0.17758542814 0.0
10000 10000 1405 340 5e-18 0.162791707372 0.162777251583 0.162221506744 0.0
10000 10000 1405 340 7e-18 0.153262374723 0.153249122236 0.152726556281 0.0
10000 10000 1405 340 1e-17 0.140009864382 0.139998230597 0.139521906678 0.0
10000 10000 1405 340 2e-17 0.103641428787 0.103633885588 0.103284785332 0.0
10000 10000 1405 340 5e-17 0.04252695189 0.0425248700068 0.0423879449069 0.0
10000 10000 1405 340 7e-17 0.023775354888 0.023774460622 0.0237007281539 0.0
10000 10000 1405 340 1e-16 0.0101352395652 0.0101349818297 0.0101054704911 0.0
10000 10000 1405 340 1e-15 1.57593089115e-10 1.57593089063e-10 1.57590478344e-10 0.0
10000 10000 1405 340 1e-14 5.408229936e-58 5.408229936e-58 5.408229936e-58 0.0
10000 10000 1405 340 1e-12 0.0 0.0 0.0 0.0
10000 10000 1405 340 1e-10 0.0 0.0 0.0 0.0
