10000 10000 1255 600 1e-22 0.694460751365 0.694410015962 0.694014956922 0.693057883376
10000 10000 1255 600 1e-20 0.694245089081 0.694194397138 0.693799479626 0.692842438917
10000 10000 1255 600 1e-19 0.692286526922 0.692236228357 0.691842596286 0.690885866658
10000 10000 1255 600 2e-19 0.690114594435 0.690064729354 0.68967252304 0.688716165369
10000 10000 1255 600 5e-19 0.683625815088 0.683577228032 0.683189282832 0.682234203551
10000 10000 1255 600 7e-19 0.67932266433 0.679274910923 0.678889792703 0.677935697459
10000 10000 1255 600 1e-18 0.672902346508 0.672855816659 0.672474917697 0.671522489033
10000 10000 1255 600 2e-18 0.6518046738 0.651761999138 0.651394972137 0.650449639342
10000 10000 1255 600 5e-18 0.591414514301 0.591381581975 0.591054223127 0.590141799596
10000 10000 1255 600 7e-18 0.553644235621 0.553616520831 0.55331384968 0.552430496638
10000 10000 1255 600 1e-17 0.500756004362 0.50073459813 0.50046620045 0.499633156011
10000 10000 1255 600 2e-17 0.355466057993 0.355456968533 0.355279758322 0.354632726927
10000 10000 1255 600 5e-17 0.125169570856 0.125168837418 0.12511962564 0.12487204388
10000 10000 1255 600 7e-17 0.0633231234488 0.0633229786395 0.0633017392776 0.0631761399281
10000 10000 1255 600 1e-16 0.0235804311748 0.0235804171784 0.0235741366623 0.0235282391016
10000 10000 1255 600 1e-15 1.79984400343e-11 1.79984400343e-11 1.79984341544e-11 1.79930813225e-11
10000 10000 1255 600 1e-14 9.16797946304e-61 9.16797946304e-61 9.16797946304e-61 9.16797946304e-61
10000 10000 1255 600 1e-12 0.0 0.0 0.0 0.0
10000 10000 1255 600 1e-10 0.0 0.0 0.0 0.0
