10000 10000 455 380 1e-22 0.588283879047 0.588184383924 0.586789170863 0.0
10000 10000 455 380 1e-20 0.588096112854 0.587996642563 0.586601543929 0.0
10000 10000 455 380 1e-19 0.586391063241 0.586291819326 0.584897776909 0.0
10000 10000 455 380 2e-19 0.584500620348 0.584401629244 0.583008793833 0.0
10000 10000 455 380 5e-19 0.578855035456 0.578756810558 0.577367802245 0.0
10000 10000 455 380 7e-19 0.57511288485 0.575015176891 0.57362888664 0.0
10000 10000 455 380 1e-18 0.569532242439 0.569435318437 0.568053345383 0.0
10000 10000 455 380 2e-18 0.551215690469 0.551121443708 0.549755789338 0.0
10000 10000 455 380 5e-18 0.498960439275 0.498874588567 0.49757211165 0.0
10000 10000 455 380 7e-18 0.46639995072 0.466319790575 0.465067796154 0.0
10000 10000 455 380 1e-17 0.420953277035 0.420881493719 0.419712382875 0.0
10000 10000 455 380 2e-17 0.296934663848 0.296887100435 0.296004238398 0.0
10000 10000 455 380 5e-17 0.103021447209 0.103009617103 0.102693093621 0.0
10000 10000 455 380 7e-17 0.0517263257045 0.0517217641813 0.0515667928776 0.0
10000 10000 455 380 1e-16 0.0190929900422 0.0190918741554 0.0190378408532 0.0
10000 10000 455 380 1e-15 2.13718514498e-11 2.13718514389e-11 2.13699828642e-11 0.0
10000 10000 455 380 1e-14 4.35003545538e-58 4.35003545538e-58 4.35003545538e-58 0.0
10000 10000 455 380 1e-12 0.0 0.0 0.0 0.0
10000 10000 455 380 1e-10 0.0 0.0 0.0 0.0
