10000 10000 1155 900 1e-22 0.556825339074 0.556798249119 0.556718943346 0.556374790901
10000 10000 1155 900 1e-20 0.556600953803 0.556573895872 0.556494617261 0.55615052414
10000 10000 1155 900 1e-19 0.554564859811 0.554538091245 0.554459059792 0.554115509539
10000 10000 1155 900 2e-19 0.552310492345 0.552284041608 0.55220528524 0.551862345601
10000 10000 1155 900 5e-19 0.545597469498 0.545571949416 0.545494020973 0.545152958589
10000 10000 1155 900 7e-19 0.541163659118 0.541138740909 0.541061366376 0.540721591843
10000 10000 1155 900 1e-18 0.534574856572 0.534550814227 0.534474272989 0.53413648185
10000 10000 1155 900 2e-18 0.513142214984 0.513120872466 0.513047122291 0.512716345366
10000 10000 1155 900 5e-18 0.453556493959 0.4535415419 0.453476121206 0.453169092582
10000 10000 1155 900 7e-18 0.417541881048 0.417530071636 0.417470020755 0.417180127218
10000 10000 1155 900 1e-17 0.368638899264 0.368630593336 0.368578134633 0.368314512424
10000 10000 1155 900 2e-17 0.243006190144 0.243003571865 0.242971392169 0.242788563358
10000 10000 1155 900 5e-17 0.071140362403 0.0711402612771 0.0711337003984 0.0710815932622
10000 10000 1155 900 7e-17 0.0324485839929 0.0324485696391 0.0324463192938 0.0324240630543
10000 10000 1155 900 1e-16 0.010550125375 0.0105501242823 0.0105496578856 0.0105432104429
10000 10000 1155 900 1e-15 1.97809459157e-12 1.97809459157e-12 1.97809459157e-12 1.97807464356e-12
10000 10000 1155 900 1e-14 1.60249357476e-65 1.60249357476e-65 1.60249357476e-65 1.60249357476e-65
10000 10000 1155 900 1e-12 0.0 0.0 0.0 0.0
10000 10000 1155 900 1e-10 0.0 0.0 0.0 0.0
