10000 10000 1105 430 1e-22 0.577842252991 0.577809065406 0.577069820704 0.0
10000 10000 1105 430 1e-20 0.577664660313 0.577631489281 0.576892407382 0.0
10000 10000 1105 430 1e-19 0.57605223831 0.576019217439 0.575281617187 0.0
10000 10000 1105 430 2e-19 0.574265004711 0.574232150007 0.573496199418 0.0
10000 10000 1105 430 5e-19 0.568930749275 0.568898388799 0.568167407582 0.0
10000 10000 1105 430 7e-19 0.565397441915 0.565365407378 0.564637755065 0.0
10000 10000 1105 430 1e-18 0.560131752605 0.560100201685 0.559377564767 0.0
10000 10000 1105 430 2e-18 0.542875914708 0.542845930491 0.542140172624 0.0
10000 10000 1105 430 5e-18 0.493818809555 0.49379312171 0.49313879533 0.0
10000 10000 1105 430 7e-18 0.463326986964 0.463303846215 0.462683806596 0.0
10000 10000 1105 430 1e-17 0.420783604735 0.420763850604 0.420194250109 0.0
10000 10000 1105 430 2e-17 0.304032531171 0.304020982392 0.303602293237 0.0
10000 10000 1105 430 5e-17 0.114225494246 0.114223243252 0.114071755552 0.0
10000 10000 1105 430 7e-17 0.0602389565793 0.0602381933012 0.0601622810757 0.0
10000 10000 1105 430 1e-16 0.0237052444534 0.0237050892684 0.0236776531286 0.0
10000 10000 1105 430 1e-15 5.88519781997e-11 5.88519781997e-11 5.88503967562e-11 0.0
10000 10000 1105 430 1e-14 1.6520575621e-58 1.6520575621e-58 1.6520575621e-58 0.0
10000 10000 1105 430 1e-12 0.0 0.0 0.0 0.0
10000 10000 1105 430 1e-10 0.0 0.0 0.0 0.0
