10000 10000 455 340 1e-22 0.600763224024 0.600546719123 0.598157839576 0.0
10000 10000 455 340 1e-20 0.60057235612 0.600355917299 0.597967399477 0.0
10000 10000 455 340 1e-19 0.598839230471 0.59862339299 0.59623818004 0.0
10000 10000 455 340 2e-19 0.596917846235 0.596702678176 0.594321171677 0.0
10000 10000 455 340 5e-19 0.591181010547 0.59096785819 0.588597681992 0.0
10000 10000 455 340 7e-19 0.587379304454 0.587167501511 0.584805048501 0.0
10000 10000 455 340 1e-18 0.581711182578 0.581501411056 0.579150785362 0.0
10000 10000 455 340 2e-18 0.563118108929 0.562915155123 0.56060587159 0.0
10000 10000 455 340 5e-18 0.51014917993 0.509966729113 0.507794898676 0.0
10000 10000 455 340 7e-18 0.477186648188 0.477017566993 0.47494443621 0.0
10000 10000 455 340 1e-17 0.431212172808 0.431062238129 0.42914149025 0.0
10000 10000 455 340 2e-17 0.305749908429 0.305652923711 0.304219492493 0.0
10000 10000 455 340 5e-17 0.108135905952 0.108112604435 0.107591594597 0.0
10000 10000 455 340 7e-17 0.0549751369861 0.0549662244485 0.0547062270268 0.0
10000 10000 455 340 1e-16 0.0206339944922 0.0206318137494 0.0205385345898 0.0
10000 10000 455 340 1e-15 3.26902482772e-11 3.26902482561e-11 3.26856070179e-11 0.0
10000 10000 455 340 1e-14 3.18150158969e-58 3.18150158969e-58 3.18150158969e-58 0.0
10000 10000 455 340 1e-12 0.0 0.0 0.0 0.0
10000 10000 455 340 1e-10 0.0 0.0 0.0 0.0
