10000 10000 1205 460 1e-22 0.588882266426 0.588867532309 0.588249596813 0.0
10000 10000 1205 460 1e-20 0.588699212398 0.588684485244 0.588066716969 0.0
10000 10000 1205 460 1e-19 0.587037356398 0.587022692473 0.586406444167 0.0
10000 10000 1205 460 2e-19 0.585195646627 0.585181052798 0.584566492869 0.0
10000 10000 1205 460 5e-19 0.579700760554 0.579686375992 0.579076877622 0.0
10000 10000 1205 460 7e-19 0.576062650246 0.576048404319 0.575442276806 0.0
10000 10000 1205 460 1e-18 0.570643090066 0.570629050734 0.570027973186 0.0
10000 10000 1205 460 2e-18 0.552901802706 0.552888439632 0.552304124559 0.0
10000 10000 1205 460 5e-18 0.502607836096 0.502596375183 0.502061336424 0.0
10000 10000 1205 460 7e-18 0.471440749585 0.471430443029 0.470927086007 0.0
10000 10000 1205 460 1e-17 0.428055113861 0.428046364074 0.427588330285 0.0
10000 10000 1205 460 2e-17 0.309420553309 0.309415616135 0.30908674375 0.0
10000 10000 1205 460 5e-17 0.116878898658 0.116878089613 0.116763103987 0.0
10000 10000 1205 460 7e-17 0.0618622595444 0.0618620199176 0.0618050630475 0.0
10000 10000 1205 460 1e-16 0.024432006295 0.0244319668399 0.024411648242 0.0
10000 10000 1205 460 1e-15 3.86224324842e-11 3.86224324842e-11 3.86220389748e-11 0.0
10000 10000 1205 460 1e-14 2.69738067426e-58 2.69738067426e-58 2.69738067426e-58 0.0
10000 10000 1205 460 1e-12 0.0 0.0 0.0 0.0
10000 10000 1205 460 1e-10 0.0 0.0 0.0 0.0
