10000 10000 905 360 1e-22 0.571278995377 0.571153660746 0.569595801876 0.0
10000 10000 905 360 1e-20 0.57109858028 0.570973302958 0.569415790516 0.0
10000 10000 905 360 1e-19 0.569460724352 0.569335966982 0.56778160614 0.0
10000 10000 905 360 2e-19 0.567645701918 0.567521520082 0.565970665667 0.0
10000 10000 905 360 5e-19 0.562231006094 0.56210853708 0.560568229638 0.0
10000 10000 905 360 7e-19 0.558646460927 0.558525122356 0.55699186762 0.0
10000 10000 905 360 1e-18 0.553307401999 0.553187742032 0.551665095161 0.0
10000 10000 905 360 2e-18 0.535835714796 0.53572150395 0.534234415807 0.0
10000 10000 905 360 5e-18 0.486360187295 0.486261021198 0.484881279063 0.0
10000 10000 905 360 7e-18 0.455744180867 0.455654018454 0.454345278657 0.0
10000 10000 905 360 1e-17 0.413187899985 0.413109829872 0.411905077899 0.0
10000 10000 905 360 2e-17 0.297258425963 0.297210457207 0.296315990701 0.0
10000 10000 905 360 5e-17 0.111039617042 0.111028619407 0.110692352211 0.0
10000 10000 905 360 7e-17 0.0585073383076 0.0585031409096 0.0583305831733 0.0
10000 10000 905 360 1e-16 0.0230408055013 0.0230397687703 0.0229756012807 0.0
10000 10000 905 360 1e-15 9.1333366684e-11 9.13333666605e-11 9.13312586896e-11 0.0
10000 10000 905 360 1e-14 2.78220803289e-58 2.78220803289e-58 2.78220803289e-58 0.0
10000 10000 905 360 1e-12 0.0 0.0 0.0 0.0
10000 10000 905 360 1e-10 0.0 0.0 0.0 0.0
