10000 10000 555 390 1e-22 0.665068856416 0.664973743754 0.66359087802 0.0
10000 10000 555 390 1e-20 0.664853837291 0.664758750233 0.663375990316 0.0
10000 10000 555 390 1e-19 0.662901359427 0.662806505653 0.661424724839 0.0
10000 10000 555 390 2e-19 0.660736685472 0.660642091985 0.659261434893 0.0
10000 10000 555 390 5e-19 0.654272775239 0.654178969131 0.652801903957 0.0
10000 10000 555 390 7e-19 0.64998872845 0.649895452368 0.648520960238 0.0
10000 10000 555 390 1e-18 0.643600748621 0.643508274622 0.642137898922 0.0
10000 10000 555 390 2e-18 0.622641138641 0.622551389806 0.621196795324 0.0
10000 10000 555 390 5e-18 0.562904918799 0.562823608619 0.56153149591 0.0
10000 10000 555 390 7e-18 0.525729864977 0.525654204589 0.524412604021 0.0
10000 10000 555 390 1e-17 0.473906195499 0.473838773467 0.472680469479 0.0
10000 10000 555 390 2e-17 0.332902159456 0.332858139359 0.331987832885 0.0
10000 10000 555 390 5e-17 0.114070578671 0.114060010713 0.11375394346 0.0
10000 10000 555 390 7e-17 0.0567968635841 0.0567928704709 0.0566450667223 0.0
10000 10000 555 390 1e-16 0.0207160128815 0.0207150646929 0.020664604331 0.0
10000 10000 555 390 1e-15 3.15339453713e-11 3.15339453706e-11 3.15324221738e-11 0.0
10000 10000 555 390 1e-14 1.2593811594e-57 1.2593811594e-57 1.2593811594e-57 0.0
10000 10000 555 390 1e-12 0.0 0.0 0.0 0.0
10000 10000 555 390 1e-10 0.0 0.0 0.0 0.0
