10000 10000 755 450 1e-22 0.681221485363 0.681183995757 0.68039064311 0.0
10000 10000 755 450 1e-20 0.681006706803 0.680969225993 0.680175915593 0.0
10000 10000 755 450 1e-19 0.67905620428 0.679018803918 0.678225889157 0.0
10000 10000 755 450 2e-19 0.676893281899 0.676855971918 0.676063520985 0.0
10000 10000 755 450 5e-19 0.670431886864 0.670394854067 0.669603943893 0.0
10000 10000 755 450 7e-19 0.666147293921 0.666110450705 0.665320688349 0.0
10000 10000 755 450 1e-18 0.659755277344 0.659718725218 0.658930858254 0.0
10000 10000 755 450 2e-18 0.638756130864 0.638720600154 0.63794044374 0.0
10000 10000 755 450 5e-18 0.578702638553 0.578670484984 0.57792370368 0.0
10000 10000 755 450 7e-18 0.541191452735 0.541161666656 0.540443152777 0.0
10000 10000 755 450 1e-17 0.488739910409 0.488713649886 0.488042730602 0.0
10000 10000 755 450 2e-17 0.345193814024 0.34517761267 0.344674244496 0.0
10000 10000 755 450 5e-17 0.119995551781 0.119992493777 0.119817337269 0.0
10000 10000 755 450 7e-17 0.0602953109157 0.0602943438426 0.0602100932174 0.0
10000 10000 755 450 1e-16 0.0222693555995 0.0222691811544 0.0222404639129 0.0
10000 10000 755 450 1e-15 2.28122271118e-11 2.28122271118e-11 2.2811785961e-11 0.0
10000 10000 755 450 1e-14 3.8768561227e-58 3.8768561227e-58 3.8768561227e-58 0.0
10000 10000 755 450 1e-12 0.0 0.0 0.0 0.0
10000 10000 755 450 1e-10 0.0 0.0 0.0 0.0
