10000 10000 255 250 1e-22 0.481771543271 0.481287244196 0.0 0.0
10000 10000 255 250 1e-20 0.481624766577 0.481140524595 0.0 0.0
10000 10000 255 250 1e-19 0.480291716594 0.479807998794 0.0 0.0
10000 10000 255 250 2e-19 0.478813272462 0.478330147864 0.0 0.0
10000 10000 255 250 5e-19 0.474395285361 0.473914006611 0.0 0.0
10000 10000 255 250 7e-19 0.47146456308 0.470984568291 0.0 0.0
10000 10000 255 250 1e-18 0.46709066546 0.466612673174 0.0 0.0
10000 10000 255 250 2e-18 0.452707434422 0.452236726365 0.0 0.0
10000 10000 255 250 5e-18 0.411455182954 0.411010692065 0.0 0.0
10000 10000 255 250 7e-18 0.385597326489 0.385172739286 0.0 0.0
10000 10000 255 250 1e-17 0.349320422954 0.348927496026 0.0 0.0
10000 10000 255 250 2e-17 0.249259810087 0.248971085989 0.0 0.0
10000 10000 255 250 5e-17 0.0891426141782 0.0890461015612 0.0 0.0
10000 10000 255 250 7e-17 0.045563526734 0.0455182551255 0.0 0.0
10000 10000 255 250 1e-16 0.0172234695591 0.0172086280819 0.0 0.0
10000 10000 255 250 1e-15 5.08714487039e-11 5.08712983087e-11 0.0 0.0
10000 10000 255 250 1e-14 3.91108450008e-58 3.91108450008e-58 0.0 0.0
10000 10000 255 250 1e-12 0.0 0.0 0.0 0.0
10000 10000 255 250 1e-10 0.0 0.0 0.0 0.0
