10000 10000 1055 250 1e-22 0.164694619378 0.164562899705 0.0 0.0
10000 10000 1055 250 1e-20 0.164642562711 0.164510895194 0.0 0.0
10000 10000 1055 250 1e-19 0.164170111924 0.164038917558 0.0 0.0
10000 10000 1055 250 2e-19 0.163646835599 0.163516164853 0.0 0.0
10000 10000 1055 250 5e-19 0.162087487126 0.161958374048 0.0 0.0
10000 10000 1055 250 7e-19 0.161056593876 0.160928508351 0.0 0.0
10000 10000 1055 250 1e-18 0.159523140915 0.159396580574 0.0 0.0
10000 10000 1055 250 2e-18 0.154521372993 0.15439975974 0.0 0.0
10000 10000 1055 250 5e-18 0.1404796976 0.140371739532 0.0 0.0
10000 10000 1055 250 7e-18 0.131867418619 0.131767659026 0.0 0.0
10000 10000 1055 250 1e-17 0.119972464637 0.119883795556 0.0 0.0
10000 10000 1055 250 2e-17 0.0878125395465 0.0877523692996 0.0 0.0
10000 10000 1055 250 5e-17 0.0353357062719 0.0353161075135 0.0 0.0
10000 10000 1055 250 7e-17 0.0196319870047 0.0196224344614 0.0 0.0
10000 10000 1055 250 1e-16 0.00833336268251 0.0083299952319 0.0 0.0
10000 10000 1055 250 1e-15 1.44679910734e-10 1.44679874205e-10 0.0 0.0
10000 10000 1055 250 1e-14 4.2467194444e-57 4.2467194444e-57 0.0 0.0
10000 10000 1055 250 1e-12 0.0 0.0 0.0 0.0
10000 10000 1055 250 1e-10 0.0 0.0 0.0 0.0
