10000 10000 1355 100 1e-22 0.00110470175078 0.0 0.0 0.0
10000 10000 1355 100 1e-20 0.00110432461139 0.0 0.0 0.0
10000 10000 1355 100 1e-19 0.00110090217685 0.0 0.0 0.0
10000 10000 1355 100 2e-19 0.00109711234217 0.0 0.0 0.0
10000 10000 1355 100 5e-19 0.00108582363574 0.0 0.0 0.0
10000 10000 1355 100 7e-19 0.00107836466729 0.0 0.0 0.0
10000 10000 1355 100 1e-18 0.00106727548582 0.0 0.0 0.0
10000 10000 1355 100 2e-18 0.00103115620524 0.0 0.0 0.0
10000 10000 1355 100 5e-18 0.000930197327352 0.0 0.0 0.0
10000 10000 1355 100 7e-18 0.000868621444159 0.0 0.0 0.0
10000 10000 1355 100 1e-17 0.000784052487198 0.0 0.0 0.0
10000 10000 1355 100 2e-17 0.000558709979747 0.0 0.0 0.0
10000 10000 1355 100 5e-17 0.000207117223259 0.0 0.0 0.0
10000 10000 1355 100 7e-17 0.000109306232244 0.0 0.0 0.0
10000 10000 1355 100 1e-16 4.38365091759e-05 0.0 0.0 0.0
10000 10000 1355 100 1e-15 3.05117777483e-08 0.0 0.0 0.0
10000 10000 1355 100 1e-14 1.52597999386e-27 0.0 0.0 0.0
10000 10000 1355 100 1e-12 0.0 0.0 0.0 0.0
10000 10000 1355 100 1e-10 0.0 0.0 0.0 0.0
