10000 10000 855 750 1e-22 0.53866326899 0.538628670046 0.53851690393 0.538098015272
10000 10000 855 750 1e-20 0.538478356052 0.538443802592 0.538332041635 0.537913151191
10000 10000 855 750 1e-19 0.536799205564 0.536765062819 0.536653351279 0.536234453166
10000 10000 855 750 2e-19 0.53493746126 0.534903769057 0.534792117683 0.534373228978
10000 10000 855 750 5e-19 0.529377559654 0.529345183196 0.529233744596 0.528814994573
10000 10000 855 750 7e-19 0.5256922678 0.525660739409 0.525549468637 0.525130900344
10000 10000 855 750 1e-18 0.520196671712 0.520166373333 0.520055391489 0.5196372243
10000 10000 855 750 2e-18 0.502163780786 0.502137241483 0.502027517687 0.501611718254
10000 10000 855 750 5e-18 0.450808316753 0.450790449598 0.450686599033 0.45028549939
10000 10000 855 750 7e-18 0.418926009361 0.418912263526 0.418813490413 0.418426682505
10000 10000 855 750 1e-17 0.374652382893 0.374643083716 0.374552809191 0.374191404592
10000 10000 855 750 2e-17 0.255856739825 0.255854145748 0.255792381603 0.255524323785
10000 10000 855 750 5e-17 0.0806218197887 0.0806217375563 0.0806065104037 0.0805193765111
10000 10000 855 750 7e-17 0.0382378426013 0.0382378298297 0.0382321088056 0.0381921393375
10000 10000 855 750 1e-16 0.0131182607636 0.0131182594697 0.0131169189355 0.0131041495831
10000 10000 855 750 1e-15 2.16537795192e-12 2.16537795192e-12 2.16537741485e-12 2.16519163842e-12
10000 10000 855 750 1e-14 2.23316557569e-73 2.23316557569e-73 2.23316557569e-73 2.23316557569e-73
10000 10000 855 750 1e-12 0.0 0.0 0.0 0.0
10000 10000 855 750 1e-10 0.0 0.0 0.0 0.0
