10000 10000 555 250 1e-22 0.543701830836 0.543213952863 0.0 0.0
10000 10000 555 250 1e-20 0.543532008964 0.543044243792 0.0 0.0
10000 10000 555 250 1e-19 0.541990078282 0.541503339891 0.0 0.0
10000 10000 555 250 2e-19 0.540280848863 0.539795254047 0.0 0.0
10000 10000 555 250 5e-19 0.535178625408 0.534696477634 0.0 0.0
10000 10000 555 250 7e-19 0.531798392908 0.531318555957 0.0 0.0
10000 10000 555 250 1e-18 0.526759968694 0.526283615621 0.0 0.0
10000 10000 555 250 2e-18 0.510242449464 0.50977783838 0.0 0.0
10000 10000 555 250 5e-18 0.463248184418 0.462819441744 0.0 0.0
10000 10000 555 250 7e-18 0.434028808514 0.433623991831 0.0 0.0
10000 10000 555 250 1e-17 0.393275188151 0.392905511331 0.0 0.0
10000 10000 555 250 2e-17 0.281769495391 0.28150394223 0.0 0.0
10000 10000 555 250 5e-17 0.103221786039 0.103133024254 0.0 0.0
10000 10000 555 250 7e-17 0.0536857583887 0.0536436178929 0.0 0.0
10000 10000 555 250 1e-16 0.0207873270963 0.0207732722414 0.0 0.0
10000 10000 555 250 1e-15 1.04356513493e-10 1.0435646804e-10 0.0 0.0
10000 10000 555 250 1e-14 2.58331776368e-57 2.58331776368e-57 0.0 0.0
10000 10000 555 250 1e-12 0.0 0.0 0.0 0.0
10000 10000 555 250 1e-10 0.0 0.0 0.0 0.0
