10000 10000 1055 260 1e-22 0.190041720623 0.189922940394 0.0 0.0
10000 10000 1055 260 1e-20 0.189981707269 0.189862971782 0.0 0.0
10000 10000 1055 260 1e-19 0.1894370146 0.189318685085 0.0 0.0
10000 10000 1055 260 2e-19 0.188833663136 0.188715783072 0.0 0.0
10000 10000 1055 260 5e-19 0.187035311596 0.186918769666 0.0 0.0
10000 10000 1055 260 7e-19 0.18584610099 0.185730442695 0.0 0.0
10000 10000 1055 260 1e-18 0.184076697593 0.18396235219 0.0 0.0
10000 10000 1055 260 2e-18 0.178301619506 0.17819154356 0.0 0.0
10000 10000 1055 260 5e-18 0.162060548483 0.161962345378 0.0 0.0
10000 10000 1055 260 7e-18 0.152080434901 0.151989423385 0.0 0.0
10000 10000 1055 260 1e-17 0.138276030887 0.138194824868 0.0 0.0
10000 10000 1055 260 2e-17 0.100873253755 0.100817661321 0.0 0.0
10000 10000 1055 260 5e-17 0.0399433903241 0.0399252807893 0.0 0.0
10000 10000 1055 260 7e-17 0.0219192900898 0.0219105822755 0.0 0.0
10000 10000 1055 260 1e-16 0.00913652057742 0.00913354731294 0.0 0.0
10000 10000 1055 260 1e-15 1.1641504563e-10 1.16415036286e-10 0.0 0.0
10000 10000 1055 260 1e-14 8.15565217567e-57 8.15565217567e-57 0.0 0.0
10000 10000 1055 260 1e-12 0.0 0.0 0.0 0.0
10000 10000 1055 260 1e-10 0.0 0.0 0.0 0.0
