10000 10000 705 440 1e-22 0.690879724836 0.690844737879 0.690008450272 0.0
10000 10000 705 440 1e-20 0.690664340757 0.690629363933 0.689793100346 0.0
10000 10000 705 440 1e-19 0.688708393037 0.688673508564 0.687837475891 0.0
10000 10000 705 440 2e-19 0.686539543684 0.686504762313 0.685669012483 0.0
10000 10000 705 440 5e-19 0.680061107843 0.680026638703 0.679191899525 0.0
10000 10000 705 440 7e-19 0.675765733177 0.675731474479 0.674897540359 0.0
10000 10000 705 440 1e-18 0.669358339259 0.669324399367 0.668491862334 0.0
10000 10000 705 440 2e-18 0.648313730643 0.648280876251 0.647454523684 0.0
10000 10000 705 440 5e-18 0.588153514783 0.588124029161 0.587327647699 0.0
10000 10000 705 440 7e-18 0.550575200889 0.550547965766 0.549778467203 0.0
10000 10000 705 440 1e-17 0.498002942228 0.497978968904 0.497256114134 0.0
10000 10000 705 440 2e-17 0.353746282763 0.353731360354 0.353179570608 0.0
10000 10000 705 440 5e-17 0.124986093999 0.124983072231 0.124784338001 0.0
10000 10000 705 440 7e-17 0.0633641665862 0.06336315638 0.0632661434911 0.0
10000 10000 705 440 1e-16 0.0236597233627 0.0236595248901 0.0236258768477 0.0
10000 10000 705 440 1e-15 2.03338466818e-11 2.03338466818e-11 2.03326562295e-11 0.0
10000 10000 705 440 1e-14 2.52914057852e-61 2.52914057852e-61 2.52914057852e-61 0.0
10000 10000 705 440 1e-12 0.0 0.0 0.0 0.0
10000 10000 705 440 1e-10 0.0 0.0 0.0 0.0
