10000 10000 1055 400 1e-22 0.565394094104 0.565351495403 0.564208515113 0.0
10000 10000 1055 400 1e-20 0.565209457306 0.565166876923 0.564024268468 0.0
10000 10000 1055 400 1e-19 0.563533592267 0.563491178162 0.562351945875 0.0
10000 10000 1055 400 2e-19 0.561677113398 0.561634883505 0.560499393768 0.0
10000 10000 1055 400 5e-19 0.556142857812 0.556101177132 0.554976859624 0.0
10000 10000 1055 400 7e-19 0.552482522868 0.552441205463 0.551324289775 0.0
10000 10000 1055 400 1e-18 0.547035476007 0.546994699194 0.545888816462 0.0
10000 10000 1055 400 2e-18 0.52925043021 0.529211417626 0.528141703063 0.0
10000 10000 1055 400 5e-18 0.479199407424 0.479165335596 0.478198460136 0.0
10000 10000 1055 400 7e-18 0.448438422204 0.448407352269 0.447504320796 0.0
10000 10000 1055 400 1e-17 0.405919103774 0.405892112992 0.40507792562 0.0
10000 10000 1055 400 2e-17 0.291245698445 0.291229057658 0.290656055089 0.0
10000 10000 1055 400 5e-17 0.10914268747 0.109138960984 0.108941252775 0.0
10000 10000 1055 400 7e-17 0.057795191863 0.057793808695 0.0576953683012 0.0
10000 10000 1055 400 1e-16 0.0229391751368 0.0229388508651 0.0229033144511 0.0
10000 10000 1055 400 1e-15 5.64830019886e-11 5.64830019886e-11 5.64805379297e-11 0.0
10000 10000 1055 400 1e-14 1.20413693612e-57 1.20413693612e-57 1.20413693612e-57 0.0
10000 10000 1055 400 1e-12 0.0 0.0 0.0 0.0
10000 10000 1055 400 1e-10 0.0 0.0 0.0 0.0
