10000 10000 1105 440 1e-22 0.609549834707 0.609515247957 0.608711205933 0.0
10000 10000 1105 440 1e-20 0.609360250347 0.609325684471 0.608521884697 0.0
10000 10000 1105 440 1e-19 0.607639074366 0.607604697677 0.60680309806 0.0
10000 10000 1105 440 2e-19 0.605731552736 0.605697385058 0.604898225563 0.0
10000 10000 1105 440 5e-19 0.600039866931 0.600006318782 0.599214451046 0.0
10000 10000 1105 440 7e-19 0.596271095703 0.596237954395 0.595450923782 0.0
10000 10000 1105 440 1e-18 0.590656369883 0.590623829709 0.589844018308 0.0
10000 10000 1105 440 2e-18 0.572271948136 0.572241334856 0.571485265565 0.0
10000 10000 1105 440 5e-18 0.520122706727 0.520097220268 0.519409287693 0.0
10000 10000 1105 440 7e-18 0.487785354451 0.487762800906 0.487117631884 0.0
10000 10000 1105 440 1e-17 0.442749734736 0.442730959549 0.442145887573 0.0
10000 10000 1105 440 2e-17 0.319532315157 0.319522108228 0.319103686742 0.0
10000 10000 1105 440 5e-17 0.119812544338 0.119810843877 0.119662738445 0.0
10000 10000 1105 440 7e-17 0.0630637189751 0.0630631841839 0.0629890446103 0.0
10000 10000 1105 440 1e-16 0.024715026691 0.024714927123 0.0246881542526 0.0
10000 10000 1105 440 1e-15 3.89964036521e-11 3.89964036521e-11 3.89957632238e-11 0.0
10000 10000 1105 440 1e-14 2.83723092346e-59 2.83723092346e-59 2.83723092346e-59 0.0
10000 10000 1105 440 1e-12 0.0 0.0 0.0 0.0
10000 10000 1105 440 1e-10 0.0 0.0 0.0 0.0
