10000 10000 955 650 1e-22 0.676675052612 0.676649964799 0.676369668695 0.675532913896
10000 10000 955 650 1e-20 0.676448243212 0.676423181317 0.676142962925 0.675306262437
10000 10000 955 650 1e-19 0.674388754176 0.674363926653 0.674084415448 0.673248220074
10000 10000 955 650 2e-19 0.672105546916 0.672080977186 0.671802253207 0.670966642873
10000 10000 955 650 5e-19 0.665288392288 0.665264579679 0.664988226049 0.664154517453
10000 10000 955 650 7e-19 0.660770842753 0.66074752163 0.660472754878 0.659640432597
10000 10000 955 650 1e-18 0.654035656719 0.654013053499 0.653740675914 0.652910603633
10000 10000 955 650 2e-18 0.631945935693 0.631925566696 0.63166121258 0.630840007207
10000 10000 955 650 5e-18 0.569086455841 0.569071528651 0.568831406382 0.568046840757
10000 10000 955 650 7e-18 0.530061406122 0.530049257537 0.529825063397 0.529070799406
10000 10000 955 650 1e-17 0.475811812585 0.475802874829 0.475601721561 0.474897926378
10000 10000 955 650 2e-17 0.32943243304 0.32942915439 0.329293582122 0.328765634225
10000 10000 955 650 5e-17 0.10822050487 0.10822029752 0.108183525115 0.107998998795
10000 10000 955 650 7e-17 0.0525484360944 0.0525483946741 0.0525332058304 0.0524441824959
10000 10000 955 650 1e-16 0.0185285599975 0.018528555274 0.0185243970345 0.0184939364434
10000 10000 955 650 1e-15 9.30923453904e-12 9.30923453904e-12 9.30923315053e-12 9.30862725304e-12
10000 10000 955 650 1e-14 2.47197921508e-58 2.47197921508e-58 2.47197921508e-58 2.47197921508e-58
10000 10000 955 650 1e-12 0.0 0.0 0.0 0.0
10000 10000 955 650 1e-10 0.0 0.0 0.0 0.0
