10000 10000 1355 1100 1e-22 0.427172595904 0.427172595904 0.42713092931 0.426919283716
10000 10000 1355 1100 1e-20 0.426978445736 0.426978445736 0.426936823267 0.426725271687
10000 10000 1355 1100 1e-19 0.425217532728 0.425217532728 0.425176308999 0.424965610206
10000 10000 1355 1100 2e-19 0.423269576813 0.423269576813 0.423228791089 0.42301903589
10000 10000 1355 1100 5e-19 0.417479715265 0.417479715265 0.417440212407 0.41723326327
10000 10000 1355 1100 7e-19 0.413664408816 0.413664408816 0.413625735912 0.413420637102
10000 10000 1355 1100 1e-18 0.408007550506 0.408007550506 0.407970085897 0.407767732429
10000 10000 1355 1100 2e-18 0.389711461453 0.389711461453 0.389677726804 0.389484269791
10000 10000 1355 1100 5e-18 0.339670503131 0.339670503131 0.339645662221 0.339476699853
10000 10000 1355 1100 7e-18 0.309997437327 0.309997437327 0.309977038156 0.309822735025
10000 10000 1355 1100 1e-17 0.27037901447 0.27037901447 0.27036367908 0.270229127354
10000 10000 1355 1100 2e-17 0.172118959023 0.172118959023 0.172112547075 0.172027885263
10000 10000 1355 1100 5e-17 0.0467353468779 0.0467353468779 0.046734605341 0.0467140169469
10000 10000 1355 1100 7e-17 0.0205367373235 0.0205367373235 0.0205365289221 0.0205284027963
10000 10000 1355 1100 1e-16 0.00637948375797 0.00637948375797 0.00637944974682 0.00637734003997
10000 10000 1355 1100 1e-15 1.57956909005e-13 1.57956909005e-13 1.57956909005e-13 1.57956807535e-13
10000 10000 1355 1100 1e-14 5.38666138573e-87 5.38666138573e-87 5.38666138573e-87 5.38666138573e-87
10000 10000 1355 1100 1e-12 0.0 0.0 0.0 0.0
10000 10000 1355 1100 1e-10 0.0 0.0 0.0 0.0
