10000 10000 1305 460 1e-22 0.498812065243 0.4987987536 0.498234569161 0.0
10000 10000 1305 460 1e-20 0.498663213511 0.49864990935 0.498085908142 0.0
10000 10000 1305 460 1e-19 0.497311743341 0.497298507028 0.496736169414 0.0
10000 10000 1305 460 2e-19 0.495813758767 0.495800597475 0.495240103769 0.0
10000 10000 1305 460 5e-19 0.491342827933 0.491329889402 0.490774898782 0.0
10000 10000 1305 460 7e-19 0.488381368006 0.488368576081 0.487817230288 0.0
10000 10000 1305 460 1e-18 0.483967864967 0.483955290123 0.483409375677 0.0
10000 10000 1305 460 2e-18 0.469503808773 0.469491933502 0.468963811978 0.0
10000 10000 1305 460 5e-18 0.428363997102 0.428354011031 0.427876397223 0.0
10000 10000 1305 460 7e-18 0.402766228149 0.402757341226 0.402311036913 0.0
10000 10000 1305 460 1e-17 0.366996171262 0.366988720312 0.366585950226 0.0
10000 10000 1305 460 2e-17 0.268294241218 0.268290131576 0.268005533848 0.0
10000 10000 1305 460 5e-17 0.104399168159 0.104398487738 0.104298904225 0.0
10000 10000 1305 460 7e-17 0.0561912101145 0.0561910014231 0.056140992383 0.0
10000 10000 1305 460 1e-16 0.0226756125389 0.0226755756035 0.0226573272857 0.0
10000 10000 1305 460 1e-15 4.55767318523e-11 4.55767318523e-11 4.55762723162e-11 0.0
10000 10000 1305 460 1e-14 1.54159335611e-58 1.54159335611e-58 1.54159335611e-58 0.0
10000 10000 1305 460 1e-12 0.0 0.0 0.0 0.0
10000 10000 1305 460 1e-10 0.0 0.0 0.0 0.0
