10000 10000 555 400 1e-22 0.636877259456 0.636807003075 0.635506038676 0.0
10000 10000 555 400 1e-20 0.636673951238 0.636603712152 0.635302934788 0.0
10000 10000 555 400 1e-19 0.634827909427 0.634757828142 0.633458761786 0.0
10000 10000 555 400 2e-19 0.632781437484 0.632711532731 0.631414389798 0.0
10000 10000 555 400 5e-19 0.626671695464 0.626602327551 0.625311091765 0.0
10000 10000 555 400 7e-19 0.622623339275 0.622554334988 0.621267147367 0.0
10000 10000 555 400 1e-18 0.616588153872 0.616519703035 0.615238744986 0.0
10000 10000 555 400 2e-18 0.596796455727 0.59672991014 0.595470961218 0.0
10000 10000 555 400 5e-18 0.540453637228 0.540393162687 0.539208959688 0.0
10000 10000 555 400 7e-18 0.505417765794 0.505361448691 0.504231694199 0.0
10000 10000 555 400 1e-17 0.456579627017 0.45652945056 0.455484315645 0.0
10000 10000 555 400 2e-17 0.323436364664 0.32340385381 0.322630051675 0.0
10000 10000 555 400 5e-17 0.114071384701 0.114063929935 0.113789917631 0.0
10000 10000 555 400 7e-17 0.057860428573 0.0578577126244 0.0577228575305 0.0
10000 10000 555 400 1e-16 0.021623775343 0.0216231671801 0.021575593505 0.0
10000 10000 555 400 1e-15 2.33079814698e-11 2.33079814697e-11 2.33062863527e-11 0.0
10000 10000 555 400 1e-14 2.89943962642e-59 2.89943962642e-59 2.89943962642e-59 0.0
10000 10000 555 400 1e-12 0.0 0.0 0.0 0.0
10000 10000 555 400 1e-10 0.0 0.0 0.0 0.0
