10000 10000 155 100 1e-22 0.231012178586 0.0 0.0 0.0
10000 10000 155 100 1e-20 0.230944452718 0.0 0.0 0.0
10000 10000 155 100 1e-19 0.230329601238 0.0 0.0 0.0
10000 10000 155 100 2e-19 0.229648202074 0.0 0.0 0.0
10000 10000 155 100 5e-19 0.227615143767 0.0 0.0 0.0
10000 10000 155 100 7e-19 0.226269019013 0.0 0.0 0.0
10000 10000 155 100 1e-18 0.224263632307 0.0 0.0 0.0
10000 10000 155 100 2e-18 0.217697454025 0.0 0.0 0.0
10000 10000 155 100 5e-18 0.199061043291 0.0 0.0 0.0
10000 10000 155 100 7e-18 0.187485017487 0.0 0.0 0.0
10000 10000 155 100 1e-17 0.171318981528 0.0 0.0 0.0
10000 10000 155 100 2e-17 0.12663157945 0.0 0.0 0.0
10000 10000 155 100 5e-17 0.0511733194128 0.0 0.0 0.0
10000 10000 155 100 7e-17 0.0282664963815 0.0 0.0 0.0
10000 10000 155 100 1e-16 0.011875152693 0.0 0.0 0.0
10000 10000 155 100 1e-15 6.39779078858e-11 0.0 0.0 0.0
10000 10000 155 100 1e-14 1.50835328067e-59 0.0 0.0 0.0
10000 10000 155 100 1e-12 0.0 0.0 0.0 0.0
10000 10000 155 100 1e-10 0.0 0.0 0.0 0.0
