10000 10000 1255 100 1e-22 1.91990150345e-05 0.0 0.0 0.0
10000 10000 1255 100 1e-20 1.91964961419e-05 0.0 0.0 0.0
10000 10000 1255 100 1e-19 1.91736171902e-05 0.0 0.0 0.0
10000 10000 1255 100 2e-19 1.91482384934e-05 0.0 0.0 0.0
10000 10000 1255 100 5e-19 1.90723690809e-05 0.0 0.0 0.0
10000 10000 1255 100 7e-19 1.90220108279e-05 0.0 0.0 0.0
10000 10000 1255 100 1e-18 1.89468037366e-05 0.0 0.0 0.0
10000 10000 1255 100 2e-18 1.8698947836e-05 0.0 0.0 0.0
10000 10000 1255 100 5e-18 1.79808174047e-05 0.0 0.0 0.0
10000 10000 1255 100 7e-18 1.75224436063e-05 0.0 0.0 0.0
10000 10000 1255 100 1e-17 1.68638905554e-05 0.0 0.0 0.0
10000 10000 1255 100 2e-17 1.48969449798e-05 0.0 0.0 0.0
10000 10000 1255 100 5e-17 1.06107951813e-05 0.0 0.0 0.0
10000 10000 1255 100 7e-17 8.67886053714e-06 0.0 0.0 0.0
10000 10000 1255 100 1e-16 6.62958342849e-06 0.0 0.0 0.0
10000 10000 1255 100 1e-15 4.11311108418e-08 0.0 0.0 0.0
10000 10000 1255 100 1e-14 7.56003798089e-28 0.0 0.0 0.0
10000 10000 1255 100 1e-12 0.0 0.0 0.0 0.0
10000 10000 1255 100 1e-10 0.0 0.0 0.0 0.0
