10000 10000 455 250 1e-22 0.587579596108 0.587005701574 0.0 0.0
10000 10000 455 250 1e-20 0.587393014493 0.586819217184 0.0 0.0
10000 10000 455 250 1e-19 0.585698918576 0.585126009226 0.0 0.0
10000 10000 455 250 2e-19 0.583821031849 0.583249117694 0.0 0.0
10000 10000 455 250 5e-19 0.578215471747 0.577646595704 0.0 0.0
10000 10000 455 250 7e-19 0.574501890227 0.573935081738 0.0 0.0
10000 10000 455 250 1e-18 0.56896677923 0.568403132128 0.0 0.0
10000 10000 455 250 2e-18 0.550822886201 0.550270248846 0.0 0.0
10000 10000 455 250 5e-18 0.499225104979 0.498708725123 0.0 0.0
10000 10000 455 250 7e-18 0.467168657358 0.466678058459 0.0 0.0
10000 10000 455 250 1e-17 0.422502517972 0.422051378855 0.0 0.0
10000 10000 455 250 2e-17 0.300677625281 0.300350138159 0.0 0.0
10000 10000 455 250 5e-17 0.107779870436 0.107671379965 0.0 0.0
10000 10000 455 250 7e-17 0.0552359192946 0.0551850885383 0.0 0.0
10000 10000 455 250 1e-16 0.0209275284091 0.0209109144474 0.0 0.0
10000 10000 455 250 1e-15 6.36726441771e-11 6.36726023308e-11 0.0 0.0
10000 10000 455 250 1e-14 2.23163773995e-57 2.23163773995e-57 0.0 0.0
10000 10000 455 250 1e-12 0.0 0.0 0.0 0.0
10000 10000 455 250 1e-10 0.0 0.0 0.0 0.0
