10000 10000 1455 150 1e-22 0.00385632417942 0.0 0.0 0.0
10000 10000 1455 150 1e-20 0.00385470220039 0.0 0.0 0.0
10000 10000 1455 150 1e-19 0.00383999354836 0.0 0.0 0.0
10000 10000 1455 150 2e-19 0.00382372767979 0.0 0.0 0.0
10000 10000 1455 150 5e-19 0.00377541241179 0.0 0.0 0.0
10000 10000 1455 150 7e-19 0.0037435996667 0.0 0.0 0.0
10000 10000 1455 150 1e-18 0.00369646779463 0.0 0.0 0.0
10000 10000 1455 150 2e-18 0.00354431025273 0.0 0.0 0.0
10000 10000 1455 150 5e-18 0.00313003820221 0.0 0.0 0.0
10000 10000 1455 150 7e-18 0.00288534502343 0.0 0.0 0.0
10000 10000 1455 150 1e-17 0.00255911179429 0.0 0.0 0.0
10000 10000 1455 150 2e-17 0.00174487314732 0.0 0.0 0.0
10000 10000 1455 150 5e-17 0.000624089292164 0.0 0.0 0.0
10000 10000 1455 150 7e-17 0.000336071402371 0.0 0.0 0.0
10000 10000 1455 150 1e-16 0.000140783230694 0.0 0.0 0.0
10000 10000 1455 150 1e-15 1.6881834847e-09 0.0 0.0 0.0
10000 10000 1455 150 1e-14 5.76784965112e-39 0.0 0.0 0.0
10000 10000 1455 150 1e-12 0.0 0.0 0.0 0.0
10000 10000 1455 150 1e-10 0.0 0.0 0.0 0.0
