10000 10000 655 310 1e-22 0.621468715549 0.621266129171 0.0 0.0
10000 10000 655 310 1e-20 0.62127674208 0.621074213313 0.0 0.0
10000 10000 655 310 1e-19 0.619533631156 0.619331626697 0.0 0.0
10000 10000 655 310 2e-19 0.617601287565 0.617399866871 0.0 0.0
10000 10000 655 310 5e-19 0.611832388931 0.61163272663 0.0 0.0
10000 10000 655 310 7e-19 0.608009946982 0.607811462381 0.0 0.0
10000 10000 655 310 1e-18 0.6023116034 0.60211489258 0.0 0.0
10000 10000 655 310 2e-18 0.583624262713 0.583433513089 0.0 0.0
10000 10000 655 310 5e-18 0.53040598609 0.530233251418 0.0 0.0
10000 10000 655 310 7e-18 0.497281191446 0.497120285099 0.0 0.0
10000 10000 655 310 1e-17 0.451036771598 0.450892930565 0.0 0.0
10000 10000 655 310 2e-17 0.32423502757 0.324139305467 0.0 0.0
10000 10000 655 310 5e-17 0.11992665624 0.11990149394 0.0 0.0
10000 10000 655 310 7e-17 0.0626825905022 0.0626723471737 0.0 0.0
10000 10000 655 310 1e-16 0.0243727052621 0.0243699463854 0.0 0.0
10000 10000 655 310 1e-15 8.18516406325e-11 8.18516404611e-11 0.0 0.0
10000 10000 655 310 1e-14 3.5162775971e-57 3.5162775971e-57 0.0 0.0
10000 10000 655 310 1e-12 0.0 0.0 0.0 0.0
10000 10000 655 310 1e-10 0.0 0.0 0.0 0.0
