10000 10000 955 500 1e-22 0.713038875568 0.713023367081 0.712447765225 0.709437415152
10000 10000 955 500 1e-20 0.712821703396 0.712806199896 0.712230628151 0.709221153889
10000 10000 955 500 1e-19 0.710849209402 0.710833751331 0.710258461943 0.707256946104
10000 10000 955 500 2e-19 0.708661367373 0.708645959996 0.708071002351 0.705078321684
10000 10000 955 500 5e-19 0.702122217403 0.702106963395 0.701533111956 0.69856688689
10000 10000 955 500 7e-19 0.697783356466 0.697768205703 0.697195181421 0.694246549434
10000 10000 955 500 1e-18 0.691306418432 0.691291423888 0.690719769429 0.687797456466
10000 10000 955 500 2e-18 0.669995678105 0.669981213802 0.669415160337 0.666579896071
10000 10000 955 500 5e-18 0.608790871342 0.60877803698 0.608236394284 0.605654461595
10000 10000 955 500 7e-18 0.570377983675 0.570366225436 0.569845320226 0.567424429283
10000 10000 955 500 1e-17 0.516445989772 0.516435772994 0.515949816083 0.513757047196
10000 10000 955 500 2e-17 0.367611193606 0.367605128832 0.367242120574 0.365686388281
10000 10000 955 500 5e-17 0.130175181222 0.130174140654 0.13005008189 0.129512275128
10000 10000 955 500 7e-17 0.0660605019426 0.0660601946948 0.0660012782038 0.0657333167778
10000 10000 955 500 1e-16 0.0247020796654 0.0247020303916 0.0246823007545 0.0245848267535
10000 10000 955 500 1e-15 1.84425604274e-11 1.84425604274e-11 1.84424004529e-11 1.84215637701e-11
10000 10000 955 500 1e-14 5.28388480228e-61 5.28388480228e-61 5.28388480228e-61 5.28388480228e-61
10000 10000 955 500 1e-12 0.0 0.0 0.0 0.0
10000 10000 955 500 1e-10 0.0 0.0 0.0 0.0
