10000 10000 1455 310 1e-22 0.124799872962 0.124773539804 0.0 0.0
10000 10000 1455 310 1e-20 0.124761830611 0.124735513409 0.0 0.0
10000 10000 1455 310 1e-19 0.124416549202 0.124390376567 0.0 0.0
10000 10000 1455 310 2e-19 0.124034079975 0.124008066942 0.0 0.0
10000 10000 1455 310 5e-19 0.122894062884 0.122868522247 0.0 0.0
10000 10000 1455 310 7e-19 0.122140168009 0.122114937038 0.0 0.0
10000 10000 1455 310 1e-18 0.121018416595 0.12099364238 0.0 0.0
10000 10000 1455 310 2e-18 0.117356692967 0.117333376568 0.0 0.0
10000 10000 1455 310 5e-18 0.107052428441 0.107032946546 0.0 0.0
10000 10000 1455 310 7e-18 0.100713060846 0.100695746248 0.0 0.0
10000 10000 1455 310 1e-17 0.0919305993299 0.0919160532492 0.0 0.0
10000 10000 1455 310 2e-17 0.0680028724863 0.067994556615 0.0 0.0
10000 10000 1455 310 5e-17 0.0281341722778 0.0281323501052 0.0 0.0
10000 10000 1455 310 7e-17 0.0158753252333 0.0158745967105 0.0 0.0
10000 10000 1455 310 1e-16 0.00687298102002 0.00687277819449 0.0 0.0
10000 10000 1455 310 1e-15 2.83734608062e-10 2.83734607924e-10 0.0 0.0
10000 10000 1455 310 1e-14 1.51661395069e-56 1.51661395069e-56 0.0 0.0
10000 10000 1455 310 1e-12 0.0 0.0 0.0 0.0
10000 10000 1455 310 1e-10 0.0 0.0 0.0 0.0
