10000 10000 905 390 1e-22 0.627339960099 0.627277034365 0.626079099265 0.0
10000 10000 905 390 1e-20 0.627152505707 0.627089602403 0.625891875262 0.0
10000 10000 905 390 1e-19 0.625450264191 0.62538756472 0.624191733813 0.0
10000 10000 905 390 2e-19 0.623562882114 0.623500408966 0.622306696885 0.0
10000 10000 905 390 5e-19 0.617926054547 0.617864259272 0.616676976549 0.0
10000 10000 905 390 7e-19 0.614189337886 0.614127993518 0.612945055486 0.0
10000 10000 905 390 1e-18 0.608616144279 0.608555474577 0.607379136817 0.0
10000 10000 905 390 2e-18 0.590316914377 0.590258476147 0.589104792075 0.0
10000 10000 905 390 5e-18 0.538014488188 0.537962524348 0.536881228414 0.0
10000 10000 905 390 7e-18 0.505315949968 0.505268068144 0.504237170203 0.0
10000 10000 905 390 1e-17 0.45947818052 0.459436008907 0.458481547402 0.0
10000 10000 905 390 2e-17 0.332624027809 0.332597108993 0.331882514346 0.0
10000 10000 905 390 5e-17 0.124377469328 0.124371081982 0.124106219299 0.0
10000 10000 905 390 7e-17 0.0651451184575 0.0651426933019 0.0650093365326 0.0
10000 10000 905 390 1e-16 0.0253289278983 0.0253283459416 0.0252802550717 0.0
10000 10000 905 390 1e-15 5.00630715972e-11 5.00630715968e-11 5.00615282666e-11 0.0
10000 10000 905 390 1e-14 1.49037465852e-58 1.49037465852e-58 1.49037465852e-58 0.0
10000 10000 905 390 1e-12 0.0 0.0 0.0 0.0
10000 10000 905 390 1e-10 0.0 0.0 0.0 0.0
