10000 10000 955 100 1e-22 0.00348087888669 0.0 0.0 0.0
10000 10000 955 100 1e-20 0.00347991647106 0.0 0.0 0.0
10000 10000 955 100 1e-19 0.00347117971675 0.0 0.0 0.0
10000 10000 955 100 2e-19 0.00346149853113 0.0 0.0 0.0
10000 10000 955 100 5e-19 0.00343262041158 0.0 0.0 0.0
10000 10000 955 100 7e-19 0.00341350539539 0.0 0.0 0.0
10000 10000 955 100 1e-18 0.00338503687518 0.0 0.0 0.0
10000 10000 955 100 2e-18 0.00329188432853 0.0 0.0 0.0
10000 10000 955 100 5e-18 0.00302785834703 0.0 0.0 0.0
10000 10000 955 100 7e-18 0.00286397572117 0.0 0.0 0.0
10000 10000 955 100 1e-17 0.00263499689037 0.0 0.0 0.0
10000 10000 955 100 2e-17 0.00199837920202 0.0 0.0 0.0
10000 10000 955 100 5e-17 0.000882062547306 0.0 0.0 0.0
10000 10000 955 100 7e-17 0.000516848303208 0.0 0.0 0.0
10000 10000 955 100 1e-16 0.000236141649048 0.0 0.0 0.0
10000 10000 955 100 1e-15 3.06849983792e-08 0.0 0.0 0.0
10000 10000 955 100 1e-14 8.85340021108e-29 0.0 0.0 0.0
10000 10000 955 100 1e-12 0.0 0.0 0.0 0.0
10000 10000 955 100 1e-10 0.0 0.0 0.0 0.0
