10000 10000 1355 390 1e-22 0.33609649769 0.336065019636 0.335416574654 0.0
10000 10000 1355 390 1e-20 0.335991034223 0.335959573423 0.335311338433 0.0
10000 10000 1355 390 1e-19 0.335033773992 0.335002469618 0.334356140924 0.0
10000 10000 1355 390 2e-19 0.333973312365 0.333942180903 0.333297964564 0.0
10000 10000 1355 390 5e-19 0.330811799048 0.330781180722 0.330143265179 0.0
10000 10000 1355 390 7e-19 0.328720589812 0.328690308955 0.328056563793 0.0
10000 10000 1355 390 1e-18 0.32560828943 0.325578507931 0.324950973273 0.0
10000 10000 1355 390 2e-18 0.315443404763 0.315415229916 0.314808008968 0.0
10000 10000 1355 390 5e-18 0.286804299649 0.286780447286 0.286230665155 0.0
10000 10000 1355 390 7e-18 0.269170025968 0.269148681063 0.268634376384 0.0
10000 10000 1355 390 1e-17 0.24473874375 0.24472067247 0.244255591485 0.0
10000 10000 1355 390 2e-17 0.178360513827 0.178350107998 0.178018527091 0.0
10000 10000 1355 390 5e-17 0.0700631072457 0.0700610175576 0.0699412494925 0.0
10000 10000 1355 390 7e-17 0.0381796189624 0.0381788676158 0.038117560556 0.0
10000 10000 1355 390 1e-16 0.015739917167 0.0157397443172 0.0157168320966 0.0
10000 10000 1355 390 1e-15 9.61964693795e-11 9.61964693775e-11 9.61949920438e-11 0.0
10000 10000 1355 390 1e-14 7.30179420098e-58 7.30179420098e-58 7.30179420098e-58 0.0
10000 10000 1355 390 1e-12 0.0 0.0 0.0 0.0
10000 10000 1355 390 1e-10 0.0 0.0 0.0 0.0
