10000 10000 905 330 1e-22 0.501278117343 0.501184725151 0.0 0.0
10000 10000 905 330 1e-20 0.501123615678 0.501030257145 0.0 0.0
10000 10000 905 330 1e-19 0.499720944477 0.499627891697 0.0 0.0
10000 10000 905 330 2e-19 0.498166411429 0.498073697877 0.0 0.0
10000 10000 905 330 5e-19 0.493527980295 0.493436281191 0.0 0.0
10000 10000 905 330 7e-19 0.490456628667 0.490365603079 0.0 0.0
10000 10000 905 330 1e-18 0.485880925701 0.48579090604 0.0 0.0
10000 10000 905 330 2e-18 0.470898647313 0.470811940557 0.0 0.0
10000 10000 905 330 5e-18 0.428400052031 0.428322859593 0.0 0.0
10000 10000 905 330 7e-18 0.402046307382 0.401975060293 0.0 0.0
10000 10000 905 330 1e-17 0.365340628186 0.365277656046 0.0 0.0
10000 10000 905 330 2e-17 0.264848775525 0.264807854614 0.0 0.0
10000 10000 905 330 5e-17 0.101101160463 0.101090656941 0.0 0.0
10000 10000 905 330 7e-17 0.0539446668515 0.0539404304381 0.0 0.0
10000 10000 905 330 1e-16 0.0215856584289 0.0215845405253 0.0 0.0
10000 10000 905 330 1e-15 1.15525740927e-10 1.15525740921e-10 0.0 0.0
10000 10000 905 330 1e-14 8.92280694261e-58 8.92280694261e-58 0.0 0.0
10000 10000 905 330 1e-12 0.0 0.0 0.0 0.0
10000 10000 905 330 1e-10 0.0 0.0 0.0 0.0
