10000 10000 2955 1200 1e-22 0.411799263901 0.411799263901 0.411786582949 0.411693283534
10000 10000 2955 1200 1e-20 0.411632324548 0.411632324548 0.411619656832 0.411526401624
10000 10000 2955 1200 1e-19 0.410118030355 0.410118030355 0.410105482304 0.410012627949
10000 10000 2955 1200 2e-19 0.408442509167 0.408442509167 0.408430092696 0.408337681554
10000 10000 2955 1200 5e-19 0.403459987614 0.403459987614 0.403447957322 0.40335686219
10000 10000 2955 1200 7e-19 0.400174659567 0.400174659567 0.40016287975 0.400072650739
10000 10000 2955 1200 1e-18 0.395300507762 0.395300507762 0.395289093506 0.395200147113
10000 10000 2955 1200 2e-18 0.379509010524 0.379509010524 0.379498731598 0.379413921268
10000 10000 2955 1200 5e-18 0.336067507981 0.336067507981 0.336059978896 0.335986392875
10000 10000 2955 1200 7e-18 0.310090837463 0.310090837463 0.310084703762 0.310017720102
10000 10000 2955 1200 1e-17 0.275079241079 0.275079241079 0.275074712707 0.275016493034
10000 10000 2955 1200 2e-17 0.185811536533 0.185811536533 0.185809827409 0.185773162285
10000 10000 2955 1200 5e-17 0.0605153609621 0.0605153609621 0.0605152305933 0.0605057955134
10000 10000 2955 1200 7e-17 0.0297316555796 0.0297316555796 0.0297316260169 0.0297277239151
10000 10000 2955 1200 1e-16 0.0106894034122 0.0106894034122 0.0106893995822 0.0106883272211
10000 10000 2955 1200 1e-15 8.34590947951e-13 8.34590947951e-13 8.34590947951e-13 8.3459094161e-13
10000 10000 2955 1200 1e-14 1.52195569868e-82 1.52195569868e-82 1.52195569868e-82 1.52195569868e-82
10000 10000 2955 1200 1e-12 0.0 0.0 0.0 0.0
10000 10000 2955 1200 1e-10 0.0 0.0 0.0 0.0
