10000 10000 655 230 1e-22 0.449665650767 0.449161253577 0.0 0.0
10000 10000 655 230 1e-20 0.449524226025 0.449019974377 0.0 0.0
10000 10000 655 230 1e-19 0.448240478464 0.447737548988 0.0 0.0
10000 10000 655 230 2e-19 0.446818168575 0.446316706171 0.0 0.0
10000 10000 655 230 5e-19 0.442576886673 0.442079812603 0.0 0.0
10000 10000 655 230 7e-19 0.439770639203 0.439276479743 0.0 0.0
10000 10000 655 230 1e-18 0.435592979663 0.435103175293 0.0 0.0
10000 10000 655 230 2e-18 0.421939038981 0.421463599669 0.0 0.0
10000 10000 655 230 5e-18 0.383398121051 0.382964241384 0.0 0.0
10000 10000 655 230 7e-18 0.359621690584 0.359214122677 0.0 0.0
10000 10000 655 230 1e-17 0.326636219311 0.32626588987 0.0 0.0
10000 10000 655 230 2e-17 0.236883812542 0.236618048431 0.0 0.0
10000 10000 655 230 5e-17 0.0911220271384 0.0910283339607 0.0 0.0
10000 10000 655 230 7e-17 0.048885157494 0.0488386122566 0.0 0.0
10000 10000 655 230 1e-16 0.0196808670968 0.0196643119206 0.0 0.0
10000 10000 655 230 1e-15 1.10429931305e-10 1.10429708762e-10 0.0 0.0
10000 10000 655 230 1e-14 1.42556568145e-56 1.42556568145e-56 0.0 0.0
10000 10000 655 230 1e-12 0.0 0.0 0.0 0.0
10000 10000 655 230 1e-10 0.0 0.0 0.0 0.0
