10000 10000 655 500 1e-22 0.628671026064 0.628656273272 0.628086455331 0.625889496985
10000 10000 655 500 1e-20 0.628470443389 0.628455694493 0.627885919393 0.625689222111
10000 10000 655 500 1e-19 0.626648970437 0.626634257133 0.626064879608 0.623870576454
10000 10000 655 500 2e-19 0.624629360562 0.624614687157 0.624045768359 0.621854168858
10000 10000 655 500 5e-19 0.618597516817 0.618582965249 0.618015527094 0.615832306104
10000 10000 655 500 7e-19 0.614598922655 0.614584453999 0.61401808725 0.611840667627
10000 10000 655 500 1e-18 0.608635260529 0.608620918588 0.608056280074 0.605887871901
10000 10000 655 500 2e-18 0.589057009678 0.589043107719 0.588485197566 0.586349291074
10000 10000 655 500 5e-18 0.533171501409 0.533159020653 0.53262832579 0.53060760944
10000 10000 655 500 7e-18 0.49833267308 0.498321169097 0.497812650391 0.495878593118
10000 10000 655 500 1e-17 0.449693972151 0.449683902656 0.449211939455 0.447415273993
10000 10000 655 500 2e-17 0.316954245644 0.316948172163 0.316601063234 0.315257538681
10000 10000 655 500 5e-17 0.109624802048 0.109623731333 0.109509836495 0.109027042636
10000 10000 655 500 7e-17 0.054907041992 0.0549067204691 0.054853909919 0.05461478289
10000 10000 655 500 1e-16 0.0201837803077 0.0201837273049 0.020166580554 0.0200813213259
10000 10000 655 500 1e-15 2.1604788618e-11 2.1604788618e-11 2.16046279053e-11 2.15899738851e-11
10000 10000 655 500 1e-14 8.25301904007e-58 8.25301904007e-58 8.25301904007e-58 8.25301904007e-58
10000 10000 655 500 1e-12 0.0 0.0 0.0 0.0
10000 10000 655 500 1e-10 0.0 0.0 0.0 0.0
