10000 10000 1055 900 1e-22 0.519113521864 0.519113396136 0.519045668821 0.518727369183
10000 10000 1055 900 1e-20 0.518914825553 0.518914699909 0.518846996952 0.518528729993
10000 10000 1055 900 1e-19 0.517111315024 0.517111190148 0.517043708719 0.516725743707
10000 10000 1055 900 2e-19 0.515113373536 0.515113249507 0.515046014419 0.514728395055
10000 10000 1055 900 5e-19 0.509157192519 0.509157070998 0.509090575991 0.508774055863
10000 10000 1055 900 7e-19 0.505217776386 0.505217656508 0.505151655572 0.504835918373
10000 10000 1055 900 1e-18 0.49935569843 0.499355580975 0.499290321788 0.498975830633
10000 10000 1055 900 2e-18 0.480222574134 0.480222464409 0.48015967758 0.479849907112
10000 10000 1055 900 5e-18 0.426541201954 0.426541112498 0.426485617481 0.426194013675
10000 10000 1055 900 7e-18 0.393773128287 0.393773050218 0.393722204852 0.393444885155
10000 10000 1055 900 1e-17 0.348926240993 0.348926177346 0.348881856025 0.348627506077
10000 10000 1055 900 2e-17 0.232098573098 0.232098540878 0.23207144708 0.23189200165
10000 10000 1055 900 5e-17 0.06917268998 0.0691726858002 0.0691671244679 0.0691150380543
10000 10000 1055 900 7e-17 0.031929967631 0.0319299665599 0.0319280368542 0.031905638465
10000 10000 1055 900 1e-16 0.0105901172709 0.0105901171319 0.0105897083048 0.0105831452342
10000 10000 1055 900 1e-15 8.44200730682e-13 8.44200730682e-13 8.4420073068e-13 8.44181267913e-13
10000 10000 1055 900 1e-14 1.72519234259e-82 1.72519234259e-82 1.72519234259e-82 1.72519234259e-82
10000 10000 1055 900 1e-12 0.0 0.0 0.0 0.0
10000 10000 1055 900 1e-10 0.0 0.0 0.0 0.0
