10000 10000 705 310 1e-22 0.590740377997 0.590541702739 0.0 0.0
10000 10000 705 310 1e-20 0.590557289748 0.590358679915 0.0 0.0
10000 10000 705 310 1e-19 0.588894943287 0.588696928043 0.0 0.0
10000 10000 705 310 2e-19 0.587052313719 0.586854958724 0.0 0.0
10000 10000 705 310 5e-19 0.581552364733 0.581356987698 0.0 0.0
10000 10000 705 310 7e-19 0.577909023411 0.577714962452 0.0 0.0
10000 10000 705 310 1e-18 0.572478957431 0.572286866279 0.0 0.0
10000 10000 705 310 2e-18 0.554681517657 0.554495948243 0.0 0.0
10000 10000 705 310 5e-18 0.504068307307 0.503901740308 0.0 0.0
10000 10000 705 310 7e-18 0.472605201435 0.472450697278 0.0 0.0
10000 10000 705 310 1e-17 0.428714490551 0.428576997319 0.0 0.0
10000 10000 705 310 2e-17 0.308439469384 0.308348465563 0.0 0.0
10000 10000 705 310 5e-17 0.114372282311 0.114348115669 0.0 0.0
10000 10000 705 310 7e-17 0.0598710771972 0.0598611602942 0.0 0.0
10000 10000 705 310 1e-16 0.0233502924204 0.023347596216 0.0 0.0
10000 10000 705 310 1e-15 1.00233036397e-10 1.00233035451e-10 0.0 0.0
10000 10000 705 310 1e-14 4.69509848949e-57 4.69509848949e-57 0.0 0.0
10000 10000 705 310 1e-12 0.0 0.0 0.0 0.0
10000 10000 705 310 1e-10 0.0 0.0 0.0 0.0
