10000 10000 955 800 1e-22 0.572081409367 0.57206859584 0.571962013622 0.571559371327
10000 10000 955 800 1e-20 0.571879205176 0.571866409075 0.571759852618 0.571357246249
10000 10000 955 800 1e-19 0.570043323783 0.570030685012 0.569924363766 0.569522089934
10000 10000 955 800 2e-19 0.568008406352 0.567995940104 0.567889882327 0.567487990369
10000 10000 955 800 5e-19 0.561935055212 0.561923092395 0.561817837899 0.561417167699
10000 10000 955 800 7e-19 0.557912450378 0.557900811728 0.557796102948 0.557396308582
10000 10000 955 800 1e-18 0.551918224676 0.551907055719 0.551803179782 0.55140478704
10000 10000 955 800 2e-18 0.532284655902 0.532274918685 0.532173926877 0.531780904658
10000 10000 955 800 5e-18 0.476641373329 0.476634912826 0.476543219309 0.476171304305
10000 10000 955 800 7e-18 0.442275198307 0.442270277646 0.442185000156 0.441829939214
10000 10000 955 800 1e-17 0.394748017082 0.394744739047 0.394668964351 0.394341304123
10000 10000 955 800 2e-17 0.268154489845 0.268153620833 0.268105124346 0.267868743203
10000 10000 955 800 5e-17 0.0834405008404 0.0834404734433 0.0834297903991 0.0833561846347
10000 10000 955 800 7e-17 0.0392054130447 0.0392054079372 0.039201589119 0.0391684993
10000 10000 955 800 1e-16 0.0132229495086 0.0132229488478 0.013222103332 0.0132118194637
10000 10000 955 800 1e-15 2.38551998923e-12 2.38551998923e-12 2.38551997064e-12 2.38547090627e-12
10000 10000 955 800 1e-14 2.09199134697e-63 2.09199134697e-63 2.09199134697e-63 2.09199134697e-63
10000 10000 955 800 1e-12 0.0 0.0 0.0 0.0
10000 10000 955 800 1e-10 0.0 0.0 0.0 0.0
