10000 10000 1155 350 1e-22 0.399121649849 0.399059919583 0.39778891065 0.0
10000 10000 1155 350 1e-20 0.398994053771 0.398932354567 0.397661716766 0.0
10000 10000 1155 350 1e-19 0.397835936152 0.397774518617 0.396507251132 0.0
10000 10000 1155 350 2e-19 0.396553033954 0.396491927885 0.39522839757 0.0
10000 10000 1155 350 5e-19 0.39272881437 0.392668633296 0.391416266187 0.0
10000 10000 1155 350 7e-19 0.390199624458 0.390140052286 0.388895086926 0.0
10000 10000 1155 350 1e-18 0.386436042988 0.386377372678 0.385143449098 0.0
10000 10000 1155 350 2e-18 0.374148800422 0.374093039056 0.372895390567 0.0
10000 10000 1155 350 5e-18 0.339571875127 0.33952400244 0.338430219153 0.0
10000 10000 1155 350 7e-18 0.318314971417 0.318271724399 0.317243029578 0.0
10000 10000 1155 350 1e-17 0.288911746045 0.288874605492 0.287937377258 0.0
10000 10000 1155 350 2e-17 0.209350788435 0.209328362199 0.208645871929 0.0
10000 10000 1155 350 5e-17 0.0809923387374 0.080987197931 0.0807297716718 0.0
10000 10000 1155 350 7e-17 0.0437465360712 0.0437445391485 0.0436100348959 0.0
10000 10000 1155 350 1e-16 0.0178152332797 0.017814726013 0.0177631995328 0.0
10000 10000 1155 350 1e-15 1.09679782065e-10 1.09679782065e-10 1.0967700708e-10 0.0
10000 10000 1155 350 1e-14 1.51584381059e-57 1.51584381059e-57 1.51584381059e-57 0.0
10000 10000 1155 350 1e-12 0.0 0.0 0.0 0.0
10000 10000 1155 350 1e-10 0.0 0.0 0.0 0.0
