10000 10000 1105 230 1e-22 0.0876724905669 0.0875941427612 0.0 0.0
10000 10000 1105 230 1e-20 0.0876459481815 0.0875676278409 0.0 0.0
10000 10000 1105 230 1e-19 0.087405041552 0.087326970442 0.0 0.0
10000 10000 1105 230 2e-19 0.0871381851319 0.0870603899914 0.0 0.0
10000 10000 1105 230 5e-19 0.0863427510674 0.0862657778509 0.0 0.0
10000 10000 1105 230 7e-19 0.0858167119449 0.0857402817274 0.0 0.0
10000 10000 1105 230 1e-18 0.0850339709625 0.0849583478913 0.0 0.0
10000 10000 1105 230 2e-18 0.0824786656076 0.0824056704721 0.0 0.0
10000 10000 1105 230 5e-18 0.0752862167479 0.075220557654 0.0 0.0
10000 10000 1105 230 7e-18 0.0708600499037 0.0707988575173 0.0 0.0
10000 10000 1105 230 1e-17 0.0647264642811 0.0646713956843 0.0 0.0
10000 10000 1105 230 2e-17 0.0480034828924 0.047964654485 0.0 0.0
10000 10000 1105 230 5e-17 0.0200506468571 0.0200367810388 0.0 0.0
10000 10000 1105 230 7e-17 0.0113940606996 0.0113869778231 0.0 0.0
10000 10000 1105 230 1e-16 0.00498411655713 0.00498147783959 0.0 0.0
10000 10000 1105 230 1e-15 1.22332849292e-10 1.22332793012e-10 0.0 0.0
10000 10000 1105 230 1e-14 2.62629590783e-55 2.62629590783e-55 0.0 0.0
10000 10000 1105 230 1e-12 0.0 0.0 0.0 0.0
10000 10000 1105 230 1e-10 0.0 0.0 0.0 0.0
