10000 10000 955 250 1e-22 0.230212928741 0.230027921301 0.0 0.0
10000 10000 955 250 1e-20 0.230137364822 0.229952432018 0.0 0.0
10000 10000 955 250 1e-19 0.229451602352 0.229267346638 0.0 0.0
10000 10000 955 250 2e-19 0.228692136572 0.228508630187 0.0 0.0
10000 10000 955 250 5e-19 0.226429391267 0.22624811409 0.0 0.0
10000 10000 955 250 7e-19 0.224933846253 0.2247540397 0.0 0.0
10000 10000 955 250 1e-18 0.222709774909 0.222532151281 0.0 0.0
10000 10000 955 250 2e-18 0.215460097824 0.215289555383 0.0 0.0
10000 10000 955 250 5e-18 0.195149930764 0.194998935694 0.0 0.0
10000 10000 955 250 7e-18 0.18272736279 0.182588101095 0.0 0.0
10000 10000 955 250 1e-17 0.165619075912 0.165495676633 0.0 0.0
10000 10000 955 250 2e-17 0.119717533196 0.119634770982 0.0 0.0
10000 10000 955 250 5e-17 0.0465199403286 0.0464941193701 0.0 0.0
10000 10000 955 250 7e-17 0.0253165824796 0.0253043959312 0.0 0.0
10000 10000 955 250 1e-16 0.0104510644473 0.0104469846034 0.0 0.0
10000 10000 955 250 1e-15 1.43017101206e-10 1.43017094149e-10 0.0 0.0
10000 10000 955 250 1e-14 1.57062489883e-57 1.57062489883e-57 0.0 0.0
10000 10000 955 250 1e-12 0.0 0.0 0.0 0.0
10000 10000 955 250 1e-10 0.0 0.0 0.0 0.0
