10000 10000 1455 340 1e-22 0.163527123207 0.163512972335 0.16295936995 0.0
10000 10000 1455 340 1e-20 0.163477641482 0.163463497337 0.162910075467 0.0
10000 10000 1455 340 1e-19 0.163028508881 0.163014425745 0.162462642256 0.0
10000 10000 1455 340 2e-19 0.162530951573 0.162516935913 0.161966967218 0.0
10000 10000 1455 340 5e-19 0.161047573497 0.161033758335 0.160489198626 0.0
10000 10000 1455 340 7e-19 0.160066352266 0.160052669169 0.159511686129 0.0
10000 10000 1455 340 1e-18 0.158605972432 0.158592485066 0.158056823385 0.0
10000 10000 1455 340 2e-18 0.153835777748 0.153822922775 0.153304626229 0.0
10000 10000 1455 340 5e-18 0.140388562515 0.14037743171 0.139907933098 0.0
10000 10000 1455 340 7e-18 0.13209999477 0.13208988226 0.131650329294 0.0
10000 10000 1455 340 1e-17 0.120600368912 0.120591610652 0.120193405064 0.0
10000 10000 1455 340 2e-17 0.0891987646483 0.0891933316969 0.0889064996616 0.0
10000 10000 1455 340 5e-17 0.0368377958498 0.0368364660283 0.0367271393425 0.0
10000 10000 1455 340 7e-17 0.020784844828 0.0207843107837 0.0207257312795 0.0
10000 10000 1455 340 1e-16 0.00901911841694 0.00901897691844 0.00899539298054 0.0
10000 10000 1455 340 1e-15 1.71621076515e-10 1.71621076514e-10 1.71617898342e-10 0.0
10000 10000 1455 340 1e-14 1.84762899016e-58 1.84762899016e-58 1.84762899016e-58 0.0
10000 10000 1455 340 1e-12 0.0 0.0 0.0 0.0
10000 10000 1455 340 1e-10 0.0 0.0 0.0 0.0
