10000 10000 1955 280 1e-22 0.0103382589912 0.0103369697078 0.0 0.0
10000 10000 1955 280 1e-20 0.0103352896752 0.010334000921 0.0 0.0
10000 10000 1955 280 1e-19 0.0103083365141 0.0103070525601 0.0 0.0
10000 10000 1955 280 2e-19 0.0102784742186 0.0102771955773 0.0 0.0
10000 10000 1955 280 5e-19 0.010189425593 0.0101881627582 0.0 0.0
10000 10000 1955 280 7e-19 0.0101305055948 0.0101292531889 0.0 0.0
10000 10000 1955 280 1e-18 0.0100427886689 0.0100415517449 0.0 0.0
10000 10000 1955 280 2e-18 0.00975605654676 0.00975486985957 0.0 0.0
10000 10000 1955 280 5e-18 0.00894581347691 0.00894476557948 0.0 0.0
10000 10000 1955 280 7e-18 0.00844476908578 0.0084438045699 0.0 0.0
10000 10000 1955 280 1e-17 0.00774720950107 0.00774635777756 0.0 0.0
10000 10000 1955 280 2e-17 0.00582425548869 0.00582369277019 0.0 0.0
10000 10000 1955 280 5e-17 0.00252108653844 0.00252092416515 0.0 0.0
10000 10000 1955 280 7e-17 0.00146424154596 0.00146417061258 0.0 0.0
10000 10000 1955 280 1e-16 0.00066221295175 0.00066219245886 0.0 0.0
10000 10000 1955 280 1e-15 1.87022017198e-10 1.87022017198e-10 0.0 0.0
10000 10000 1955 280 1e-14 1.49322223148e-56 1.49322223148e-56 0.0 0.0
10000 10000 1955 280 1e-12 0.0 0.0 0.0 0.0
10000 10000 1955 280 1e-10 0.0 0.0 0.0 0.0
