10000 10000 1055 220 1e-22 0.0862820537458 0.0861820808888 0.0 0.0
10000 10000 1055 220 1e-20 0.0862557645329 0.0861558259918 0.0 0.0
10000 10000 1055 220 1e-19 0.0860171609259 0.0859175337887 0.0 0.0
10000 10000 1055 220 2e-19 0.0857528664351 0.0856535841258 0.0 0.0
10000 10000 1055 220 5e-19 0.0849651363291 0.0848668811169 0.0 0.0
10000 10000 1055 220 7e-19 0.084444247444 0.0843466708536 0.0 0.0
10000 10000 1055 220 1e-18 0.0836692515016 0.0835726837695 0.0 0.0
10000 10000 1055 220 2e-18 0.0811399069628 0.0810466248893 0.0 0.0
10000 10000 1055 220 5e-18 0.0740260435572 0.0739419423671 0.0 0.0
10000 10000 1055 220 7e-18 0.0696522360701 0.0695737320809 0.0 0.0
10000 10000 1055 220 1e-17 0.0635961792705 0.0635253594773 0.0 0.0
10000 10000 1055 220 2e-17 0.0471134895049 0.0470631260848 0.0 0.0
10000 10000 1055 220 5e-17 0.0196568959104 0.0196383921886 0.0 0.0
10000 10000 1055 220 7e-17 0.0111786411297 0.0111689960178 0.0 0.0
10000 10000 1055 220 1e-16 0.00490578465323 0.00490207701118 0.0 0.0
10000 10000 1055 220 1e-15 1.59527518365e-10 1.59526923773e-10 0.0 0.0
10000 10000 1055 220 1e-14 4.36148351025e-52 4.36148351025e-52 0.0 0.0
10000 10000 1055 220 1e-12 0.0 0.0 0.0 0.0
10000 10000 1055 220 1e-10 0.0 0.0 0.0 0.0
