10000 10000 1805 310 1e-22 0.0265961088573 0.0265920185891 0.0 0.0
10000 10000 1805 310 1e-20 0.0265884485813 0.0265843603503 0.0 0.0
10000 10000 1805 310 1e-19 0.0265189179139 0.0265148481563 0.0 0.0
10000 10000 1805 310 2e-19 0.0264418897689 0.0264378404384 0.0 0.0
10000 10000 1805 310 5e-19 0.0262122384321 0.026208249762 0.0 0.0
10000 10000 1805 310 7e-19 0.0260603238154 0.026056375074 0.0 0.0
10000 10000 1805 310 1e-18 0.0258342154838 0.0258303258783 0.0 0.0
10000 10000 1805 310 2e-18 0.0250955526095 0.0250918537278 0.0 0.0
10000 10000 1805 310 5e-18 0.023011888086 0.0230087064833 0.0 0.0
10000 10000 1805 310 7e-18 0.0217259814683 0.0217231034203 0.0 0.0
10000 10000 1805 310 1e-17 0.0199388787254 0.0199364019828 0.0 0.0
10000 10000 1805 310 2e-17 0.0150290531797 0.0150275485384 0.0 0.0
10000 10000 1805 310 5e-17 0.00661781288077 0.00661746792624 0.0 0.0
10000 10000 1805 310 7e-17 0.00390544224053 0.00390531025152 0.0 0.0
10000 10000 1805 310 1e-16 0.00181248559451 0.00181245317937 0.0 0.0
10000 10000 1805 310 1e-15 2.56214647967e-10 2.56214647967e-10 0.0 0.0
10000 10000 1805 310 1e-14 1.33052963859e-56 1.33052963859e-56 0.0 0.0
10000 10000 1805 310 1e-12 0.0 0.0 0.0 0.0
10000 10000 1805 310 1e-10 0.0 0.0 0.0 0.0
