10000 10000 655 100 1e-22 0.0240826718096 0.0 0.0 0.0
10000 10000 655 100 1e-20 0.0240764419526 0.0 0.0 0.0
10000 10000 655 100 1e-19 0.0240198826682 0.0 0.0 0.0
10000 10000 655 100 2e-19 0.0239571988633 0.0 0.0 0.0
10000 10000 655 100 5e-19 0.0237701524733 0.0 0.0 0.0
10000 10000 655 100 7e-19 0.0236462878113 0.0 0.0 0.0
10000 10000 655 100 1e-18 0.0234617310945 0.0 0.0 0.0
10000 10000 655 100 2e-18 0.0228571447567 0.0 0.0 0.0
10000 10000 655 100 5e-18 0.0211375045385 0.0 0.0 0.0
10000 10000 655 100 7e-18 0.0200653349564 0.0 0.0 0.0
10000 10000 655 100 1e-17 0.0185606259424 0.0 0.0 0.0
10000 10000 655 100 2e-17 0.0143297874892 0.0 0.0 0.0
10000 10000 655 100 5e-17 0.00666328459829 0.0 0.0 0.0
10000 10000 655 100 7e-17 0.00403366099332 0.0 0.0 0.0
10000 10000 655 100 1e-16 0.00192394751761 0.0 0.0 0.0
10000 10000 655 100 1e-15 2.24592431039e-08 0.0 0.0 0.0
10000 10000 655 100 1e-14 3.55698323988e-29 0.0 0.0 0.0
10000 10000 655 100 1e-12 0.0 0.0 0.0 0.0
10000 10000 655 100 1e-10 0.0 0.0 0.0 0.0
