10000 10000 1355 950 1e-22 0.557794081744 0.557793956016 0.557748376821 0.557424957925
10000 10000 1355 950 1e-20 0.557564411295 0.557564285648 0.557518725948 0.557195388057
10000 10000 1355 950 1e-19 0.55548060747 0.555480482566 0.555435099917 0.555112500188
10000 10000 1355 950 2e-19 0.553173936185 0.5531738121 0.553128625816 0.552806849884
10000 10000 1355 950 5e-19 0.546308382852 0.546308261195 0.546263661671 0.545944378949
10000 10000 1355 950 7e-19 0.541776451291 0.541776331227 0.541732120862 0.541414517444
10000 10000 1355 950 1e-18 0.535045649989 0.535045532274 0.535001902505 0.534686841815
10000 10000 1355 950 2e-18 0.513182039781 0.513181929568 0.513140206003 0.512833797036
10000 10000 1355 950 5e-18 0.452634657101 0.452634566649 0.452598255586 0.452318749463
10000 10000 1355 950 7e-18 0.416196624637 0.416196545348 0.416163559633 0.415902156228
10000 10000 1355 950 1e-17 0.366894249827 0.366894184754 0.366865739967 0.366630869392
10000 10000 1355 950 2e-17 0.241060759921 0.241060726242 0.24104376155 0.240885355384
10000 10000 1355 950 5e-17 0.0704523534652 0.0704523487959 0.070448989219 0.0704056911389
10000 10000 1355 950 7e-17 0.0321855947752 0.0321855935245 0.0321844469427 0.0321662800208
10000 10000 1355 950 1e-16 0.010500523824 0.0105005236506 0.0105002867226 0.010495144068
10000 10000 1355 950 1e-15 6.99916714268e-13 6.99916714268e-13 6.99916714267e-13 6.99912753787e-13
10000 10000 1355 950 1e-14 6.87180178767e-74 6.87180178767e-74 6.87180178767e-74 6.87180178767e-74
10000 10000 1355 950 1e-12 0.0 0.0 0.0 0.0
10000 10000 1355 950 1e-10 0.0 0.0 0.0 0.0
