10000 10000 855 600 1e-22 0.687180294607 0.687177090229 0.686741914491 0.685711942873
10000 10000 855 600 1e-20 0.686956897609 0.686953694733 0.68651864397 0.685488638809
10000 10000 855 600 1e-19 0.68492810227 0.684924913039 0.684490998747 0.683460708589
10000 10000 855 600 2e-19 0.682678310543 0.682675136452 0.682242485581 0.681211920504
10000 10000 855 600 5e-19 0.675957128083 0.67595399926 0.675525142319 0.674494010255
10000 10000 855 600 7e-19 0.671500072767 0.671496973989 0.671070648785 0.67003934764
10000 10000 855 600 1e-18 0.664850543789 0.664847489866 0.664424964774 0.663393711884
10000 10000 855 600 2e-18 0.643004569064 0.643001662581 0.642591808319 0.641563155075
10000 10000 855 600 5e-18 0.580545385631 0.580542897921 0.580170683054 0.579168199846
10000 10000 855 600 7e-18 0.541566542626 0.541564311125 0.54121649812 0.540242742417
10000 10000 855 600 1e-17 0.487144873267 0.487142988676 0.48683020335 0.485910247191
10000 10000 855 600 2e-17 0.339066149577 0.33906511373 0.338851523376 0.338143307276
10000 10000 855 600 5e-17 0.112261549816 0.11226139956 0.112200305523 0.111946005838
10000 10000 855 600 7e-17 0.0546379855722 0.0546379453834 0.0546117991784 0.0544884530694
10000 10000 855 600 1e-16 0.0193111402881 0.0193111347534 0.0193036032189 0.0192612221798
10000 10000 855 600 1e-15 5.50133248128e-12 5.50133248128e-12 5.50132445471e-12 5.49827451224e-12
10000 10000 855 600 1e-14 2.48247771404e-68 2.48247771404e-68 2.48247771404e-68 2.48247771404e-68
10000 10000 855 600 1e-12 0.0 0.0 0.0 0.0
10000 10000 855 600 1e-10 0.0 0.0 0.0 0.0
