10000 10000 655 350 1e-22 0.649863974203 0.649706267045 0.64785271818 0.0
10000 10000 655 350 1e-20 0.649661198882 0.649503537684 0.647650186013 0.0
10000 10000 655 350 1e-19 0.64781981494 0.647662572092 0.645811029465 0.0
10000 10000 655 350 2e-19 0.645778126901 0.645621349983 0.643771851674 0.0
10000 10000 655 350 5e-19 0.639680308997 0.63952493638 0.637681782217 0.0
10000 10000 655 350 7e-19 0.635637924481 0.635483493068 0.633644739091 0.0
10000 10000 655 350 1e-18 0.629608818607 0.62945580569 0.627623897896 0.0
10000 10000 655 350 2e-18 0.609813823838 0.609665584787 0.607858470476 0.0
10000 10000 655 350 5e-18 0.553276569769 0.553142794136 0.551424558115 0.0
10000 10000 655 350 7e-18 0.517990410172 0.517866140484 0.516215601504 0.0
10000 10000 655 350 1e-17 0.468649561763 0.468538995364 0.466997015181 0.0
10000 10000 655 350 2e-17 0.333306057681 0.333233885115 0.332059193946 0.0
10000 10000 655 350 5e-17 0.118321697523 0.118304164285 0.117864553054 0.0
10000 10000 655 350 7e-17 0.0601991029757 0.0601924196664 0.059971331535 0.0
10000 10000 655 350 1e-16 0.0226243721988 0.0226227650372 0.0225430171159 0.0
10000 10000 655 350 1e-15 6.03137711302e-11 6.03137711284e-11 6.03099527168e-11 0.0
10000 10000 655 350 1e-14 5.91626757287e-58 5.91626757287e-58 5.91626757287e-58 0.0
10000 10000 655 350 1e-12 0.0 0.0 0.0 0.0
10000 10000 655 350 1e-10 0.0 0.0 0.0 0.0
