10000 10000 1255 700 1e-22 0.691453749746 0.691351673762 0.690851488574 0.690181518619
10000 10000 1255 700 1e-20 0.691218390138 0.691116409207 0.690616551951 0.689946644645
10000 10000 1255 700 1e-19 0.689081629766 0.688980508853 0.68848362228 0.687814292496
10000 10000 1255 700 2e-19 0.686713525156 0.686613351209 0.686119743269 0.685451071895
10000 10000 1255 700 5e-19 0.679647620768 0.67955023419 0.679066324092 0.678399730822
10000 10000 1255 700 7e-19 0.674969070956 0.67487349887 0.67439594065 0.67373081579
10000 10000 1255 700 1e-18 0.667999401803 0.667906487494 0.667438290397 0.666775487374
10000 10000 1255 700 2e-18 0.645185302339 0.645100718905 0.64466233323 0.644008221453
10000 10000 1255 700 5e-18 0.580597261699 0.580533410088 0.580172879741 0.579551740141
10000 10000 1255 700 7e-18 0.540708765354 0.540655800597 0.540338839932 0.539743614532
10000 10000 1255 700 1e-17 0.485471335411 0.485431292026 0.485169405146 0.484616199382
10000 10000 1255 700 2e-17 0.337227450273 0.337211592587 0.337070181083 0.336658715936
10000 10000 1255 700 5e-17 0.113044891866 0.113043862086 0.113017637109 0.112875314031
10000 10000 1255 700 7e-17 0.0557479851612 0.0557478136101 0.0557383468476 0.0556699749341
10000 10000 1255 700 1e-16 0.0200944905291 0.0200944783407 0.0200922055688 0.0200689801403
10000 10000 1255 700 1e-15 1.33346277197e-11 1.33346277197e-11 1.33346270627e-11 1.33342372835e-11
10000 10000 1255 700 1e-14 8.65574894809e-60 8.65574894809e-60 8.65574894809e-60 8.65574894809e-60
10000 10000 1255 700 1e-12 0.0 0.0 0.0 0.0
10000 10000 1255 700 1e-10 0.0 0.0 0.0 0.0
