10000 10000 555 310 1e-22 0.648467906015 0.648197843351 0.0 0.0
10000 10000 555 310 1e-20 0.648266394094 0.647996393081 0.0 0.0
10000 10000 555 310 1e-19 0.64643650541 0.646167066684 0.0 0.0
10000 10000 555 310 2e-19 0.644407610009 0.644138799845 0.0 0.0
10000 10000 555 310 5e-19 0.63834828785 0.638081386455 0.0 0.0
10000 10000 555 310 7e-19 0.634331656059 0.634066045507 0.0 0.0
10000 10000 555 310 1e-18 0.628341294485 0.628077645939 0.0 0.0
10000 10000 555 310 2e-18 0.608676166077 0.608419253784 0.0 0.0
10000 10000 555 310 5e-18 0.552528639759 0.55229313569 0.0 0.0
10000 10000 555 310 7e-18 0.517496147363 0.517275341823 0.0 0.0
10000 10000 555 310 1e-17 0.468517224699 0.468318278436 0.0 0.0
10000 10000 555 310 2e-17 0.334141258663 0.334006788137 0.0 0.0
10000 10000 555 310 5e-17 0.119942579036 0.119907144355 0.0 0.0
10000 10000 555 310 7e-17 0.061498834842 0.0614846275286 0.0 0.0
10000 10000 555 310 1e-16 0.023345154798 0.0233414586975 0.0 0.0
10000 10000 555 310 1e-15 5.54423301794e-11 5.54423292179e-11 0.0 0.0
10000 10000 555 310 1e-14 1.43630663388e-57 1.43630663388e-57 0.0 0.0
10000 10000 555 310 1e-12 0.0 0.0 0.0 0.0
10000 10000 555 310 1e-10 0.0 0.0 0.0 0.0
