10000 10000 2955 1600 1e-22 0.223940931027 0.223940931027 0.223940931027 0.223917940061
10000 10000 2955 1600 1e-20 0.223824318574 0.223824318574 0.223824318574 0.223801338278
10000 10000 2955 1600 1e-19 0.22276751635 0.22276751635 0.22276751635 0.22274463283
10000 10000 2955 1600 2e-19 0.221600253053 0.221600253053 0.221600253053 0.221577476601
10000 10000 2955 1600 5e-19 0.218141887214 0.218141887214 0.218141887214 0.218119429071
10000 10000 2955 1600 7e-19 0.215871951548 0.215871951548 0.215871951548 0.215849703218
10000 10000 2955 1600 1e-18 0.212519442044 0.212519442044 0.212519442044 0.21249750488
10000 10000 2955 1600 2e-18 0.201781817462 0.201781817462 0.201781817462 0.201760887338
10000 10000 2955 1600 5e-18 0.173206572383 0.173206572383 0.173206572383 0.173188400525
10000 10000 2955 1600 7e-18 0.156781724626 0.156781724626 0.156781724626 0.156765190115
10000 10000 2955 1600 1e-17 0.135411082363 0.135411082363 0.135411082363 0.135396734451
10000 10000 2955 1600 2e-17 0.0848100269869 0.0848100269869 0.0848100269869 0.0848010892619
10000 10000 2955 1600 5e-17 0.0234011085981 0.0234011085981 0.0234011085981 0.0233989236988
10000 10000 2955 1600 7e-17 0.0104785489396 0.0104785489396 0.0104785489396 0.0104776825143
10000 10000 2955 1600 1e-16 0.00330231116194 0.00330231116194 0.00330231116194 0.00330209079799
10000 10000 2955 1600 1e-15 1.02357392437e-14 1.02357392437e-14 1.02357392437e-14 1.02357392421e-14
10000 10000 2955 1600 1e-14 1.77654586098e-106 1.77654586098e-106 1.77654586098e-106 1.77654586098e-106
10000 10000 2955 1600 1e-12 0.0 0.0 0.0 0.0
10000 10000 2955 1600 1e-10 0.0 0.0 0.0 0.0
