10000 10000 905 460 1e-22 0.704606890043 0.70457958315 0.703863799598 0.0
10000 10000 905 460 1e-20 0.704398068999 0.704370774838 0.703655036783 0.0
10000 10000 905 460 1e-19 0.702501361121 0.702474182542 0.701758866854 0.0
10000 10000 905 460 2e-19 0.700397442365 0.700370391851 0.699655563808 0.0
10000 10000 905 460 5e-19 0.694108241656 0.694081573048 0.693368321171 0.0
10000 10000 905 460 7e-19 0.689934467438 0.689908051507 0.689195942087 0.0
10000 10000 905 460 1e-18 0.683702786064 0.683676746223 0.68296648279 0.0
10000 10000 905 460 2e-18 0.663188231745 0.663163419641 0.662460375366 0.0
10000 10000 905 460 5e-18 0.604161252849 0.604139875848 0.603466434378 0.0
10000 10000 905 460 7e-18 0.567017152142 0.566997854105 0.566348915284 0.0
10000 10000 905 460 1e-17 0.514716332112 0.51469984038 0.514091924658 0.0
10000 10000 905 460 2e-17 0.369285406549 0.369275860621 0.368813387384 0.0
10000 10000 905 460 5e-17 0.132890214956 0.132888524936 0.132722181061 0.0
10000 10000 905 460 7e-17 0.0678236446445 0.067823119865 0.0677423013757 0.0
10000 10000 905 460 1e-16 0.0254717885191 0.0254716959627 0.0254440496095 0.0
10000 10000 905 460 1e-15 2.69874190408e-11 2.69874190408e-11 2.69869194231e-11 0.0
10000 10000 905 460 1e-14 2.22961199621e-59 2.22961199621e-59 2.22961199621e-59 0.0
10000 10000 905 460 1e-12 0.0 0.0 0.0 0.0
10000 10000 905 460 1e-10 0.0 0.0 0.0 0.0
