10000 10000 1955 350 1e-22 0.0381894666388 0.038185721505 0.0380827776648 0.0
10000 10000 1955 350 1e-20 0.0381779431032 0.0381741999416 0.0380712897473 0.0
10000 10000 1955 350 1e-19 0.0380733562627 0.0380696309814 0.0379670261226 0.0
10000 10000 1955 350 2e-19 0.037957512469 0.0379538069515 0.0378515402247 0.0
10000 10000 1955 350 5e-19 0.0376122652578 0.0376086183842 0.0375073589622 0.0
10000 10000 1955 350 7e-19 0.0373839901849 0.0373803818741 0.0372797881238 0.0
10000 10000 1955 350 1e-18 0.0370443849442 0.0370408336897 0.0369412297377 0.0
10000 10000 1955 350 2e-18 0.0359362633494 0.0359328956432 0.0358365169428 0.0
10000 10000 1955 350 5e-18 0.0328214746153 0.0328186009602 0.0327312497403 0.0
10000 10000 1955 350 7e-18 0.030907573083 0.0309049866212 0.0308231522444 0.0
10000 10000 1955 350 1e-17 0.0282586416485 0.0282564314916 0.0281821909886 0.0
10000 10000 1955 350 2e-17 0.0210506468397 0.02104932997 0.0209954630416 0.0
10000 10000 1955 350 5e-17 0.00898595294825 0.00898565740914 0.00896446128255 0.0
10000 10000 1955 350 7e-17 0.00520245848079 0.00520234394952 0.00519073644906 0.0
10000 10000 1955 350 1e-16 0.00234731828458 0.00234728883843 0.00234247822242 0.0
10000 10000 1955 350 1e-15 1.30067908684e-10 1.30067908684e-10 1.3006712873e-10 0.0
10000 10000 1955 350 1e-14 2.26271650028e-57 2.26271650028e-57 2.26271650028e-57 0.0
10000 10000 1955 350 1e-12 0.0 0.0 0.0 0.0
10000 10000 1955 350 1e-10 0.0 0.0 0.0 0.0
