10000 10000 1955 260 1e-22 0.00755298039945 0.00754559860338 0.0 0.0
10000 10000 1955 260 1e-20 0.00755050202592 0.00754312288288 0.0 0.0
10000 10000 1955 260 1e-19 0.00752801036506 0.00752065529642 0.0 0.0
10000 10000 1955 260 2e-19 0.00750310186453 0.00749577345244 0.0 0.0
10000 10000 1955 260 5e-19 0.00742889268308 0.00742164365822 0.0 0.0
10000 10000 1955 260 7e-19 0.00737984706895 0.00737265048713 0.0 0.0
10000 10000 1955 260 1e-18 0.00730691327328 0.00729979464039 0.0 0.0
10000 10000 1955 260 2e-18 0.00706920267781 0.00706233778564 0.0 0.0
10000 10000 1955 260 5e-18 0.00640344773634 0.00639729072718 0.0 0.0
10000 10000 1955 260 7e-18 0.00599636227866 0.0059906358884 0.0 0.0
10000 10000 1955 260 1e-17 0.00543583784538 0.00543070121925 0.0 0.0
10000 10000 1955 260 2e-17 0.0039323252832 0.00392874768081 0.0 0.0
10000 10000 1955 260 5e-17 0.00153551021223 0.00153429519217 0.0 0.0
10000 10000 1955 260 7e-17 0.000841828746967 0.000841234927661 0.0 0.0
10000 10000 1955 260 1e-16 0.000355220608885 0.000355016596667 0.0 0.0
10000 10000 1955 260 1e-15 9.84571373421e-11 9.84571373276e-11 0.0 0.0
10000 10000 1955 260 1e-14 6.68989599922e-57 6.68989599922e-57 0.0 0.0
10000 10000 1955 260 1e-12 0.0 0.0 0.0 0.0
10000 10000 1955 260 1e-10 0.0 0.0 0.0 0.0
