10000 10000 2955 1950 1e-22 0.0440972178174 0.0440972178174 0.0440972178174 0.0440972178174
10000 10000 2955 1950 1e-20 0.0440721700104 0.0440721700104 0.0440721700104 0.0440721700104
10000 10000 2955 1950 1e-19 0.0438452125038 0.0438452125038 0.0438452125038 0.0438452125038
10000 10000 2955 1950 2e-19 0.0435946137409 0.0435946137409 0.0435946137409 0.0435946137409
10000 10000 2955 1950 5e-19 0.0428526454799 0.0428526454799 0.0428526454799 0.0428526454799
10000 10000 2955 1950 7e-19 0.0423660622943 0.0423660622943 0.0423660622943 0.0423660622943
10000 10000 2955 1950 1e-18 0.0416480309471 0.0416480309471 0.0416480309471 0.0416480309471
10000 10000 2955 1950 2e-18 0.039353339766 0.039353339766 0.039353339766 0.039353339766
10000 10000 2955 1950 5e-18 0.0332876464091 0.0332876464091 0.0332876464091 0.0332876464091
10000 10000 2955 1950 7e-18 0.0298317346156 0.0298317346156 0.0298317346156 0.0298317346156
10000 10000 2955 1950 1e-17 0.0253750132745 0.0253750132745 0.0253750132745 0.0253750132745
10000 10000 2955 1950 2e-17 0.0150669393645 0.0150669393645 0.0150669393645 0.0150669393645
10000 10000 2955 1950 5e-17 0.00348910002821 0.00348910002821 0.00348910002821 0.00348910002821
10000 10000 2955 1950 7e-17 0.00138359319256 0.00138359319256 0.00138359319256 0.00138359319256
10000 10000 2955 1950 1e-16 0.000363587546224 0.000363587546224 0.000363587546224 0.000363587546224
10000 10000 2955 1950 1e-15 7.93652516395e-18 7.93652516395e-18 7.93652516395e-18 7.93652516395e-18
10000 10000 2955 1950 1e-14 2.22466506264e-139 2.22466506264e-139 2.22466506264e-139 2.22466506264e-139
10000 10000 2955 1950 1e-12 0.0 0.0 0.0 0.0
10000 10000 2955 1950 1e-10 0.0 0.0 0.0 0.0
