10000 10000 1305 260 1e-22 0.0788320788849 0.078797660591 0.0 0.0
10000 10000 1305 260 1e-20 0.0788080078446 0.0787736034433 0.0 0.0
10000 10000 1305 260 1e-19 0.0785895338659 0.0785552554935 0.0 0.0
10000 10000 1305 260 2e-19 0.0783475306703 0.0783133917666 0.0 0.0
10000 10000 1305 260 5e-19 0.0776262044583 0.0775924804279 0.0 0.0
10000 10000 1305 260 7e-19 0.0771491966442 0.0771157462779 0.0 0.0
10000 10000 1305 260 1e-18 0.0764394468682 0.0764064026722 0.0 0.0
10000 10000 1305 260 2e-18 0.0741227108961 0.0740909839244 0.0 0.0
10000 10000 1305 260 5e-18 0.0676043377524 0.0675762443898 0.0 0.0
10000 10000 1305 260 7e-18 0.0635951236847 0.0635692098594 0.0 0.0
10000 10000 1305 260 1e-17 0.0580424618262 0.0580194930787 0.0 0.0
10000 10000 1305 260 2e-17 0.0429269435176 0.042911515661 0.0 0.0
10000 10000 1305 260 5e-17 0.0177898427137 0.0177849948869 0.0 0.0
10000 10000 1305 260 7e-17 0.0100653434677 0.0100630403825 0.0 0.0
10000 10000 1305 260 1e-16 0.00438157359135 0.00438079190251 0.0 0.0
10000 10000 1305 260 1e-15 1.7830534071e-10 1.78305336548e-10 0.0 0.0
10000 10000 1305 260 1e-14 8.85658051619e-57 8.85658051619e-57 0.0 0.0
10000 10000 1305 260 1e-12 0.0 0.0 0.0 0.0
10000 10000 1305 260 1e-10 0.0 0.0 0.0 0.0
