10000 10000 1105 290 1e-22 0.245198720813 0.245134752104 0.0 0.0
10000 10000 1105 290 1e-20 0.245121424141 0.245057483223 0.0 0.0
10000 10000 1105 290 1e-19 0.244419869962 0.244356181133 0.0 0.0
10000 10000 1105 290 2e-19 0.243642775247 0.243579365352 0.0 0.0
10000 10000 1105 290 5e-19 0.241326632226 0.241264051832 0.0 0.0
10000 10000 1105 290 7e-19 0.239795073776 0.239733040348 0.0 0.0
10000 10000 1105 290 1e-18 0.237516381041 0.237455159108 0.0 0.0
10000 10000 1105 290 2e-18 0.23007975403 0.230021161076 0.0 0.0
10000 10000 1105 290 5e-18 0.209171726977 0.209120360086 0.0 0.0
10000 10000 1105 290 7e-18 0.196327943914 0.196280888382 0.0 0.0
10000 10000 1105 290 1e-17 0.17856746496 0.178526199757 0.0 0.0
10000 10000 1105 290 2e-17 0.130467142688 0.130440438852 0.0 0.0
10000 10000 1105 290 5e-17 0.0520438085694 0.0520363148274 0.0 0.0
10000 10000 1105 290 7e-17 0.0287288652522 0.0287255441899 0.0 0.0
10000 10000 1105 290 1e-16 0.0120790683822 0.0120780418193 0.0 0.0
10000 10000 1105 290 1e-15 2.42924221836e-10 2.42924221105e-10 0.0 0.0
10000 10000 1105 290 1e-14 8.46286304584e-57 8.46286304584e-57 0.0 0.0
10000 10000 1105 290 1e-12 0.0 0.0 0.0 0.0
10000 10000 1105 290 1e-10 0.0 0.0 0.0 0.0
