10000 10000 1055 500 1e-22 0.690368541713 0.690356828785 0.689800717087 0.687060264545
10000 10000 1055 500 1e-20 0.69016030618 0.690148598714 0.689592564401 0.686853033273
10000 10000 1055 500 1e-19 0.688269135754 0.688257477892 0.687702151682 0.684970984536
10000 10000 1055 500 2e-19 0.68617181931 0.686160216443 0.685605686653 0.682883786402
10000 10000 1055 500 5e-19 0.679905204424 0.679893765772 0.679341684466 0.676647418389
10000 10000 1055 500 7e-19 0.675748742315 0.675737412478 0.675187011201 0.672511029508
10000 10000 1055 500 1e-18 0.66954629236 0.669535124723 0.668987311839 0.666338549871
10000 10000 1055 500 2e-18 0.649155604578 0.649144968264 0.648606326184 0.646046516913
10000 10000 1055 500 5e-18 0.590700163542 0.59069102561 0.590183754199 0.587874763794
10000 10000 1055 500 7e-18 0.554059854511 0.55405162921 0.553567371733 0.551412737852
10000 10000 1055 500 1e-17 0.502629087588 0.502622097546 0.502173810586 0.500232557256
10000 10000 1055 500 2e-17 0.360378340247 0.360374398133 0.360042640275 0.358674824892
10000 10000 1055 500 5e-17 0.130285429481 0.130284804874 0.130169687967 0.129690309898
10000 10000 1055 500 7e-17 0.0667902745396 0.0667900968191 0.0667346379302 0.0664930955607
10000 10000 1055 500 1e-16 0.0252246275797 0.025224600463 0.0252056937841 0.0251169135188
10000 10000 1055 500 1e-15 1.68709690722e-11 1.68709690722e-11 1.6870828103e-11 1.68486961826e-11
10000 10000 1055 500 1e-14 6.5256334807e-62 6.5256334807e-62 6.5256334807e-62 6.5256334807e-62
10000 10000 1055 500 1e-12 0.0 0.0 0.0 0.0
10000 10000 1055 500 1e-10 0.0 0.0 0.0 0.0
