10000 10000 655 400 1e-22 0.683168611425 0.683088679462 0.681786053937 0.0
10000 10000 655 400 1e-20 0.682949834934 0.68286992082 0.681567430138 0.0
10000 10000 655 400 1e-19 0.680963318059 0.680883566932 0.679582315821 0.0
10000 10000 655 400 2e-19 0.678761071531 0.678681503004 0.677381657898 0.0
10000 10000 655 400 5e-19 0.672185973554 0.672106961976 0.670811511524 0.0
10000 10000 655 400 7e-19 0.667829036944 0.667750403936 0.666458025822 0.0
10000 10000 655 400 1e-18 0.661333498631 0.661255443707 0.659967878924 0.0
10000 10000 655 400 2e-18 0.640029584719 0.639953534993 0.6386836506 0.0
10000 10000 655 400 5e-18 0.579365356359 0.579295809902 0.578090833525 0.0
10000 10000 655 400 7e-18 0.541634647484 0.541569625455 0.540414684928 0.0
10000 10000 655 400 1e-17 0.489037394016 0.488979132669 0.487904628145 0.0
10000 10000 655 400 2e-17 0.345697013111 0.345658612723 0.344854002577 0.0
10000 10000 655 400 5e-17 0.120978256249 0.120969107474 0.120683094699 0.0
10000 10000 655 400 7e-17 0.0610452437566 0.0610418582798 0.0609019800908 0.0
10000 10000 655 400 1e-16 0.0226593540531 0.0226585878544 0.022609851861 0.0
10000 10000 655 400 1e-15 3.49471996686e-11 3.49471996682e-11 3.49452910857e-11 0.0
10000 10000 655 400 1e-14 4.03671751238e-59 4.03671751238e-59 4.03671751238e-59 0.0
10000 10000 655 400 1e-12 0.0 0.0 0.0 0.0
10000 10000 655 400 1e-10 0.0 0.0 0.0 0.0
