10000 10000 1355 430 1e-22 0.442565287461 0.44254963417 0.441946413642 0.0
10000 10000 1355 430 1e-20 0.442423431138 0.442407787363 0.441804753909 0.0
10000 10000 1355 430 1e-19 0.441135875935 0.441120318352 0.44051898351 0.0
10000 10000 1355 430 2e-19 0.439709578145 0.439694115673 0.439094663824 0.0
10000 10000 1355 430 5e-19 0.435457836537 0.435442655308 0.434848824915 0.0
10000 10000 1355 430 7e-19 0.432645839623 0.432630842541 0.432040736831 0.0
10000 10000 1355 430 1e-18 0.428461333555 0.428446607793 0.427862054648 0.0
10000 10000 1355 430 2e-18 0.414799079212 0.414785217228 0.414218873687 0.0
10000 10000 1355 430 5e-18 0.37634593954 0.37633433738 0.375819869112 0.0
10000 10000 1355 430 7e-18 0.352700962992 0.352690633903 0.352208479958 0.0
10000 10000 1355 430 1e-17 0.319988733643 0.319980031769 0.319543038469 0.0
10000 10000 1355 430 2e-17 0.231459720374 0.231454721813 0.231141905421 0.0
10000 10000 1355 430 5e-17 0.0888956383201 0.0888946318034 0.0887822363664 0.0
10000 10000 1355 430 7e-17 0.047777585343 0.0477772327472 0.0477201755991 0.0
10000 10000 1355 430 1e-16 0.0193388060929 0.0193387312246 0.0193176571743 0.0
10000 10000 1355 430 1e-15 7.57975979307e-11 7.57975979307e-11 7.57963829325e-11 0.0
10000 10000 1355 430 1e-14 8.154282687e-58 8.154282687e-58 8.154282687e-58 0.0
10000 10000 1355 430 1e-12 0.0 0.0 0.0 0.0
10000 10000 1355 430 1e-10 0.0 0.0 0.0 0.0
