10000 10000 1255 850 1e-22 0.609090458569 0.609090458569 0.608975489946 0.608570234138
10000 10000 1255 850 1e-20 0.608854239013 0.608854239013 0.608739323452 0.608334138493
10000 10000 1255 850 1e-19 0.606710461884 0.606710461884 0.606596027982 0.606191490997
10000 10000 1255 850 2e-19 0.604336242435 0.604336242435 0.604222342178 0.603818533287
10000 10000 1255 850 5e-19 0.597262444682 0.597262444682 0.597150135597 0.596748560655
10000 10000 1255 850 7e-19 0.592587171577 0.592587171577 0.592475915051 0.592075869164
10000 10000 1255 850 1e-18 0.585634891167 0.585634891167 0.585525200995 0.585127505149
10000 10000 1255 850 2e-18 0.562981608072 0.562981608072 0.562877028673 0.562487607044
10000 10000 1255 850 5e-18 0.499698091212 0.499698091212 0.49960778884 0.499246148302
10000 10000 1255 850 7e-18 0.461233473368 0.461233473368 0.461151795323 0.460810095503
10000 10000 1255 850 1e-17 0.408744393682 0.408744393682 0.408674340206 0.408363153214
10000 10000 1255 850 2e-17 0.272481730864 0.272481730864 0.272440426843 0.272223144089
10000 10000 1255 850 5e-17 0.0820118388515 0.0820118388515 0.0820037150024 0.0819401770881
10000 10000 1255 850 7e-17 0.0380406868018 0.0380406868018 0.0380379027652 0.0380102459286
10000 10000 1255 850 1e-16 0.0126792045443 0.0126792045443 0.0126786210261 0.012670355151
10000 10000 1255 850 1e-15 1.84177360458e-12 1.84177360458e-12 1.84177357922e-12 1.84174367674e-12
10000 10000 1255 850 1e-14 3.07504326259e-69 3.07504326259e-69 3.07504326259e-69 3.07504326259e-69
10000 10000 1255 850 1e-12 0.0 0.0 0.0 0.0
10000 10000 1255 850 1e-10 0.0 0.0 0.0 0.0
