10000 10000 1205 470 1e-22 0.594637606765 0.594614246045 0.594079009162 0.0
10000 10000 1205 470 1e-20 0.594459308927 0.594435961789 0.593900826775 0.0
10000 10000 1205 470 1e-19 0.592840300896 0.592817076899 0.592282870117 0.0
10000 10000 1205 470 2e-19 0.591045381877 0.59102229401 0.590489123094 0.0
10000 10000 1205 470 5e-19 0.585685797673 0.585663113834 0.585133077976 0.0
10000 10000 1205 470 7e-19 0.582133760069 0.582111341982 0.581583418091 0.0
10000 10000 1205 470 1e-18 0.576837305221 0.576815280419 0.576290555517 0.0
10000 10000 1205 470 2e-18 0.559457269139 0.559436509957 0.558922688725 0.0
10000 10000 1205 470 5e-18 0.509862994101 0.509845638772 0.509366082029 0.0
10000 10000 1205 470 7e-18 0.478910683324 0.478895298558 0.478439236924 0.0
10000 10000 1205 470 1e-17 0.435577770987 0.435564948763 0.435144133428 0.0
10000 10000 1205 470 2e-17 0.315893469944 0.315886545312 0.31557432633 0.0
10000 10000 1205 470 5e-17 0.119358385617 0.119357323911 0.119243229506 0.0
10000 10000 1205 470 7e-17 0.0630526451097 0.0630523382982 0.0629949943652 0.0
10000 10000 1205 470 1e-16 0.0248300140451 0.0248299646048 0.0248091819735 0.0
10000 10000 1205 470 1e-15 3.27671713942e-11 3.27671713942e-11 3.2766682502e-11 0.0
10000 10000 1205 470 1e-14 9.8267146191e-59 9.8267146191e-59 9.8267146191e-59 0.0
10000 10000 1205 470 1e-12 0.0 0.0 0.0 0.0
10000 10000 1205 470 1e-10 0.0 0.0 0.0 0.0
