10000 10000 1255 370 1e-22 0.37146644908 0.371424910518 0.370131110908 0.0
10000 10000 1255 370 1e-20 0.371347858813 0.37130634303 0.370013123536 0.0
10000 10000 1255 370 1e-19 0.370271491243 0.370230181922 0.368942222443 0.0
10000 10000 1255 370 2e-19 0.369079167086 0.36903808587 0.367755941871 0.0
10000 10000 1255 370 5e-19 0.365525072994 0.365484667996 0.364219789148 0.0
10000 10000 1255 370 7e-19 0.363174630471 0.36313466962 0.361881151576 0.0
10000 10000 1255 370 1e-18 0.359677174357 0.359637869905 0.358401172622 0.0
10000 10000 1255 370 2e-18 0.34825986662 0.348222667707 0.347040184411 0.0
10000 10000 1255 370 5e-18 0.316138625212 0.316107047677 0.31507144426 0.0
10000 10000 1255 370 7e-18 0.29639565651 0.296367315955 0.29541793261 0.0
10000 10000 1255 370 1e-17 0.269089742732 0.269065609741 0.268230498457 0.0
10000 10000 1255 370 2e-17 0.195202233088 0.195187942079 0.194634065436 0.0
10000 10000 1255 370 5e-17 0.0758473374567 0.0758441201956 0.0756631234043 0.0
10000 10000 1255 370 7e-17 0.0411131334693 0.041111887042 0.0410209553405 0.0
10000 10000 1255 370 1e-16 0.0168493605643 0.0168490459508 0.0168151725897 0.0
10000 10000 1255 370 1e-15 1.19343804869e-10 1.19343804869e-10 1.19342076515e-10 0.0
10000 10000 1255 370 1e-14 3.30220840501e-57 3.30220840501e-57 3.30220840501e-57 0.0
10000 10000 1255 370 1e-12 0.0 0.0 0.0 0.0
10000 10000 1255 370 1e-10 0.0 0.0 0.0 0.0
