10000 10000 655 290 1e-22 0.611358362397 0.611079424892 0.0 0.0
10000 10000 655 290 1e-20 0.611170239362 0.610891382235 0.0 0.0
10000 10000 655 290 1e-19 0.609462127035 0.609184000942 0.0 0.0
10000 10000 655 290 2e-19 0.607568657743 0.60729134458 0.0 0.0
10000 10000 655 290 5e-19 0.601916273372 0.601641402752 0.0 0.0
10000 10000 655 290 7e-19 0.598171391064 0.597898151471 0.0 0.0
10000 10000 655 290 1e-18 0.592589162358 0.592318372404 0.0 0.0
10000 10000 655 290 2e-18 0.57428618417 0.574023572833 0.0 0.0
10000 10000 655 290 5e-18 0.522180534006 0.521942272002 0.0 0.0
10000 10000 655 290 7e-18 0.489750880953 0.489528414621 0.0 0.0
10000 10000 655 290 1e-17 0.444464978673 0.444265161455 0.0 0.0
10000 10000 655 290 2e-17 0.320107005612 0.319970973124 0.0 0.0
10000 10000 655 290 5e-17 0.118751206845 0.118712035168 0.0 0.0
10000 10000 655 290 7e-17 0.0620981174563 0.0620811367095 0.0 0.0
10000 10000 655 290 1e-16 0.0241593953303 0.0241544011617 0.0 0.0
10000 10000 655 290 1e-15 1.08247957395e-10 1.08247954376e-10 0.0 0.0
10000 10000 655 290 1e-14 5.03420659844e-57 5.03420659844e-57 0.0 0.0
10000 10000 655 290 1e-12 0.0 0.0 0.0 0.0
10000 10000 655 290 1e-10 0.0 0.0 0.0 0.0
