10000 10000 2955 2400 1e-22 0.00882137574094 0.00882137574094 0.00882137574094 0.00882137574094
10000 10000 2955 2400 1e-20 0.00881547923988 0.00881547923988 0.00881547923988 0.00881547923988
10000 10000 2955 2400 1e-19 0.00876207759078 0.00876207759078 0.00876207759078 0.00876207759078
10000 10000 2955 2400 2e-19 0.00870316872978 0.00870316872978 0.00870316872978 0.00870316872978
10000 10000 2955 2400 5e-19 0.00852909665919 0.00852909665919 0.00852909665919 0.00852909665919
10000 10000 2955 2400 7e-19 0.00841522264986 0.00841522264986 0.00841522264986 0.00841522264986
10000 10000 2955 2400 1e-18 0.00824759825628 0.00824759825628 0.00824759825628 0.00824759825628
10000 10000 2955 2400 2e-18 0.00771531031183 0.00771531031183 0.00771531031183 0.00771531031183
10000 10000 2955 2400 5e-18 0.00633518711331 0.00633518711331 0.00633518711331 0.00633518711331
10000 10000 2955 2400 7e-18 0.00556816417392 0.00556816417392 0.00556816417392 0.00556816417392
10000 10000 2955 2400 1e-17 0.00460251767004 0.00460251767004 0.00460251767004 0.00460251767004
10000 10000 2955 2400 2e-17 0.00249317202078 0.00249317202078 0.00249317202078 0.00249317202078
10000 10000 2955 2400 5e-17 0.000445926933996 0.000445926933996 0.000445926933996 0.000445926933996
10000 10000 2955 2400 7e-17 0.000149219462373 0.000149219462373 0.000149219462373 0.000149219462373
10000 10000 2955 2400 1e-16 3.02978313161e-05 3.02978313161e-05 3.02978313161e-05 3.02978313161e-05
10000 10000 2955 2400 1e-15 1.95770045684e-22 1.95770045684e-22 1.95770045684e-22 1.95770045684e-22
10000 10000 2955 2400 1e-14 5.62106164455e-178 5.62106164455e-178 5.62106164455e-178 5.62106164455e-178
10000 10000 2955 2400 1e-12 0.0 0.0 0.0 0.0
10000 10000 2955 2400 1e-10 0.0 0.0 0.0 0.0
