10000 10000 1355 450 1e-22 0.483817710662 0.483803164065 0.483277055368 0.0
10000 10000 1355 450 1e-20 0.483662675305 0.483648137779 0.483122189685 0.0
10000 10000 1355 450 1e-19 0.482255505114 0.482241049781 0.481716560333 0.0
10000 10000 1355 450 2e-19 0.480696711858 0.480682347273 0.480159475602 0.0
10000 10000 1355 450 5e-19 0.476050061781 0.476035965849 0.475517928772 0.0
10000 10000 1355 450 7e-19 0.472976928574 0.47296300879 0.472448179009 0.0
10000 10000 1355 450 1e-18 0.468403897592 0.468390237683 0.467880194897 0.0
10000 10000 1355 450 2e-18 0.453473718404 0.453460888389 0.452966590307 0.0
10000 10000 1355 450 5e-18 0.411457057004 0.411446412914 0.41099730258 0.0
10000 10000 1355 450 7e-18 0.38562469557 0.385615288538 0.38519453003 0.0
10000 10000 1355 450 1e-17 0.349890898495 0.34988307235 0.349502129088 0.0
10000 10000 1355 450 2e-17 0.253204024993 0.253199745019 0.252928864974 0.0
10000 10000 1355 450 5e-17 0.0974395575779 0.0974388153259 0.0973442224203 0.0
10000 10000 1355 450 7e-17 0.0524275897205 0.0524273520682 0.0523801762939 0.0
10000 10000 1355 450 1e-16 0.0212323548648 0.0212323105926 0.0212152585026 0.0
10000 10000 1355 450 1e-15 5.43185803544e-11 5.43185803544e-11 5.43180326941e-11 0.0
10000 10000 1355 450 1e-14 1.09783616058e-57 1.09783616058e-57 1.09783616058e-57 0.0
10000 10000 1355 450 1e-12 0.0 0.0 0.0 0.0
10000 10000 1355 450 1e-10 0.0 0.0 0.0 0.0
