10000 10000 1355 50 1e-22 1.0994158588e-05 0.0 0.0 0.0
10000 10000 1355 50 1e-20 1.09938146591e-05 0.0 0.0 0.0
10000 10000 1355 50 1e-19 1.09906885522e-05 0.0 0.0 0.0
10000 10000 1355 50 2e-19 1.09872161965e-05 0.0 0.0 0.0
10000 10000 1355 50 5e-19 1.097680605e-05 0.0 0.0 0.0
10000 10000 1355 50 7e-19 1.09698717154e-05 0.0 0.0 0.0
10000 10000 1355 50 1e-18 1.09594788496e-05 0.0 0.0 0.0
10000 10000 1355 50 2e-18 1.09249106759e-05 0.0 0.0 0.0
10000 10000 1355 50 5e-18 1.08218922524e-05 0.0 0.0 0.0
10000 10000 1355 50 7e-18 1.07537809452e-05 0.0 0.0 0.0
10000 10000 1355 50 1e-17 1.06524573102e-05 0.0 0.0 0.0
10000 10000 1355 50 2e-17 1.03218908638e-05 0.0 0.0 0.0
10000 10000 1355 50 5e-17 9.39317581416e-06 0.0 0.0 0.0
10000 10000 1355 50 7e-17 8.82293386959e-06 0.0 0.0 0.0
10000 10000 1355 50 1e-16 8.03436131203e-06 0.0 0.0 0.0
10000 10000 1355 50 1e-15 5.35778132557e-07 0.0 0.0 0.0
10000 10000 1355 50 1e-14 3.44369462487e-17 0.0 0.0 0.0
10000 10000 1355 50 1e-12 0.0 0.0 0.0 0.0
10000 10000 1355 50 1e-10 0.0 0.0 0.0 0.0
