10000 10000 655 550 1e-22 0.619117509515 0.619106633574 0.618672655786 0.617419288706
10000 10000 655 550 1e-20 0.618924098983 0.618913227721 0.618479272426 0.617225849348
10000 10000 655 550 1e-19 0.617167287845 0.617156459116 0.616722715409 0.615468807818
10000 10000 655 550 2e-19 0.615218395049 0.615207613577 0.614774119816 0.613519725326
10000 10000 655 550 5e-19 0.609391732256 0.609381092508 0.608948440053 0.607692902663
10000 10000 655 550 7e-19 0.605524279282 0.605513733939 0.605081716258 0.603825674618
10000 10000 655 550 1e-18 0.599749175726 0.599738771802 0.599307812616 0.59805138719
10000 10000 655 550 2e-18 0.580733647959 0.580723712723 0.58029713373 0.579042442854
10000 10000 655 550 5e-18 0.526040842899 0.526032266162 0.525625072941 0.524398375741
10000 10000 655 550 7e-18 0.491691285835 0.491683556614 0.491292929444 0.490098984072
10000 10000 655 550 1e-17 0.443488308166 0.443481742501 0.443119051544 0.441987785959
10000 10000 655 550 2e-17 0.311092327522 0.31108867022 0.310823589914 0.309944545352
10000 10000 655 550 5e-17 0.105005163128 0.105004617884 0.104921824343 0.10459705424
10000 10000 655 550 7e-17 0.0517154389586 0.0517152892942 0.0516784856285 0.0515178504964
10000 10000 655 550 1e-16 0.0185818265564 0.0185818046258 0.0185706325042 0.0185138493911
10000 10000 655 550 1e-15 1.04990382341e-11 1.04990382341e-11 1.0499011859e-11 1.04880601635e-11
10000 10000 655 550 1e-14 5.96437614394e-61 5.96437614394e-61 5.96437614394e-61 5.96437614394e-61
10000 10000 655 550 1e-12 0.0 0.0 0.0 0.0
10000 10000 655 550 1e-10 0.0 0.0 0.0 0.0
