10000 10000 755 360 1e-22 0.668679649514 0.668570801303 0.666344465593 0.0
10000 10000 755 360 1e-20 0.668472801003 0.668363984497 0.66613821703 0.0
10000 10000 755 360 1e-19 0.666594617244 0.666486089337 0.664265488369 0.0
10000 10000 755 360 2e-19 0.664512520204 0.664404313732 0.66218945452 0.0
10000 10000 755 360 5e-19 0.658296433815 0.658189196204 0.655991567655 0.0
10000 10000 755 360 7e-19 0.654177597976 0.654071009764 0.651884870624 0.0
10000 10000 755 360 1e-18 0.648037268056 0.647931658598 0.645762752759 0.0
10000 10000 755 360 2e-18 0.627899314173 0.627796998667 0.625685465139 0.0
10000 10000 755 360 5e-18 0.570539967111 0.57044762557 0.56850607221 0.0
10000 10000 755 360 7e-18 0.534830055161 0.53474426037 0.532912885034 0.0
10000 10000 755 360 1e-17 0.48496723332 0.484890861043 0.483218127972 0.0
10000 10000 755 360 2e-17 0.34820129327 0.34815123021 0.346936140737 0.0
10000 10000 755 360 5e-17 0.127993785984 0.127981188199 0.127542011464 0.0
10000 10000 755 360 7e-17 0.0665510851197 0.0665461046718 0.0663238992166 0.0
10000 10000 755 360 1e-16 0.0256734153595 0.0256721373412 0.0255906085241 0.0
10000 10000 755 360 1e-15 5.25408919406e-11 5.25408919158e-11 5.25380032411e-11 0.0
10000 10000 755 360 1e-14 5.63445270225e-58 5.63445270225e-58 5.63445270225e-58 0.0
10000 10000 755 360 1e-12 0.0 0.0 0.0 0.0
10000 10000 755 360 1e-10 0.0 0.0 0.0 0.0
