10000 10000 1055 280 1e-22 0.27474300069 0.274623748 0.0 0.0
10000 10000 1055 280 1e-20 0.274651150545 0.274531952958 0.0 0.0
10000 10000 1055 280 1e-19 0.273817664497 0.273698966602 0.0 0.0
10000 10000 1055 280 2e-19 0.272894762525 0.272776617218 0.0 0.0
10000 10000 1055 280 5e-19 0.270146096574 0.270029592585 0.0 0.0
10000 10000 1055 280 7e-19 0.268330220542 0.268214797208 0.0 0.0
10000 10000 1055 280 1e-18 0.26563099694 0.26551717454 0.0 0.0
10000 10000 1055 280 2e-18 0.256842536649 0.25673388148 0.0 0.0
10000 10000 1055 280 5e-18 0.232300965009 0.232206362465 0.0 0.0
10000 10000 1055 280 7e-18 0.217345714215 0.217259392812 0.0 0.0
10000 10000 1055 280 1e-17 0.19681439614 0.196739077858 0.0 0.0
10000 10000 1055 280 2e-17 0.142061676357 0.142013451214 0.0 0.0
10000 10000 1055 280 5e-17 0.0554410225691 0.0554274720154 0.0 0.0
10000 10000 1055 280 7e-17 0.0303622968225 0.03035621954 0.0 0.0
10000 10000 1055 280 1e-16 0.0126821766343 0.0126802620052 0.0 0.0
10000 10000 1055 280 1e-15 1.76728359139e-10 1.76728356808e-10 0.0 0.0
10000 10000 1055 280 1e-14 6.54080044712e-57 6.54080044712e-57 0.0 0.0
10000 10000 1055 280 1e-12 0.0 0.0 0.0 0.0
10000 10000 1055 280 1e-10 0.0 0.0 0.0 0.0
