10000 10000 855 200 1e-22 0.145211472531 0.14498457641 0.0 0.0
10000 10000 855 200 1e-20 0.145165289139 0.144938469443 0.0 0.0
10000 10000 855 200 1e-19 0.144746145616 0.144520019545 0.0 0.0
10000 10000 855 200 2e-19 0.144281917985 0.144056560166 0.0 0.0
10000 10000 855 200 5e-19 0.142898575488 0.142675507091 0.0 0.0
10000 10000 855 200 7e-19 0.141984076394 0.141762521574 0.0 0.0
10000 10000 855 200 1e-18 0.140623813639 0.140404510278 0.0 0.0
10000 10000 855 200 2e-18 0.136187422461 0.135975462546 0.0 0.0
10000 10000 855 200 5e-18 0.123737305549 0.123545949116 0.0 0.0
10000 10000 855 200 7e-18 0.116104886747 0.115926148113 0.0 0.0
10000 10000 855 200 1e-17 0.105568787106 0.105407433989 0.0 0.0
10000 10000 855 200 2e-17 0.0771237861286 0.0770090002369 0.0 0.0
10000 10000 855 200 5e-17 0.0309050683919 0.0308631164226 0.0 0.0
10000 10000 855 200 7e-17 0.017144133579 0.0171223217401 0.0 0.0
10000 10000 855 200 1e-16 0.00726909115485 0.00726070196211 0.0 0.0
10000 10000 855 200 1e-15 3.3131628994e-10 3.31315719017e-10 0.0 0.0
10000 10000 855 200 1e-14 2.20509622497e-48 2.20509622497e-48 0.0 0.0
10000 10000 855 200 1e-12 0.0 0.0 0.0 0.0
10000 10000 855 200 1e-10 0.0 0.0 0.0 0.0
