10000 10000 1305 180 1e-22 0.00822423626827 0.00821445343531 0.0 0.0
10000 10000 1305 180 1e-20 0.00822212173267 0.00821234161699 0.0 0.0
10000 10000 1305 180 1e-19 0.0082029242362 0.00819316878806 0.0 0.0
10000 10000 1305 180 2e-19 0.0081816475887 0.00817191947513 0.0 0.0
10000 10000 1305 180 5e-19 0.00811815657781 0.0081085100039 0.0 0.0
10000 10000 1305 180 7e-19 0.0080761101412 0.00806651754257 0.0 0.0
10000 10000 1305 180 1e-18 0.00801345878357 0.00800394657557 0.0 0.0
10000 10000 1305 180 2e-18 0.00780819708726 0.00779894795854 0.0 0.0
10000 10000 1305 180 5e-18 0.00722416404653 0.00721566083108 0.0 0.0
10000 10000 1305 180 7e-18 0.0068598679909 0.00685182795675 0.0 0.0
10000 10000 1305 180 1e-17 0.00634838165955 0.00634098902164 0.0 0.0
10000 10000 1305 180 2e-17 0.00490860840293 0.00490301696923 0.0 0.0
10000 10000 1305 180 5e-17 0.00229116527898 0.00228873343013 0.0 0.0
10000 10000 1305 180 7e-17 0.00138941505954 0.00138801332927 0.0 0.0
10000 10000 1305 180 1e-16 0.000663537710535 0.000662920686998 0.0 0.0
10000 10000 1305 180 1e-15 4.99983697277e-10 4.99983561383e-10 0.0 0.0
10000 10000 1305 180 1e-14 7.25469900074e-44 7.25469900074e-44 0.0 0.0
10000 10000 1305 180 1e-12 0.0 0.0 0.0 0.0
10000 10000 1305 180 1e-10 0.0 0.0 0.0 0.0
