10000 10000 355 100 1e-22 0.20746910334 0.0 0.0 0.0
10000 10000 355 100 1e-20 0.207408260655 0.0 0.0 0.0
10000 10000 355 100 1e-19 0.206855942979 0.0 0.0 0.0
10000 10000 355 100 2e-19 0.206243939429 0.0 0.0 0.0
10000 10000 355 100 5e-19 0.204418512764 0.0 0.0 0.0
10000 10000 355 100 7e-19 0.203210336895 0.0 0.0 0.0
10000 10000 355 100 1e-18 0.201411146711 0.0 0.0 0.0
10000 10000 355 100 2e-18 0.195525708911 0.0 0.0 0.0
10000 10000 355 100 5e-18 0.178864415979 0.0 0.0 0.0
10000 10000 355 100 7e-18 0.168543444205 0.0 0.0 0.0
10000 10000 355 100 1e-17 0.154159808347 0.0 0.0 0.0
10000 10000 355 100 2e-17 0.114510492677 0.0 0.0 0.0
10000 10000 355 100 5e-17 0.0473033846734 0.0 0.0 0.0
10000 10000 355 100 7e-17 0.0265261835798 0.0 0.0 0.0
10000 10000 355 100 1e-16 0.0113530781897 0.0 0.0 0.0
10000 10000 355 100 1e-15 9.09509619581e-09 0.0 0.0 0.0
10000 10000 355 100 1e-14 1.54969393258e-29 0.0 0.0 0.0
10000 10000 355 100 1e-12 0.0 0.0 0.0 0.0
10000 10000 355 100 1e-10 0.0 0.0 0.0 0.0
