10000 10000 1105 340 1e-22 0.402794437587 0.402738994215 0.40135301468 0.0
10000 10000 1105 340 1e-20 0.402665655376 0.402610236928 0.401224688474 0.0
10000 10000 1105 340 1e-19 0.401496800593 0.401441608282 0.400059973485 0.0
10000 10000 1105 340 2e-19 0.400202064432 0.400147122455 0.398769825051 0.0
10000 10000 1105 340 5e-19 0.396342939791 0.396288742954 0.394924387638 0.0
10000 10000 1105 340 7e-19 0.393790966326 0.393737261387 0.392381475822 0.0
10000 10000 1105 340 1e-18 0.389993918042 0.389940943696 0.388597925519 0.0
10000 10000 1105 340 2e-18 0.377600931996 0.377550330772 0.376249118396 0.0
10000 10000 1105 340 5e-18 0.342752752033 0.342708715591 0.341526100489 0.0
10000 10000 1105 340 7e-18 0.321345805971 0.321305708356 0.320196643067 0.0
10000 10000 1105 340 1e-17 0.291751958367 0.291717164386 0.290710541992 0.0
10000 10000 1105 340 2e-17 0.211735067586 0.211713558823 0.210987293277 0.0
10000 10000 1105 340 5e-17 0.0825197796446 0.0825148148889 0.0822432284563 0.0
10000 10000 1105 340 7e-17 0.0448392500286 0.0448373637342 0.0446949938995 0.0
10000 10000 1105 340 1e-16 0.0184324626086 0.0184320051383 0.0183768069272 0.0
10000 10000 1105 340 1e-15 1.34898148509e-10 1.34898148508e-10 1.34893870505e-10 0.0
10000 10000 1105 340 1e-14 1.15516480522e-57 1.15516480522e-57 1.15516480522e-57 0.0
10000 10000 1105 340 1e-12 0.0 0.0 0.0 0.0
10000 10000 1105 340 1e-10 0.0 0.0 0.0 0.0
