10000 10000 1305 210 1e-22 0.0193382630754 0.0193112616654 0.0 0.0
10000 10000 1305 210 1e-20 0.0193324698292 0.0193054781726 0.0 0.0
10000 10000 1305 210 1e-19 0.0192798894357 0.0192529862701 0.0 0.0
10000 10000 1305 210 2e-19 0.0192216469905 0.0191948417782 0.0 0.0
10000 10000 1305 210 5e-19 0.0190480513084 0.0190215376336 0.0 0.0
10000 10000 1305 210 7e-19 0.0189332572661 0.0189069360312 0.0 0.0
10000 10000 1305 210 1e-18 0.0187624576719 0.0187364222519 0.0 0.0
10000 10000 1305 210 2e-18 0.0182049750745 0.0181798682375 0.0 0.0
10000 10000 1305 210 5e-18 0.0166365816368 0.0166140509186 0.0 0.0
10000 10000 1305 210 7e-18 0.0156718657617 0.0156508919845 0.0 0.0
10000 10000 1305 210 1e-17 0.0143353976917 0.0143165442987 0.0 0.0
10000 10000 1305 210 2e-17 0.0106915138 0.0106782069782 0.0 0.0
10000 10000 1305 210 5e-17 0.00457088234289 0.00456594313955 0.0 0.0
10000 10000 1305 210 7e-17 0.00264717738605 0.00264453455031 0.0 0.0
10000 10000 1305 210 1e-16 0.00119484052808 0.00119376689558 0.0 0.0
10000 10000 1305 210 1e-15 1.63970172963e-10 1.63970065282e-10 0.0 0.0
10000 10000 1305 210 1e-14 3.84979825268e-53 3.84979825268e-53 0.0 0.0
10000 10000 1305 210 1e-12 0.0 0.0 0.0 0.0
10000 10000 1305 210 1e-10 0.0 0.0 0.0 0.0
