10000 10000 1055 420 1e-22 0.606597305457 0.606562906004 0.605685523387 0.0
10000 10000 1055 420 1e-20 0.606407937448 0.606373555075 0.605496403943 0.0
10000 10000 1055 420 1e-19 0.604688732049 0.604654504589 0.603779457531 0.0
10000 10000 1055 420 2e-19 0.602783407851 0.602749351768 0.601876641817 0.0
10000 10000 1055 420 5e-19 0.597098363602 0.597064816942 0.596199112887 0.0
10000 10000 1055 420 7e-19 0.593334060523 0.593300849583 0.592439810934 0.0
10000 10000 1055 420 1e-18 0.58772609643 0.587693383282 0.586839333661 0.0
10000 10000 1055 420 2e-18 0.569364712034 0.56933360892 0.568502757502 0.0
10000 10000 1055 420 5e-18 0.517288798807 0.517262094363 0.516499478256 0.0
10000 10000 1055 420 7e-18 0.485003491582 0.484979386949 0.484260712407 0.0
10000 10000 1055 420 1e-17 0.440050127251 0.440029475324 0.439373808853 0.0
10000 10000 1055 420 2e-17 0.317135561545 0.317123296798 0.316648496223 0.0
10000 10000 1055 420 5e-17 0.118378335292 0.118375807601 0.118206545734 0.0
10000 10000 1055 420 7e-17 0.0621385059581 0.0621376193303 0.0620530761435 0.0
10000 10000 1055 420 1e-16 0.0242763173038 0.0242761297101 0.024245705862 0.0
10000 10000 1055 420 1e-15 5.40223110657e-11 5.40223110657e-11 5.4020531869e-11 0.0
10000 10000 1055 420 1e-14 3.49236922334e-59 3.49236922334e-59 3.49236922334e-59 0.0
10000 10000 1055 420 1e-12 0.0 0.0 0.0 0.0
10000 10000 1055 420 1e-10 0.0 0.0 0.0 0.0
