10000 10000 1305 230 1e-22 0.0390500968768 0.0390274044551 0.0 0.0
10000 10000 1305 230 1e-20 0.0390387548216 0.0390160697991 0.0 0.0
10000 10000 1305 230 1e-19 0.0389358016864 0.0389131838166 0.0 0.0
10000 10000 1305 230 2e-19 0.0388217392479 0.0387991957538 0.0 0.0
10000 10000 1305 230 5e-19 0.038481625009 0.0384593031442 0.0 0.0
10000 10000 1305 230 7e-19 0.0382565988728 0.0382344235213 0.0 0.0
10000 10000 1305 230 1e-18 0.0379216131152 0.0378996556916 0.0 0.0
10000 10000 1305 230 2e-18 0.0368267781353 0.0368055314433 0.0 0.0
10000 10000 1305 230 5e-18 0.033734540757 0.0337152883091 0.0 0.0
10000 10000 1305 230 7e-18 0.0318235320612 0.0318055017655 0.0 0.0
10000 10000 1305 230 1e-17 0.0291646388242 0.0291482948198 0.0 0.0
10000 10000 1305 230 2e-17 0.0218462281575 0.0218344276771 0.0 0.0
10000 10000 1305 230 5e-17 0.00933320751987 0.00932870228957 0.0 0.0
10000 10000 1305 230 7e-17 0.00536034124771 0.00535794289736 0.0 0.0
10000 10000 1305 230 1e-16 0.00237253014181 0.00237158306803 0.0 0.0
10000 10000 1305 230 1e-15 8.83928964515e-11 8.83927179456e-11 0.0 0.0
10000 10000 1305 230 1e-14 9.17908699777e-57 9.17908699777e-57 0.0 0.0
10000 10000 1305 230 1e-12 0.0 0.0 0.0 0.0
10000 10000 1305 230 1e-10 0.0 0.0 0.0 0.0
