10000 10000 655 220 1e-22 0.418623925602 0.418078632914 0.0 0.0
10000 10000 655 220 1e-20 0.418492945051 0.417947789895 0.0 0.0
10000 10000 655 220 1e-19 0.417303969296 0.416760064341 0.0 0.0
10000 10000 655 220 2e-19 0.41598659195 0.415444075896 0.0 0.0
10000 10000 655 220 5e-19 0.412057792189 0.411519441112 0.0 0.0
10000 10000 655 220 7e-19 0.40945795468 0.408922378411 0.0 0.0
10000 10000 655 220 1e-18 0.405587078545 0.405055660948 0.0 0.0
10000 10000 655 220 2e-18 0.392931771358 0.392414173371 0.0 0.0
10000 10000 655 220 5e-18 0.357179234773 0.356702429364 0.0 0.0
10000 10000 655 220 7e-18 0.33510331535 0.334652893971 0.0 0.0
10000 10000 655 220 1e-17 0.304456282703 0.304043854326 0.0 0.0
10000 10000 655 220 2e-17 0.220979064782 0.220676820919 0.0 0.0
10000 10000 655 220 5e-17 0.0852752977688 0.0851640604572 0.0 0.0
10000 10000 655 220 7e-17 0.0459072914846 0.0458507648112 0.0 0.0
10000 10000 655 220 1e-16 0.0186114904015 0.0185907502333 0.0 0.0
10000 10000 655 220 1e-15 1.31190696759e-10 1.3118985992e-10 0.0 0.0
10000 10000 655 220 1e-14 1.57100589162e-53 1.57100589162e-53 0.0 0.0
10000 10000 655 220 1e-12 0.0 0.0 0.0 0.0
10000 10000 655 220 1e-10 0.0 0.0 0.0 0.0
