10000 10000 655 340 1e-22 0.674905352204 0.674729573688 0.672014439429 0.0
10000 10000 655 340 1e-20 0.674694629904 0.674518900364 0.671804442072 0.0
10000 10000 655 340 1e-19 0.672781168617 0.672605884963 0.669897573895 0.0
10000 10000 655 340 2e-19 0.670659747887 0.670484961007 0.667783484366 0.0
10000 10000 655 340 5e-19 0.664324938145 0.66415164961 0.66147069963 0.0
10000 10000 655 340 7e-19 0.66012637263 0.659954089218 0.657286840154 0.0
10000 10000 655 340 1e-18 0.653865666532 0.653694899242 0.651048220441 0.0
10000 10000 655 340 2e-18 0.633321052216 0.633155398151 0.630577361415 0.0
10000 10000 655 340 5e-18 0.574722859952 0.574572786247 0.572199335688 0.0
10000 10000 655 340 7e-18 0.538200129865 0.538060359495 0.535820292592 0.0
10000 10000 655 340 1e-17 0.487178291626 0.487053452885 0.485006256192 0.0
10000 10000 655 340 2e-17 0.347366049349 0.347283516235 0.345796299535 0.0
10000 10000 655 340 5e-17 0.124673475938 0.124652635337 0.124119028744 0.0
10000 10000 655 340 7e-17 0.0638963265848 0.0638881601067 0.0636198992363 0.0
10000 10000 655 340 1e-16 0.0242291355981 0.0242270818239 0.0241294322223 0.0
10000 10000 655 340 1e-15 6.73113493351e-11 6.73113493216e-11 6.73066108943e-11 0.0
10000 10000 655 340 1e-14 2.24216010897e-57 2.24216010897e-57 2.24216010897e-57 0.0
10000 10000 655 340 1e-12 0.0 0.0 0.0 0.0
10000 10000 655 340 1e-10 0.0 0.0 0.0 0.0
