10000 10000 1305 270 1e-22 0.0996753972843 0.0996546332821 0.0 0.0
10000 10000 1305 270 1e-20 0.0996442655052 0.0996235108627 0.0 0.0
10000 10000 1305 270 1e-19 0.0993617246637 0.0993410548895 0.0 0.0
10000 10000 1305 270 2e-19 0.0990487924233 0.0990282164859 0.0 0.0
10000 10000 1305 270 5e-19 0.0981162864973 0.0980959891849 0.0 0.0
10000 10000 1305 270 7e-19 0.0974998199103 0.0974797059716 0.0 0.0
10000 10000 1305 270 1e-18 0.0965828501873 0.0965630078012 0.0 0.0
10000 10000 1305 270 2e-18 0.0935920686412 0.0935731019119 0.0 0.0
10000 10000 1305 270 5e-18 0.0851963635136 0.0851797729994 0.0 0.0
10000 10000 1305 270 7e-18 0.0800463719108 0.0800311793327 0.0 0.0
10000 10000 1305 270 1e-17 0.0729310706012 0.072917734886 0.0 0.0
10000 10000 1305 270 2e-17 0.0536631320321 0.0536543881934 0.0 0.0
10000 10000 1305 270 5e-17 0.0219736193234 0.0219709607857 0.0 0.0
10000 10000 1305 270 7e-17 0.0123528251685 0.0123515786186 0.0 0.0
10000 10000 1305 270 1e-16 0.00533671651626 0.00533630392173 0.0 0.0
10000 10000 1305 270 1e-15 2.09670713447e-10 2.09670713245e-10 0.0 0.0
10000 10000 1305 270 1e-14 1.50252384545e-56 1.50252384545e-56 0.0 0.0
10000 10000 1305 270 1e-12 0.0 0.0 0.0 0.0
10000 10000 1305 270 1e-10 0.0 0.0 0.0 0.0
