10000 10000 955 750 1e-22 0.597575758213 0.597525778006 0.597353044066 0.596845501299
10000 10000 955 750 1e-20 0.59736723733 0.597317310522 0.597144632106 0.596637100137
10000 10000 955 750 1e-19 0.595473833245 0.595424389129 0.595252215969 0.594744791645
10000 10000 955 750 2e-19 0.593374798102 0.593325884557 0.593154273781 0.59264698892
10000 10000 955 750 5e-19 0.587107868314 0.587060510853 0.586890592958 0.586383848777
10000 10000 955 750 7e-19 0.582955250078 0.582908901014 0.582740115978 0.582233831042
10000 10000 955 750 1e-18 0.576764679825 0.576719801231 0.576552720919 0.576047266973
10000 10000 955 750 2e-18 0.55646694095 0.556426619747 0.556265254246 0.555763708695
10000 10000 955 750 5e-18 0.498782485694 0.498753142711 0.498608896144 0.498127428429
10000 10000 955 750 7e-18 0.46305308297 0.463029278142 0.462896133991 0.462432944997
10000 10000 955 750 1e-17 0.413532078571 0.413514618132 0.413397281574 0.41296573491
10000 10000 955 750 2e-17 0.281165488653 0.281159095543 0.281084818488 0.280766544291
10000 10000 955 750 5e-17 0.0874879733432 0.0874876007799 0.087470879269 0.0873680472073
10000 10000 955 750 7e-17 0.0411479568783 0.0411478957418 0.0411417649851 0.0410946555835
10000 10000 955 750 1e-16 0.013935871113 0.0139358665256 0.0139344565818 0.0139194208825
10000 10000 955 750 1e-15 2.79256019535e-12 2.79256019535e-12 2.79255965507e-12 2.79232800573e-12
10000 10000 955 750 1e-14 3.1688652673e-72 3.1688652673e-72 3.1688652673e-72 3.1688652673e-72
10000 10000 955 750 1e-12 0.0 0.0 0.0 0.0
10000 10000 955 750 1e-10 0.0 0.0 0.0 0.0
