10000 10000 2955 1700 1e-22 0.194555627336 0.194555627336 0.194555627336 0.194544893752
10000 10000 2955 1700 1e-20 0.19444721946 0.19444721946 0.19444721946 0.194436491865
10000 10000 2955 1700 1e-19 0.193464949349 0.193464949349 0.193464949349 0.193454276048
10000 10000 2955 1700 2e-19 0.192380382565 0.192380382565 0.192380382565 0.192369769262
10000 10000 2955 1700 5e-19 0.189169355008 0.189169355008 0.189169355008 0.189158919644
10000 10000 2955 1700 7e-19 0.187063673005 0.187063673005 0.187063673005 0.187053354574
10000 10000 2955 1700 1e-18 0.18395656234 0.18395656234 0.18395656234 0.183946416806
10000 10000 2955 1700 2e-18 0.174028071815 0.174028071815 0.174028071815 0.174018481541
10000 10000 2955 1700 5e-18 0.147790990953 0.147790990953 0.147790990953 0.147782887224
10000 10000 2955 1700 7e-18 0.132844556014 0.132844556014 0.132844556014 0.132837310192
10000 10000 2955 1700 1e-17 0.113564820657 0.113564820657 0.113564820657 0.11355869064
10000 10000 2955 1700 2e-17 0.0688470064868 0.0688470064868 0.0688470064868 0.0688434752953
10000 10000 2955 1700 5e-17 0.01741073688 0.01741073688 0.01741073688 0.0174100222873
10000 10000 2955 1700 7e-17 0.00740170122718 0.00740170122718 0.00740170122718 0.00740144396243
10000 10000 2955 1700 1e-16 0.00217349158322 0.00217349158322 0.00217349158322 0.00217343315552
10000 10000 2955 1700 1e-15 2.39010101144e-15 2.39010101144e-15 2.39010101144e-15 2.39010101137e-15
10000 10000 2955 1700 1e-14 2.50578238649e-115 2.50578238649e-115 2.50578238649e-115 2.50578238649e-115
10000 10000 2955 1700 1e-12 0.0 0.0 0.0 0.0
10000 10000 2955 1700 1e-10 0.0 0.0 0.0 0.0
