10000 10000 455 150 1e-22 0.346858286892 0.0 0.0 0.0
10000 10000 455 150 1e-20 0.346749677616 0.0 0.0 0.0
10000 10000 455 150 1e-19 0.345763837045 0.0 0.0 0.0
10000 10000 455 150 2e-19 0.344671657749 0.0 0.0 0.0
10000 10000 455 150 5e-19 0.34141523889 0.0 0.0 0.0
10000 10000 455 150 7e-19 0.339260971264 0.0 0.0 0.0
10000 10000 455 150 1e-18 0.336054412358 0.0 0.0 0.0
10000 10000 455 150 2e-18 0.325578352334 0.0 0.0 0.0
10000 10000 455 150 5e-18 0.296037287608 0.0 0.0 0.0
10000 10000 455 150 7e-18 0.277831243521 0.0 0.0 0.0
10000 10000 455 150 1e-17 0.252590595763 0.0 0.0 0.0
10000 10000 455 150 2e-17 0.183945071912 0.0 0.0 0.0
10000 10000 455 150 5e-17 0.0719563719022 0.0 0.0 0.0
10000 10000 455 150 7e-17 0.0390693220963 0.0 0.0 0.0
10000 10000 455 150 1e-16 0.0159958906334 0.0 0.0 0.0
10000 10000 455 150 1e-15 2.60935652269e-09 0.0 0.0 0.0
10000 10000 455 150 1e-14 1.25820625024e-38 0.0 0.0 0.0
10000 10000 455 150 1e-12 0.0 0.0 0.0 0.0
10000 10000 455 150 1e-10 0.0 0.0 0.0 0.0
