10000 10000 1155 750 1e-22 0.64962584858 0.649598603807 0.649437907129 0.648904443362
10000 10000 1155 750 1e-20 0.64939381474 0.64936660429 0.649205963866 0.648672553603
10000 10000 1155 750 1e-19 0.647287373966 0.647260473547 0.64710034431 0.646567427158
10000 10000 1155 750 2e-19 0.644953138245 0.644926578121 0.644767016418 0.644234661204
10000 10000 1155 750 5e-19 0.637989981384 0.63796441628 0.637806554119 0.637275971018
10000 10000 1155 750 7e-19 0.633380881368 0.633355958606 0.633199226722 0.632669894606
10000 10000 1155 750 1e-18 0.626516814265 0.626492824581 0.626337783601 0.625810427767
10000 10000 1155 750 2e-18 0.604067056936 0.604045930124 0.603896480571 0.603376507178
10000 10000 1155 750 5e-18 0.540682854382 0.540668408951 0.540535190507 0.540043079718
10000 10000 1155 750 7e-18 0.501683025451 0.501671803186 0.501548839595 0.501078511398
10000 10000 1155 750 1e-17 0.447890169515 0.447882472916 0.447773899817 0.447338714135
10000 10000 1155 750 2e-17 0.305085945582 0.3050837187 0.305013936967 0.304695784393
10000 10000 1155 750 5e-17 0.0963400004205 0.0963399287369 0.0963233170816 0.096219355004
10000 10000 1155 750 7e-17 0.0457644948666 0.0457644839902 0.0457582180239 0.0457099805916
10000 10000 1155 750 1e-16 0.0156854985083 0.0156854973737 0.0156840149917 0.015668315297
10000 10000 1155 750 1e-15 4.17687915589e-12 4.17687915589e-12 4.17687915523e-12 4.17651553473e-12
10000 10000 1155 750 1e-14 1.55773002879e-66 1.55773002879e-66 1.55773002879e-66 1.55773002879e-66
10000 10000 1155 750 1e-12 0.0 0.0 0.0 0.0
10000 10000 1155 750 1e-10 0.0 0.0 0.0 0.0
