10000 10000 1455 450 1e-22 0.42153564846 0.421527566422 0.421040782022 0.0
10000 10000 1455 450 1e-20 0.421401510636 0.421393433719 0.420906809789 0.0
10000 10000 1455 450 1e-19 0.420184019751 0.420175989235 0.419690821996 0.0
10000 10000 1455 450 2e-19 0.418835351973 0.418827372696 0.418343819492 0.0
10000 10000 1455 450 5e-19 0.414815119366 0.414807291818 0.41432855231 0.0
10000 10000 1455 450 7e-19 0.412156314571 0.412148586542 0.411673032561 0.0
10000 10000 1455 450 1e-18 0.408199883169 0.40819230201 0.407721491057 0.0
10000 10000 1455 450 2e-18 0.395283146232 0.395276034452 0.394820730422 0.0
10000 10000 1455 450 5e-18 0.35893376568 0.358927892311 0.358516380297 0.0
10000 10000 1455 450 7e-18 0.336584441324 0.336579269542 0.336194766019 0.0
10000 10000 1455 450 1e-17 0.305663357328 0.305659081866 0.305312000314 0.0
10000 10000 1455 450 2e-17 0.221922722895 0.221920446767 0.22167451387 0.0
10000 10000 1455 450 5e-17 0.0863403173182 0.0863399630545 0.0862527779325 0.0
10000 10000 1455 450 7e-17 0.0467766039327 0.0467764993176 0.0467323529689 0.0
10000 10000 1455 450 1e-16 0.0191112071305 0.0191111899577 0.0190948987145 0.0
10000 10000 1455 450 1e-15 4.94775230113e-11 4.94775230113e-11 4.94770720472e-11 0.0
10000 10000 1455 450 1e-14 1.35058021871e-58 1.35058021871e-58 1.35058021871e-58 0.0
10000 10000 1455 450 1e-12 0.0 0.0 0.0 0.0
10000 10000 1455 450 1e-10 0.0 0.0 0.0 0.0
