10000 10000 1955 330 1e-22 0.0297645610809 0.0297589744065 0.0 0.0
10000 10000 1955 330 1e-20 0.0297549436348 0.0297493595412 0.0 0.0
10000 10000 1955 330 1e-19 0.029667674069 0.0296621133806 0.0 0.0
10000 10000 1955 330 2e-19 0.0295710487528 0.0295655139516 0.0 0.0
10000 10000 1955 330 5e-19 0.0292833106984 0.029277852817 0.0 0.0
10000 10000 1955 330 7e-19 0.0290932517748 0.0290878445609 0.0 0.0
10000 10000 1955 330 1e-18 0.0288107831248 0.0288054510053 0.0 0.0
10000 10000 1955 330 2e-18 0.0278914494491 0.0278863599769 0.0 0.0
10000 10000 1955 330 5e-18 0.0253267042767 0.0253222767259 0.0 0.0
10000 10000 1955 330 7e-18 0.0237650536953 0.0237610175255 0.0 0.0
10000 10000 1955 330 1e-17 0.0216217140813 0.0216181992864 0.0 0.0
10000 10000 1955 330 2e-17 0.0158966988606 0.0158944722163 0.0 0.0
10000 10000 1955 330 5e-17 0.00666644033144 0.00666584777561 0.0 0.0
10000 10000 1955 330 7e-17 0.0038573437332 0.00385708820188 0.0 0.0
10000 10000 1955 330 1e-16 0.00175509327015 0.00175501601628 0.0 0.0
10000 10000 1955 330 1e-15 2.1277172372e-10 2.12771723634e-10 0.0 0.0
10000 10000 1955 330 1e-14 4.39369759981e-57 4.39369759981e-57 0.0 0.0
10000 10000 1955 330 1e-12 0.0 0.0 0.0 0.0
10000 10000 1955 330 1e-10 0.0 0.0 0.0 0.0
