10000 10000 1055 310 1e-22 0.362463227242 0.362353593561 0.0 0.0
10000 10000 1055 310 1e-20 0.362343691865 0.362234107245 0.0 0.0
10000 10000 1055 310 1e-19 0.361258833856 0.361149694354 0.0 0.0
10000 10000 1055 310 2e-19 0.360057289373 0.359948642552 0.0 0.0
10000 10000 1055 310 5e-19 0.356476868023 0.356369687345 0.0 0.0
10000 10000 1055 310 7e-19 0.354109970551 0.354003757429 0.0 0.0
10000 10000 1055 310 1e-18 0.350589447331 0.350484670839 0.0 0.0
10000 10000 1055 310 2e-18 0.339108776739 0.33900866323 0.0 0.0
10000 10000 1055 310 5e-18 0.306910357898 0.306823118382 0.0 0.0
10000 10000 1055 310 7e-18 0.287197009754 0.28711747937 0.0 0.0
10000 10000 1055 310 1e-17 0.260033647249 0.259964483607 0.0 0.0
10000 10000 1055 310 2e-17 0.187168951842 0.187125733141 0.0 0.0
10000 10000 1055 310 5e-17 0.0717155424875 0.0717049786559 0.0 0.0
10000 10000 1055 310 7e-17 0.0387130090369 0.0387087774118 0.0 0.0
10000 10000 1055 310 1e-16 0.0158302499781 0.0158291241812 0.0 0.0
10000 10000 1055 310 1e-15 1.98356793711e-10 1.98356793662e-10 0.0 0.0
10000 10000 1055 310 1e-14 5.02522545808e-57 5.02522545808e-57 0.0 0.0
10000 10000 1055 310 1e-12 0.0 0.0 0.0 0.0
10000 10000 1055 310 1e-10 0.0 0.0 0.0 0.0
