10000 10000 455 410 1e-22 0.573442563343 0.573383413601 0.572429878868 0.0
10000 10000 455 410 1e-20 0.573266096938 0.573206959211 0.572253409463 0.0
10000 10000 455 410 1e-19 0.571663271657 0.571604243857 0.570650575241 0.0
10000 10000 455 410 2e-19 0.569885360333 0.569826456124 0.56887269236 0.0
10000 10000 455 410 5e-19 0.564570850346 0.564512325752 0.563558504433 0.0
10000 10000 455 410 7e-19 0.561044101425 0.560985836955 0.560032161843 0.0
10000 10000 455 410 1e-18 0.555778819581 0.555720955245 0.554767765924 0.0
10000 10000 455 410 2e-18 0.538449927644 0.53839347381 0.537444053014 0.0
10000 10000 455 410 5e-18 0.488653996539 0.488602268135 0.487680260266 0.0
10000 10000 455 410 7e-18 0.457394031823 0.457345667068 0.456451738285 0.0
10000 10000 455 410 1e-17 0.413514846309 0.413471565709 0.412628906055 0.0
10000 10000 455 410 2e-17 0.292660501966 0.292632276304 0.291986332369 0.0
10000 10000 455 410 5e-17 0.101793296597 0.101786854501 0.101554657122 0.0
10000 10000 455 410 7e-17 0.051137878835 0.05113554892 0.051022282691 0.0
10000 10000 455 410 1e-16 0.018904633838 0.0189041177366 0.0188648009645 0.0
10000 10000 455 410 1e-15 3.13835721356e-11 3.13835721354e-11 3.13821384765e-11 0.0
10000 10000 455 410 1e-14 6.23924775095e-59 6.23924775095e-59 6.23924775095e-59 0.0
10000 10000 455 410 1e-12 0.0 0.0 0.0 0.0
10000 10000 455 410 1e-10 0.0 0.0 0.0 0.0
