10000 10000 1355 1150 1e-22 0.420757100553 0.420757100553 0.42071199418 0.420513669921
10000 10000 1355 1150 1e-20 0.420560333473 0.420560333473 0.420515280048 0.420317058785
10000 10000 1355 1150 1e-19 0.418775899435 0.418775899435 0.41873132422 0.41853403635
10000 10000 1355 1150 2e-19 0.416802372813 0.416802372813 0.416758322388 0.416562065459
10000 10000 1355 1150 5e-19 0.410939286108 0.410939286108 0.410896769586 0.41070356712
10000 10000 1355 1150 7e-19 0.407077995042 0.407077995042 0.407036468322 0.406845270769
10000 10000 1355 1150 1e-18 0.401356264687 0.401356264687 0.401316175251 0.401127939081
10000 10000 1355 1150 2e-18 0.382877303904 0.382877303904 0.382841621692 0.382662875204
10000 10000 1355 1150 5e-18 0.332544542643 0.332544542643 0.332519156033 0.332365747201
10000 10000 1355 1150 7e-18 0.302841440576 0.302841440576 0.302821054739 0.302682305282
10000 10000 1355 1150 1e-17 0.263348658794 0.263348658794 0.263333821084 0.263214297596
10000 10000 1355 1150 2e-17 0.166239080836 0.166239080836 0.166233427663 0.166160259888
10000 10000 1355 1150 5e-17 0.0443636785895 0.0443636785895 0.0443631261098 0.0443460551761
10000 10000 1355 1150 7e-17 0.0193357994096 0.0193357994096 0.0193356576325 0.0193290692801
10000 10000 1355 1150 1e-16 0.00594763831769 0.00594763831769 0.00594761847741 0.00594597233434
10000 10000 1355 1150 1e-15 1.30030045649e-13 1.30030045649e-13 1.30030045649e-13 1.30030000816e-13
10000 10000 1355 1150 1e-14 1.03828118021e-89 1.03828118021e-89 1.03828118021e-89 1.03828118021e-89
10000 10000 1355 1150 1e-12 0.0 0.0 0.0 0.0
10000 10000 1355 1150 1e-10 0.0 0.0 0.0 0.0
