10000 10000 355 340 1e-22 0.532316780228 0.532148133379 0.530129183264 0.0
10000 10000 355 340 1e-20 0.532154618241 0.531985996831 0.529967150101 0.0
10000 10000 355 340 1e-19 0.530681721644 0.53051333388 0.528495453254 0.0
10000 10000 355 340 2e-19 0.52904793792 0.528879814737 0.526863062469 0.0
10000 10000 355 340 5e-19 0.524164279395 0.523996980384 0.521983951972 0.0
10000 10000 355 340 7e-19 0.520923458382 0.520756733214 0.518746461661 0.0
10000 10000 355 340 1e-18 0.516085050863 0.515919221174 0.513913480676 0.0
10000 10000 355 340 2e-18 0.500160727771 0.499998155162 0.498010706115 0.0
10000 10000 355 340 5e-18 0.454391159033 0.454240215698 0.452331408459 0.0
10000 10000 355 340 7e-18 0.425644944197 0.42550268838 0.423660595776 0.0
10000 10000 355 340 1e-17 0.385266554882 0.38513784041 0.38340871293 0.0
10000 10000 355 340 2e-17 0.273799431509 0.2737127585 0.272388768741 0.0
10000 10000 355 340 5e-17 0.0963898569358 0.0963684081931 0.0958788961364 0.0
10000 10000 355 340 7e-17 0.0487710027668 0.0487628217261 0.0485189479028 0.0
10000 10000 355 340 1e-16 0.0182036391207 0.0182016626743 0.0181145260261 0.0
10000 10000 355 340 1e-15 3.6112744089e-11 3.6112744055e-11 3.61092257915e-11 0.0
10000 10000 355 340 1e-14 6.08210466104e-59 6.08210466104e-59 6.08210466104e-59 0.0
10000 10000 355 340 1e-12 0.0 0.0 0.0 0.0
10000 10000 355 340 1e-10 0.0 0.0 0.0 0.0
