10000 10000 1105 460 1e-22 0.621865682575 0.621848956573 0.621213102888 0.0
10000 10000 1105 460 1e-20 0.621680817385 0.621664099658 0.621028351094 0.0
10000 10000 1105 460 1e-19 0.620002054054 0.619985411409 0.619350621867 0.0
10000 10000 1105 460 2e-19 0.618140632593 0.618124073078 0.617490356159 0.0
10000 10000 1105 460 5e-19 0.612580898065 0.612564586077 0.611934130248 0.0
10000 10000 1105 460 7e-19 0.608894928064 0.608878779539 0.608250532541 0.0
10000 10000 1105 460 1e-18 0.603396898379 0.603380992711 0.602756108668 0.0
10000 10000 1105 460 2e-18 0.585340195076 0.585325078648 0.584711797421 0.0
10000 10000 1105 460 5e-18 0.533697759672 0.533684824869 0.533109089857 0.0
10000 10000 1105 460 7e-18 0.501389496636 0.501377865047 0.500828570159 0.0
10000 10000 1105 460 1e-17 0.456073608129 0.456063717409 0.455554842863 0.0
10000 10000 1105 460 2e-17 0.330536554198 0.33053089244 0.330150308344 0.0
10000 10000 1105 460 5e-17 0.124085347166 0.124084348738 0.123945336644 0.0
10000 10000 1105 460 7e-17 0.0652099102597 0.0652095964229 0.065140296807 0.0
10000 10000 1105 460 1e-16 0.0254999100891 0.0254998529049 0.0254751158821 0.0
10000 10000 1105 460 1e-15 3.65893392354e-11 3.65893392354e-11 3.65889885176e-11 0.0
10000 10000 1105 460 1e-14 4.1353372852e-58 4.1353372852e-58 4.1353372852e-58 0.0
10000 10000 1105 460 1e-12 0.0 0.0 0.0 0.0
10000 10000 1105 460 1e-10 0.0 0.0 0.0 0.0
