10000 10000 555 420 1e-22 0.614305882852 0.614258968274 0.613255382161 0.0
10000 10000 555 420 1e-20 0.614118986995 0.614072080643 0.61306851715 0.0
10000 10000 555 420 1e-19 0.612421450954 0.612374620012 0.611371277726 0.0
10000 10000 555 420 2e-19 0.610538521271 0.610491775418 0.609488711509 0.0
10000 10000 555 420 5e-19 0.604910309201 0.604863826566 0.603861798898 0.0
10000 10000 555 420 7e-19 0.601175543112 0.601129242313 0.600128068329 0.0
10000 10000 555 420 1e-18 0.595599892817 0.595553873791 0.594554215388 0.0
10000 10000 555 420 2e-18 0.577250519288 0.577205509747 0.576212797872 0.0
10000 10000 555 420 5e-18 0.524517045358 0.524475532928 0.523517822045 0.0
10000 10000 555 420 7e-18 0.491396732458 0.491357774352 0.490431961834 0.0
10000 10000 555 420 1e-17 0.444867112887 0.444832079421 0.443961971698 0.0
10000 10000 555 420 2e-17 0.316328267564 0.316305143043 0.315640488097 0.0
10000 10000 555 420 5e-17 0.111309467713 0.111304106408 0.111064469734 0.0
10000 10000 555 420 7e-17 0.0562002787682 0.0561983371881 0.056081284254 0.0
10000 10000 555 420 1e-16 0.0208679782087 0.0208675502183 0.0208269657426 0.0
10000 10000 555 420 1e-15 3.01568408625e-11 3.01568408623e-11 3.01549208788e-11 0.0
10000 10000 555 420 1e-14 3.71784713399e-59 3.71784713399e-59 3.71784713399e-59 0.0
10000 10000 555 420 1e-12 0.0 0.0 0.0 0.0
10000 10000 555 420 1e-10 0.0 0.0 0.0 0.0
