10000 10000 705 470 1e-22 0.686109301161 0.686078365821 0.68530537363 0.0
10000 10000 705 470 1e-20 0.685888746706 0.685857821661 0.68508490163 0.0
10000 10000 705 470 1e-19 0.683885990656 0.683855159374 0.683082904576 0.0
10000 10000 705 470 2e-19 0.681665543246 0.681634816493 0.680863320169 0.0
10000 10000 705 470 5e-19 0.675034893774 0.675004482659 0.674235380705 0.0
10000 10000 705 470 7e-19 0.670640176825 0.670609977711 0.669842568018 0.0
10000 10000 705 470 1e-18 0.664086935397 0.664057056379 0.663292323048 0.0
10000 10000 705 470 2e-18 0.642583039718 0.642554241871 0.641799532191 0.0
10000 10000 705 470 5e-18 0.581277618795 0.581252107774 0.580535479667 0.0
10000 10000 705 470 7e-18 0.543111594095 0.543088233014 0.542401578279 0.0
10000 10000 705 470 1e-17 0.489885769209 0.489865470301 0.489227475424 0.0
10000 10000 705 470 2e-17 0.344912161085 0.344900058951 0.344426517597 0.0
10000 10000 705 470 5e-17 0.119087441321 0.119085296448 0.118923613474 0.0
10000 10000 705 470 7e-17 0.0595900633643 0.0595894111634 0.0595124973175 0.0
10000 10000 705 470 1e-16 0.0218706058737 0.021870495802 0.02184466027 0.0
10000 10000 705 470 1e-15 1.57653038542e-11 1.57653038542e-11 1.5764938319e-11 0.0
10000 10000 705 470 1e-14 1.84104733204e-58 1.84104733204e-58 1.84104733204e-58 0.0
10000 10000 705 470 1e-12 0.0 0.0 0.0 0.0
10000 10000 705 470 1e-10 0.0 0.0 0.0 0.0
