10000 10000 1055 600 1e-22 0.699475484309 0.699469292847 0.699073300685 0.698007070288
10000 10000 1055 600 1e-20 0.699248235319 0.699242049056 0.698846173691 0.697779974949
10000 10000 1055 600 1e-19 0.697184549836 0.69717841061 0.696783597128 0.695717702326
10000 10000 1055 600 2e-19 0.694896259909 0.694890172482 0.694496539019 0.693431015791
10000 10000 1055 600 5e-19 0.688061252187 0.688055317269 0.687665224327 0.686601024721
10000 10000 1055 600 7e-19 0.683529677089 0.683523841487 0.683136108802 0.682072960712
10000 10000 1055 600 1e-18 0.67677036033 0.676764670267 0.676380476907 0.675319150038
10000 10000 1055 600 2e-18 0.654574851 0.654569617773 0.654197198769 0.653143907014
10000 10000 1055 600 5e-18 0.591198605723 0.591194516801 0.59085688052 0.589842333795
10000 10000 1055 600 7e-18 0.551697803495 0.551694323125 0.551379121786 0.550399212144
10000 10000 1055 600 1e-17 0.496594693874 0.496591948391 0.496308839192 0.495388879005
10000 10000 1055 600 2e-17 0.346781422759 0.34678013716 0.346587431253 0.345886307967
10000 10000 1055 600 5e-17 0.116494245116 0.116494090114 0.116439331705 0.116186819081
10000 10000 1055 600 7e-17 0.0572920963652 0.0572920563455 0.0572686803261 0.0571451723464
10000 10000 1055 600 1e-16 0.0205334714824 0.0205334660525 0.0205267456911 0.0204838085894
10000 10000 1055 600 1e-15 1.82302414515e-11 1.82302414515e-11 1.82302367601e-11 1.82263914826e-11
10000 10000 1055 600 1e-14 2.52805257775e-60 2.52805257775e-60 2.52805257775e-60 2.52805257775e-60
10000 10000 1055 600 1e-12 0.0 0.0 0.0 0.0
10000 10000 1055 600 1e-10 0.0 0.0 0.0 0.0
