10000 10000 2955 750 1e-22 0.175839528195 0.175762832093 0.175733393345 0.175588677691
10000 10000 2955 750 1e-20 0.175779803825 0.175703176572 0.175673756061 0.175529102682
10000 10000 2955 750 1e-19 0.175237904772 0.175161900585 0.175132645307 0.174988556599
10000 10000 2955 750 2e-19 0.174638006381 0.174562688549 0.174533615692 0.174390151307
10000 10000 2955 750 5e-19 0.172852176444 0.172778880709 0.172750347812 0.172608737091
10000 10000 2955 750 7e-19 0.171673073211 0.171601095286 0.171572916362 0.171432525526
10000 10000 2955 750 1e-18 0.169921387365 0.16985134186 0.169823685065 0.169685100615
10000 10000 2955 750 2e-18 0.164226230777 0.1641622597 0.164136269479 0.164003509306
10000 10000 2955 750 5e-18 0.148386626394 0.148337896434 0.148316289394 0.148199334128
10000 10000 2955 750 7e-18 0.138777874463 0.138737229547 0.138718098279 0.138610446547
10000 10000 2955 750 1e-17 0.125635895775 0.125604934093 0.125588961157 0.125493683611
10000 10000 2955 750 2e-17 0.0908202310166 0.0908077308681 0.0907988221785 0.0907343415131
10000 10000 2955 750 5e-17 0.0359980964708 0.0359972731542 0.0359954939228 0.0359733508812
10000 10000 2955 750 7e-17 0.0199709154952 0.0199707810655 0.0199701133261 0.0199586864345
10000 10000 2955 750 1e-16 0.00849243447794 0.00849242558157 0.00849225525428 0.00848782201756
10000 10000 2955 750 1e-15 3.81872119011e-11 3.81872119011e-11 3.81872117269e-11 3.81864134001e-11
10000 10000 2955 750 1e-14 2.48638328824e-59 2.48638328824e-59 2.48638328824e-59 2.48638328824e-59
10000 10000 2955 750 1e-12 0.0 0.0 0.0 0.0
10000 10000 2955 750 1e-10 0.0 0.0 0.0 0.0
