10000 10000 455 50 1e-22 7.97896507323e-06 0.0 0.0 0.0
10000 10000 455 50 1e-20 7.97872980385e-06 0.0 0.0 0.0
10000 10000 455 50 1e-19 7.97659132978e-06 0.0 0.0 0.0
10000 10000 455 50 2e-19 7.97421596263e-06 0.0 0.0 0.0
10000 10000 455 50 5e-19 7.96709437533e-06 0.0 0.0 0.0
10000 10000 455 50 7e-19 7.96235040957e-06 0.0 0.0 0.0
10000 10000 455 50 1e-18 7.95524009427e-06 0.0 0.0 0.0
10000 10000 455 50 2e-18 7.93158777891e-06 0.0 0.0 0.0
10000 10000 455 50 5e-18 7.8610784209e-06 0.0 0.0 0.0
10000 10000 455 50 7e-18 7.81444253936e-06 0.0 0.0 0.0
10000 10000 455 50 1e-17 7.74503903679e-06 0.0 0.0 0.0
10000 10000 455 50 2e-17 7.51838029665e-06 0.0 0.0 0.0
10000 10000 455 50 5e-17 6.87956126839e-06 0.0 0.0 0.0
10000 10000 455 50 7e-17 6.48568950925e-06 0.0 0.0 0.0
10000 10000 455 50 1e-16 5.93871039444e-06 0.0 0.0 0.0
10000 10000 455 50 1e-15 4.61594301932e-07 0.0 0.0 0.0
10000 10000 455 50 1e-14 6.93838611686e-17 0.0 0.0 0.0
10000 10000 455 50 1e-12 0.0 0.0 0.0 0.0
10000 10000 455 50 1e-10 0.0 0.0 0.0 0.0
