10000 10000 1055 200 1e-22 0.0565887641091 0.0565029679147 0.0 0.0
10000 10000 1055 200 1e-20 0.056571164446 0.0564853979762 0.0 0.0
10000 10000 1055 200 1e-19 0.0564114332652 0.0563259365304 0.0 0.0
10000 10000 1055 200 2e-19 0.0562345144563 0.0561493163965 0.0 0.0
10000 10000 1055 200 5e-19 0.0557072762689 0.0556229677652 0.0 0.0
10000 10000 1055 200 7e-19 0.0553586953517 0.0552749745345 0.0 0.0
10000 10000 1055 200 1e-18 0.0548401498191 0.0547573025846 0.0 0.0
10000 10000 1055 200 2e-18 0.053148500761 0.0530684978642 0.0 0.0
10000 10000 1055 200 5e-18 0.0483969671789 0.0483249054251 0.0 0.0
10000 10000 1055 200 7e-18 0.0454805716832 0.0454133460598 0.0 0.0
10000 10000 1055 200 1e-17 0.0414493988374 0.0413888052466 0.0 0.0
10000 10000 1055 200 2e-17 0.0305256360884 0.0304826480756 0.0 0.0
10000 10000 1055 200 5e-17 0.0125472103215 0.0125314400254 0.0 0.0
10000 10000 1055 200 7e-17 0.00708013604434 0.00707187899375 0.0 0.0
10000 10000 1055 200 1e-16 0.00307830650319 0.00307508599653 0.0 0.0
10000 10000 1055 200 1e-15 2.200253274e-10 2.20024840494e-10 0.0 0.0
10000 10000 1055 200 1e-14 6.18064430569e-50 6.18064430569e-50 0.0 0.0
10000 10000 1055 200 1e-12 0.0 0.0 0.0 0.0
10000 10000 1055 200 1e-10 0.0 0.0 0.0 0.0
