10000 10000 705 220 1e-22 0.37279993847 0.372330349749 0.0 0.0
10000 10000 705 220 1e-20 0.372675940297 0.372206506225 0.0 0.0
10000 10000 705 220 1e-19 0.371550619 0.371082588893 0.0 0.0
10000 10000 705 220 2e-19 0.370304341589 0.369837867373 0.0 0.0
10000 10000 705 220 5e-19 0.366591134498 0.366129302274 0.0 0.0
10000 10000 705 220 7e-19 0.364136874543 0.363678115596 0.0 0.0
10000 10000 705 220 1e-18 0.360487017851 0.360032836789 0.0 0.0
10000 10000 705 220 2e-18 0.348589561021 0.348150362849 0.0 0.0
10000 10000 705 220 5e-18 0.315261040273 0.314864270026 0.0 0.0
10000 10000 705 220 7e-18 0.294882269938 0.29451173708 0.0 0.0
10000 10000 705 220 1e-17 0.266832352702 0.266498238645 0.0 0.0
10000 10000 705 220 2e-17 0.191743276741 0.191507770743 0.0 0.0
10000 10000 705 220 5e-17 0.0731710883658 0.0730894780948 0.0 0.0
10000 10000 705 220 7e-17 0.0393971011749 0.0393564884166 0.0 0.0
10000 10000 705 220 1e-16 0.0160518061099 0.0160372282381 0.0 0.0
10000 10000 705 220 1e-15 1.35397851793e-10 1.35397417258e-10 0.0 0.0
10000 10000 705 220 1e-14 3.11227344936e-53 3.11227344936e-53 0.0 0.0
10000 10000 705 220 1e-12 0.0 0.0 0.0 0.0
10000 10000 705 220 1e-10 0.0 0.0 0.0 0.0
