10000 10000 2955 1350 1e-22 0.336213640377 0.336213640377 0.336213640377 0.336163505386
10000 10000 2955 1350 1e-20 0.336056968489 0.336056968489 0.336056968489 0.336006863098
10000 10000 2955 1350 1e-19 0.334636493585 0.334636493585 0.334636493585 0.334586656518
10000 10000 2955 1350 2e-19 0.333066216613 0.333066216613 0.333066216613 0.333016676062
10000 10000 2955 1350 5e-19 0.328405578614 0.328405578614 0.328405578614 0.328356917457
10000 10000 2955 1350 7e-19 0.32533979683 0.32533979683 0.32533979683 0.325291713561
10000 10000 2955 1350 1e-18 0.320802071755 0.320802071755 0.320802071755 0.32075484292
10000 10000 2955 1350 2e-18 0.306188522096 0.306188522096 0.306188522096 0.306144036674
10000 10000 2955 1350 5e-18 0.266684385592 0.266684385592 0.266684385592 0.266647233114
10000 10000 2955 1350 7e-18 0.243554088394 0.243554088394 0.243554088394 0.243521152607
10000 10000 2955 1350 1e-17 0.212968032655 0.212968032655 0.212968032655 0.212940552002
10000 10000 2955 1350 2e-17 0.138123149631 0.138123149631 0.138123149631 0.138108133054
10000 10000 2955 1350 5e-17 0.0414318907942 0.0414318907942 0.0414318907942 0.0414293691608
10000 10000 2955 1350 7e-17 0.0195800938137 0.0195800938137 0.0195800938137 0.0195792940048
10000 10000 2955 1350 1e-16 0.00670698897463 0.00670698897463 0.00670698897463 0.00670683592066
10000 10000 2955 1350 1e-15 1.57539151184e-13 1.57539151184e-13 1.57539151184e-13 1.57539151183e-13
10000 10000 2955 1350 1e-14 1.34568838923e-81 1.34568838923e-81 1.34568838923e-81 1.34568838923e-81
10000 10000 2955 1350 1e-12 0.0 0.0 0.0 0.0
10000 10000 2955 1350 1e-10 0.0 0.0 0.0 0.0
