10000 10000 1455 300 1e-22 0.104679568374 0.104661297088 0.0 0.0
10000 10000 1455 300 1e-20 0.104646884284 0.104628621689 0.0 0.0
10000 10000 1455 300 1e-19 0.10435026609 0.104332082298 0.0 0.0
10000 10000 1455 300 2e-19 0.104021765068 0.104003668401 0.0 0.0
10000 10000 1455 300 5e-19 0.103043007136 0.103025169138 0.0 0.0
10000 10000 1455 300 7e-19 0.102396079509 0.102378411724 0.0 0.0
10000 10000 1455 300 1e-18 0.101433968856 0.101416553094 0.0 0.0
10000 10000 1455 300 2e-18 0.0982973350963 0.0982807316116 0.0 0.0
10000 10000 1455 300 5e-18 0.0895029134931 0.0894885096781 0.0 0.0
10000 10000 1455 300 7e-18 0.0841155365298 0.0841024221514 0.0 0.0
10000 10000 1455 300 1e-17 0.0766800686782 0.0766686591315 0.0 0.0
10000 10000 1455 300 2e-17 0.0565760021842 0.0565687446164 0.0 0.0
10000 10000 1455 300 5e-17 0.0234514749821 0.0234494239458 0.0 0.0
10000 10000 1455 300 7e-17 0.0132929335276 0.0132919962714 0.0 0.0
10000 10000 1455 300 1e-16 0.00579871851178 0.00579841194683 0.0 0.0
10000 10000 1455 300 1e-15 2.21472779398e-10 2.21472779323e-10 0.0 0.0
10000 10000 1455 300 1e-14 1.04684105019e-56 1.04684105019e-56 0.0 0.0
10000 10000 1455 300 1e-12 0.0 0.0 0.0 0.0
10000 10000 1455 300 1e-10 0.0 0.0 0.0 0.0
