10000 10000 1105 380 1e-22 0.495367063257 0.495340732812 0.494265072202 0.0
10000 10000 1105 380 1e-20 0.495217419788 0.495191099418 0.494115695297 0.0
10000 10000 1105 380 1e-19 0.493858838291 0.493832609413 0.492759537248 0.0
10000 10000 1105 380 2e-19 0.492353133126 0.49232700568 0.491256525038 0.0
10000 10000 1105 380 5e-19 0.487860160688 0.487834336097 0.486771632133 0.0
10000 10000 1105 380 7e-19 0.484884917579 0.484859293676 0.483801775113 0.0
10000 10000 1105 380 1e-18 0.480452063184 0.480426738468 0.479376997862 0.0
10000 10000 1105 380 2e-18 0.465934301256 0.46590995746 0.464886117973 0.0
10000 10000 1105 380 5e-18 0.424717358749 0.424695799409 0.423748871319 0.0
10000 10000 1105 380 7e-18 0.399122813274 0.399102973464 0.398206128543 0.0
10000 10000 1105 380 1e-17 0.36341564389 0.363398176296 0.362573886638 0.0
10000 10000 1105 380 2e-17 0.26518582762 0.265174590344 0.264563470897 0.0
10000 10000 1105 380 5e-17 0.102858901228 0.102856090844 0.102624743965 0.0
10000 10000 1105 380 7e-17 0.0553035052665 0.0553023957553 0.0551830414647 0.0
10000 10000 1105 380 1e-16 0.0223139210546 0.0223136397656 0.0222689822328 0.0
10000 10000 1105 380 1e-15 9.12407375415e-11 9.12407375413e-11 9.12384052143e-11 0.0
10000 10000 1105 380 1e-14 9.48957012927e-58 9.48957012927e-58 9.48957012927e-58 0.0
10000 10000 1105 380 1e-12 0.0 0.0 0.0 0.0
10000 10000 1105 380 1e-10 0.0 0.0 0.0 0.0
