10000 10000 2955 700 1e-22 0.140150613787 0.140150613787 0.140134154661 0.139992802725
10000 10000 2955 700 1e-20 0.140102833375 0.140102833375 0.140086382774 0.139945085635
10000 10000 2955 700 1e-19 0.139669294653 0.139669294653 0.139652921343 0.139512121261
10000 10000 2955 700 2e-19 0.139189331078 0.139189331078 0.139173043194 0.139032793101
10000 10000 2955 700 5e-19 0.137760391011 0.137760391011 0.137744356576 0.137605742061
10000 10000 2955 700 7e-19 0.136816811497 0.136816811497 0.136800943696 0.136663407695
10000 10000 2955 700 1e-18 0.135414858037 0.135414858037 0.135399236747 0.135263300945
10000 10000 2955 700 2e-18 0.130855486551 0.130855486551 0.130840658004 0.130709907634
10000 10000 2955 700 5e-18 0.118166144396 0.118166144396 0.118153448213 0.118036975234
10000 10000 2955 700 7e-18 0.110463974212 0.110463974212 0.110452517292 0.11034459538
10000 10000 2955 700 1e-17 0.0999271200368 0.0999271200368 0.0999172877937 0.0998209159172
10000 10000 2955 700 2e-17 0.0720281417128 0.0720281417128 0.0720221828033 0.0719554854667
10000 10000 2955 700 5e-17 0.0283489881664 0.0283489881664 0.0283475724408 0.0283239484432
10000 10000 2955 700 7e-17 0.0157023340777 0.0157023340777 0.0157017687846 0.0156894539781
10000 10000 2955 700 1e-16 0.00669003814006 0.00669003814006 0.00668988901724 0.00668504919926
10000 10000 2955 700 1e-15 6.24342462626e-11 6.24342462626e-11 6.24342462489e-11 6.24330309005e-11
10000 10000 2955 700 1e-14 1.2827695214e-57 1.2827695214e-57 1.2827695214e-57 1.2827695214e-57
10000 10000 2955 700 1e-12 0.0 0.0 0.0 0.0
10000 10000 2955 700 1e-10 0.0 0.0 0.0 0.0
