10000 10000 755 400 1e-22 0.682317143561 0.682251876089 0.68109422079 0.0
10000 10000 755 400 1e-20 0.682108741444 0.682043491298 0.680885888504 0.0
10000 10000 755 400 1e-19 0.680216072453 0.680150980213 0.678993870128 0.0
10000 10000 755 400 2e-19 0.678117124926 0.678052208954 0.676895678537 0.0
10000 10000 755 400 5e-19 0.671845839431 0.671781457194 0.670626864557 0.0
10000 10000 755 400 7e-19 0.667686456947 0.667622434409 0.666469294602 0.0
10000 10000 755 400 1e-18 0.661479931363 0.661416453731 0.660265725517 0.0
10000 10000 755 400 2e-18 0.641078518506 0.6410168968 0.639876080002 0.0
10000 10000 755 400 5e-18 0.582621652349 0.582565808732 0.581468717913 0.0
10000 10000 755 400 7e-18 0.546009147134 0.545957188612 0.544897692826 0.0
10000 10000 755 400 1e-17 0.494665253192 0.494618973272 0.49362355916 0.0
10000 10000 755 400 2e-17 0.353051303706 0.353021185636 0.352257425665 0.0
10000 10000 755 400 5e-17 0.126055163969 0.12604805001 0.125765322895 0.0
10000 10000 755 400 7e-17 0.0642225348179 0.0642198806953 0.0640794239428 0.0
10000 10000 755 400 1e-16 0.0241183786689 0.0241177606851 0.0240680439272 0.0
10000 10000 755 400 1e-15 3.30118809683e-11 3.30118809672e-11 3.30096372801e-11 0.0
10000 10000 755 400 1e-14 1.22378061092e-59 1.22378061092e-59 1.22378061092e-59 0.0
10000 10000 755 400 1e-12 0.0 0.0 0.0 0.0
10000 10000 755 400 1e-10 0.0 0.0 0.0 0.0
