10000 10000 855 450 1e-22 0.691905603397 0.69188126194 0.691038008613 0.0
10000 10000 855 450 1e-20 0.691689146308 0.691664811341 0.690821666061 0.0
10000 10000 855 450 1e-19 0.68972355044 0.689699274706 0.688857119469 0.0
10000 10000 855 450 2e-19 0.687544203997 0.687519994567 0.68667895568 0.0
10000 10000 855 450 5e-19 0.681035656041 0.681011648487 0.680174058834 0.0
10000 10000 855 450 7e-19 0.67672132611 0.676697455474 0.675862246018 0.0
10000 10000 855 450 1e-18 0.670287120161 0.670263458155 0.669431934641 0.0
10000 10000 855 450 2e-18 0.649166278628 0.649143336345 0.648325018212 0.0
10000 10000 855 450 5e-18 0.588877191158 0.58885654599 0.588084393955 0.0
10000 10000 855 450 7e-18 0.551274912899 0.551255835812 0.550518059565 0.0
10000 10000 855 450 1e-17 0.498726302247 0.498709525023 0.498025893354 0.0
10000 10000 855 450 2e-17 0.354738234104 0.354727905395 0.354221016623 0.0
10000 10000 855 450 5e-17 0.126152449576 0.126150482361 0.12597329127 0.0
10000 10000 855 450 7e-17 0.0642251161823 0.0642244899501 0.0641384342799 0.0
10000 10000 855 450 1e-16 0.0241062894533 0.0241061756049 0.0240763841292 0.0
10000 10000 855 450 1e-15 3.09774370736e-11 3.09774370736e-11 3.09765990449e-11 0.0
10000 10000 855 450 1e-14 1.60100923481e-58 1.60100923481e-58 1.60100923481e-58 0.0
10000 10000 855 450 1e-12 0.0 0.0 0.0 0.0
10000 10000 855 450 1e-10 0.0 0.0 0.0 0.0
