10000 10000 955 900 1e-22 0.500978949941 0.500970974558 0.50091960521 0.500618149207
10000 10000 955 900 1e-20 0.500794164713 0.500786198137 0.500734842362 0.500433400417
10000 10000 955 900 1e-19 0.499116579546 0.499108692588 0.499057460646 0.49875615214
10000 10000 955 900 2e-19 0.497257422856 0.497249623418 0.497198529998 0.496897381541
10000 10000 955 900 5e-19 0.491710549287 0.491703006565 0.491652334314 0.491351738476
10000 10000 955 900 7e-19 0.488038236965 0.488030860623 0.48798047357 0.48768030459
10000 10000 955 900 1e-18 0.482568367836 0.482561234134 0.482511281014 0.482211836203
10000 10000 955 900 2e-18 0.464672590153 0.464666208467 0.464617747549 0.4643213855
10000 10000 955 900 5e-18 0.41413304655 0.414128473628 0.414084745895 0.413802469456
10000 10000 955 900 7e-18 0.383060899975 0.383057235112 0.383016726163 0.382746598443
10000 10000 955 900 1e-17 0.340284620472 0.340281987477 0.340246195287 0.339996530529
10000 10000 955 900 2e-17 0.227630430745 0.22762954354 0.227607032722 0.22742787848
10000 10000 955 900 5e-17 0.0680255083849 0.0680254663325 0.0680207324499 0.0679677355677
10000 10000 955 900 7e-17 0.0312611818055 0.0312611746802 0.0312595337382 0.0312367322448
10000 10000 955 900 1e-16 0.0102558716893 0.0102558709809 0.010255526411 0.0102489228808
10000 10000 955 900 1e-15 8.79221690439e-13 8.79221690439e-13 8.79221690437e-13 8.79214489287e-13
10000 10000 955 900 1e-14 1.42594571319e-80 1.42594571319e-80 1.42594571319e-80 1.42594571319e-80
10000 10000 955 900 1e-12 0.0 0.0 0.0 0.0
10000 10000 955 900 1e-10 0.0 0.0 0.0 0.0
