10000 10000 1255 380 1e-22 0.412417604904 0.412380055347 0.41152344874 0.0
10000 10000 1255 380 1e-20 0.412284813018 0.412247282944 0.411390939775 0.0
10000 10000 1255 380 1e-19 0.411079608168 0.41104225475 0.410188303431 0.0
10000 10000 1255 380 2e-19 0.409744696596 0.409707538494 0.408856238364 0.0
10000 10000 1255 380 5e-19 0.405766379237 0.405729801025 0.404886413913 0.0
10000 10000 1255 380 7e-19 0.403136039886 0.403099843268 0.402261697728 0.0
10000 10000 1255 380 1e-18 0.399223056505 0.399187424876 0.398357091075 0.0
10000 10000 1255 380 2e-18 0.38645713194 0.386423321025 0.385618588653 0.0
10000 10000 1255 380 5e-18 0.350603326732 0.350574439829 0.349842512732 0.0
10000 10000 1255 380 7e-18 0.328608365097 0.328582355371 0.32789570197 0.0
10000 10000 1255 380 1e-17 0.298235954189 0.298213729578 0.297590277155 0.0
10000 10000 1255 380 2e-17 0.216284447139 0.216271263646 0.215821497486 0.0
10000 10000 1255 380 5e-17 0.0842716325303 0.0842687873621 0.0841020434295 0.0
10000 10000 1255 380 7e-17 0.0457931803757 0.0457921215067 0.0457055911852 0.0
10000 10000 1255 380 1e-16 0.018821499847 0.0188212469623 0.018788306887 0.0
10000 10000 1255 380 1e-15 9.36314168673e-11 9.36314168661e-11 9.36296124756e-11 0.0
10000 10000 1255 380 1e-14 9.23907384825e-58 9.23907384825e-58 9.23907384825e-58 0.0
10000 10000 1255 380 1e-12 0.0 0.0 0.0 0.0
10000 10000 1255 380 1e-10 0.0 0.0 0.0 0.0
