10000 10000 1105 220 1e-22 0.0808278013192 0.0807233656516 0.0 0.0
10000 10000 1105 220 1e-20 0.0808031620363 0.0806987596537 0.0 0.0
10000 10000 1105 220 1e-19 0.0805795260468 0.0804754257782 0.0 0.0
10000 10000 1105 220 2e-19 0.0803317954146 0.0802280298217 0.0 0.0
10000 10000 1105 220 5e-19 0.0795933387866 0.0794905708951 0.0 0.0
10000 10000 1105 220 7e-19 0.0791049544765 0.0790028464785 0.0 0.0
10000 10000 1105 220 1e-18 0.0783782066674 0.0782770807101 0.0 0.0
10000 10000 1105 220 2e-18 0.076005404532 0.0759074854318 0.0 0.0
10000 10000 1105 220 5e-18 0.0693246665909 0.0692357786196 0.0 0.0
10000 10000 1105 220 7e-18 0.0652123825184 0.0651290525882 0.0 0.0
10000 10000 1105 220 1e-17 0.0595132663911 0.0594376333638 0.0 0.0
10000 10000 1105 220 2e-17 0.0439812309417 0.0439264859027 0.0 0.0
10000 10000 1105 220 5e-17 0.018138470741 0.0181176061654 0.0 0.0
10000 10000 1105 220 7e-17 0.0102216510539 0.0102105931183 0.0 0.0
10000 10000 1105 220 1e-16 0.00442511143234 0.00442077903297 0.0 0.0
10000 10000 1105 220 1e-15 1.18962656846e-10 1.18962164707e-10 0.0 0.0
10000 10000 1105 220 1e-14 1.47928750746e-53 1.47928750746e-53 0.0 0.0
10000 10000 1105 220 1e-12 0.0 0.0 0.0 0.0
10000 10000 1105 220 1e-10 0.0 0.0 0.0 0.0
