10000 10000 555 300 1e-22 0.634382704838 0.634136913493 0.0 0.0
10000 10000 555 300 1e-20 0.634184355872 0.63393862933 0.0 0.0
10000 10000 555 300 1e-19 0.632383362751 0.632138226227 0.0 0.0
10000 10000 555 300 2e-19 0.630386868098 0.630142389009 0.0 0.0
10000 10000 555 300 5e-19 0.62442654326 0.624184047613 0.0 0.0
10000 10000 555 300 7e-19 0.620477340385 0.620236175702 0.0 0.0
10000 10000 555 300 1e-18 0.614590141667 0.614350985254 0.0 0.0
10000 10000 555 300 2e-18 0.595284453504 0.5950520758 0.0 0.0
10000 10000 555 300 5e-18 0.540314683316 0.540103015301 0.0 0.0
10000 10000 555 300 7e-18 0.506108703842 0.505910778859 0.0 0.0
10000 10000 555 300 1e-17 0.458371416219 0.458193483702 0.0 0.0
10000 10000 555 300 2e-17 0.327657481577 0.327536841215 0.0 0.0
10000 10000 555 300 5e-17 0.118691366941 0.118657852031 0.0 0.0
10000 10000 555 300 7e-17 0.0611597399811 0.0611456385033 0.0 0.0
10000 10000 555 300 1e-16 0.0233409516975 0.023336993682 0.0 0.0
10000 10000 555 300 1e-15 8.52507623505e-11 8.52507610659e-11 0.0 0.0
10000 10000 555 300 1e-14 1.80007759539e-58 1.80007759539e-58 0.0 0.0
10000 10000 555 300 1e-12 0.0 0.0 0.0 0.0
10000 10000 555 300 1e-10 0.0 0.0 0.0 0.0
