m
1135,515
67.5,145
m
0,0
22.5,67.5
m
3025,0
-2.5,-212.5
M
1225,727.5
1287.5,820
m
0,0
82.5,117.5
m
0,0
5,2.5
m
2877.5,0
-2.5,-212.5
M
1375,940
l
80,60
m
0,0
152.5,152.5
m
2640,0
5,-212.5
m
-2645,212.5
17.5,12.5
m
0,0
85,72.5
m
0,0
82.5,82.5
m
0,0
62.5,42.5
m
2345,0
45,-202.5
m
0,0
2.5,-7.5
m
-2392.5,210
22.5,15
m
0,0
85,52.5
m
0,0
85,60
m
0,0
85,67.5
m
0,0
22.5,17.5
m
2010,0
35,-212.5
m
-2045,212.5
60,60
m
0,0
85,47.5
m
0,0
85,35
m
0,0
85,32.5
m
0,0
80,37.5
m
1572.5,0
37.5,-192.5
m
0,0
5,-20
m
-1615,212.5
5,2.5
m
0,0
85,50
m
0,0
82.5,30
m
0,0
170,95
m
0,0
67.5,35
m
1117.5,0
45,-212.5
M
2960,2000
l
17.5,7.5
m
0,0
85,45
m
0,0
82.5,42.5
m
0,0
85,37.5
m
0,0
85,35
m
0,0
85,37.5
m
0,0
7.5,7.5
m
372.5,0
42.5,-17.5
m
0,0
85,-42.5
m
0,0
82.5,-70
m
0,0
85,-80
m
0,0
2.5,-2.5
m
-670,212.5
77.5,35
m
0,0
82.5,10
m
0,0
85,-10
m
0,0
85,-20
m
0,0
42.5,-15
