1020   100   0.0024663
1020   150   0.0017683
1020   200   0.0018395
1020   250   0.0015513
1020   300   0.0013027
1020   350   0.0009697
1020   400   0.0007236
1020   450   0.0005834
1020   0   0.0015516
1020   500   0.0003541
1020   550   0.0004949
1020   600   0.0003186
1020   650   0.0002645
1020   700   0.0003011
1020   50   0.0026834
1080   50   0.0031774
1080   100   0.0028565
1080   150   0.0023688
1080   200   0.0017908
1080   250   0.0018010
1080   300   0.0013726
1080   350   0.0011911
1080   400   0.0006648
1080   450   0.0007522
1080   500   0.0005597
1080   0   0.0019142
1080   550   0.0004751
1080   600   0.0003687
1080   650   0.0003679
1080   700   0.0002450
1140   50   0.0034042
1140   100   0.0030867
1140   150   0.0030979
1140   200   0.0022392
1140   250   0.0016854
1140   300   0.0019370
1140   350   0.0012479
1140   400   0.0011476
1140   450   0.0009221
1140   500   0.0007838
1140   0   0.0018901
1140   550   0.0006432
1140   600   0.0005896
1140   650   0.0005413
1140   700   0.0004531
120.0   50.0   0.0000000
120.0   0.0   0.0000000
1200   50   0.0032583
1200   100   0.0037216
1200   150   0.0032631
1200   200   0.0025758
1200   250   0.0022193
1200   300   0.0016473
1200   350   0.0017750
1200   400   0.0011545
1200   450   0.0010156
1200   500   0.0009959
1200   550   0.0008414
1200   0   0.0017998
1200   600   0.0006024
1200   650   0.0004297
1200   700   0.0003809
1260   50   0.0037504
1260   100   0.0035296
1260   150   0.0034087
1260   200   0.0029687
1260   250   0.0027290
1260   300   0.0020334
1260   350   0.0019720
1260   400   0.0013110
1260   450   0.0012468
1260   500   0.0011102
1260   550   0.0010241
1260   0   0.0021739
1260   600   0.0006814
1260   650   0.0007323
1260   700   0.0005791
1320.0   550.0   0.0011323
1320.0   600.0   0.0010295
1320   50   0.0039736
1320   100   0.0039347
1320   150   0.0033367
1320   200   0.0026671
1320   250   0.0028876
1320   300   0.0021128
1320   350   0.0024522
1320   400   0.0016440
1320   450   0.0012312
1320   500   0.0011990
1320   0   0.0027220
1320   650   0.0006102
1320   700   0.0006805
1380   50   0.0040341
1380   100   0.0040074
1380   150   0.0039518
1380   200   0.0035463
1380   250   0.0031639
1380   300   0.0025644
1380   350   0.0025208
1380   400   0.0018783
1380   450   0.0014038
1380   500   0.0013250
1380   550   0.0014282
1380   600   0.0009214
1380   650   0.0006536
1380   0   0.0022176
1380   700   0.0006522
1440   50   0.0044933
1440   100   0.0048280
1440   150   0.0044553
1440   200   0.0039558
1440   250   0.0034294
1440   300   0.0025772
1440   350   0.0029026
1440   400   0.0020290
1440   450   0.0023616
1440   500   0.0013574
1440   550   0.0013493
1440   600   0.0011769
1440   650   0.0011088
1440   0   0.0018851
1440   700   0.0009826
1500   50   0.0044529
1500   100   0.0049310
1500   150   0.0042532
1500   200   0.0047158
1500   250   0.0039649
1500   300   0.0033605
1500   350   0.0028982
1500   400   0.0025154
1500   450   0.0020435
1500   500   0.0019357
1500   550   0.0014316
1500   600   0.0015478
1500   650   0.0011136
1500   700   0.0009360
1500   0   0.0023524
1560   50   0.0046814
1560   100   0.0049304
1560   150   0.0046919
1560   200   0.0042576
1560   250   0.0039083
1560   300   0.0036416
1560   350   0.0033346
1560   400   0.0025568
1560   450   0.0027767
1560   500   0.0022969
1560   550   0.0018357
1560   600   0.0015892
1560   650   0.0013862
1560   700   0.0012569
1560   0   0.0021317
1620.0   0.0   0.0012592
1620   50   0.0049109
1620   100   0.0054591
1620   150   0.0055541
1620   200   0.0047643
1620   250   0.0048010
1620   300   0.0040193
1620   350   0.0030506
1620   400   0.0030956
1620   450   0.0030097
1620   500   0.0023290
1620   550   0.0020538
1620   600   0.0017153
1620   650   0.0013005
1620   700   0.0013532
1620   0   0.0017131
1680.0   50.0   0.0046045
1680.0   100.0   0.0054758
1680.0   150.0   0.0049819
1680.0   200.0   0.0052961
1680.0   250.0   0.0043190
1680.0   300.0   0.0041345
1680.0   350.0   0.0036702
1680.0   400.0   0.0033620
1680.0   450.0   0.0031606
1680.0   500.0   0.0025918
1680.0   550.0   0.0023476
1680.0   600.0   0.0018425
1680.0   650.0   0.0017643
1680.0   700.0   0.0013931
1680.0   0.0   0.0011547
180.0   100.0   0.0000000
180.0   50.0   0.0000000
180.0   0.0   0.0000000
240   100   0.0000000
240   0   0.0000000
240   150   0.0000000
240   50   0.0000000
300.0   250.0   0.0000000
300   100   0.0000684
300   0   0.0000509
300   150   0.0000170
300   200   0.0000170
300   50   0.0000170
360   100   0.0001406
360   150   0.0000353
360   0   0.0001754
360   200   0.0000176
360   250   0.0000000
360   300   0.0000000
360   50   0.0001583
420   100   0.0001614
420   150   0.0001074
420   0   0.0001438
420   200   0.0000901
420   250   0.0001620
420   300   0.0000179
420   350   0.0000000
420   50   0.0002874
480   100   0.0002727
480   150   0.0002191
480   200   0.0001641
480   0   0.0002549
480   250   0.0001094
480   300   0.0000182
480   350   0.0000000
480   400   0.0000000
480   50   0.0003462
540   100   0.0003298
540   150   0.0003127
540   200   0.0002932
540   250   0.0001101
540   0   0.0004404
540   300   0.0001467
540   350   0.0000549
540   400   0.0001103
540   450   0.0000000
540   50   0.0006777
60.0   0.0   0.0000000
600   100   0.0008089
600   150   0.0006048
600   200   0.0003307
600   250   0.0001282
600   0   0.0005176
600   300   0.0002202
600   350   0.0001287
600   400   0.0000734
600   450   0.0000552
600   500   0.0000368
600   550   0.0000000
600   50   0.0007005
660   100   0.0009398
660   150   0.0006620
660   200   0.0004781
660   250   0.0004565
660   300   0.0004400
660   0   0.0008823
660   350   0.0002204
660   400   0.0001844
660   450   0.0000919
660   500   0.0000368
660   550   0.0000185
660   600   0.0000000
660   50   0.0011272
720.0   650.0   0.0000000
720   100   0.0011499
720   150   0.0009383
720   200   0.0006958
720   250   0.0005308
720   300   0.0005107
720   0   0.0011986
720   350   0.0002386
720   400   0.0002930
720   450   0.0001096
720   500   0.0001276
720   550   0.0000733
720   600   0.0000367
720   50   0.0015419
780.0   650.0   0.0000546
780.0   700.0   0.0000000
780   100   0.0013469
780   150   0.0010459
780   200   0.0008573
780   250   0.0006372
780   300   0.0005684
780   350   0.0004014
780   0   0.0008747
780   400   0.0004359
780   450   0.0002006
780   500   0.0002006
780   550   0.0001827
780   600   0.0001462
780   50   0.0014264
840.0   650.0   0.0000727
840.0   700.0   0.0000181
840   100   0.0014835
840   150   0.0014778
840   200   0.0008688
840   250   0.0008717
840   300   0.0007213
840   350   0.0004882
840   0   0.0012642
840   400   0.0003804
840   450   0.0002701
840   500   0.0002891
840   550   0.0002544
840   600   0.0001632
840   50   0.0018823
900.0   650.0   0.0001620
900.0   700.0   0.0001617
900   100   0.0017369
900   150   0.0015100
900   200   0.0012447
900   250   0.0010034
900   300   0.0008444
900   350   0.0006652
900   400   0.0004859
900   0   0.0015279
900   450   0.0003403
900   500   0.0003414
900   550   0.0004339
900   600   0.0002330
900   50   0.0021259
960.0   700.0   0.0002150
960   100   0.0024293
960   150   0.0019768
960   200   0.0014127
960   250   0.0012706
960   300   0.0010176
960   350   0.0008739
960   400   0.0004830
960   450   0.0005326
960   0   0.0014307
960   500   0.0002855
960   550   0.0004115
960   600   0.0003373
960   650   0.0001966
960   50   0.0022133
