1020   100   0.0110103
1020   150   0.0091243
1020   200   0.0072519
1020   250   0.0061169
1020   300   0.0048236
1020   350   0.0040552
1020   400   0.0032299
1020   450   0.0023689
1020   0   0.0070881
1020   500   0.0023196
1020   550   0.0020151
1020   600   0.0018587
1020   650   0.0011814
1020   700   0.0006552
1020   50   0.0125695
1080   50   0.0120249
1080   100   0.0122148
1080   150   0.0108085
1080   200   0.0086027
1080   250   0.0070291
1080   300   0.0060360
1080   350   0.0055875
1080   400   0.0040765
1080   450   0.0033586
1080   500   0.0021687
1080   0   0.0077447
1080   550   0.0022172
1080   600   0.0015628
1080   650   0.0014367
1080   700   0.0011900
1140   50   0.0133910
1140   100   0.0129884
1140   150   0.0117999
1140   200   0.0097553
1140   250   0.0079405
1140   300   0.0066835
1140   350   0.0054421
1140   400   0.0044688
1140   450   0.0040190
1140   500   0.0031178
1140   0   0.0088262
1140   550   0.0028161
1140   600   0.0020634
1140   650   0.0018510
1140   700   0.0012722
120.0   50.0   0.0000000
120.0   0.0   0.0000000
1200   50   0.0148088
1200   100   0.0151447
1200   150   0.0132940
1200   200   0.0113405
1200   250   0.0094966
1200   300   0.0075158
1200   350   0.0064797
1200   400   0.0054966
1200   450   0.0045272
1200   500   0.0035716
1200   550   0.0035371
1200   0   0.0086217
1200   600   0.0025816
1200   650   0.0019938
1200   700   0.0020430
1260   50   0.0153935
1260   100   0.0160963
1260   150   0.0147425
1260   200   0.0122159
1260   250   0.0101313
1260   300   0.0078774
1260   350   0.0077181
1260   400   0.0064189
1260   450   0.0051580
1260   500   0.0048167
1260   550   0.0037550
1260   0   0.0088653
1260   600   0.0029983
1260   650   0.0023503
1260   700   0.0021290
1320.0   550.0   0.0037687
1320.0   600.0   0.0036284
1320   50   0.0162324
1320   100   0.0176807
1320   150   0.0158028
1320   200   0.0138586
1320   250   0.0121078
1320   300   0.0099892
1320   350   0.0084051
1320   400   0.0070843
1320   450   0.0062067
1320   500   0.0052520
1320   0   0.0099412
1320   650   0.0027968
1320   700   0.0027051
1380   50   0.0171407
1380   100   0.0185949
1380   150   0.0174648
1380   200   0.0149548
1380   250   0.0134088
1380   300   0.0110676
1380   350   0.0096493
1380   400   0.0087877
1380   450   0.0070022
1380   500   0.0060044
1380   550   0.0051585
1380   600   0.0040204
1380   650   0.0033350
1380   0   0.0096207
1380   700   0.0026924
1440   50   0.0177237
1440   100   0.0200113
1440   150   0.0179379
1440   200   0.0167169
1440   250   0.0136346
1440   300   0.0124564
1440   350   0.0103258
1440   400   0.0092637
1440   450   0.0072178
1440   500   0.0061580
1440   550   0.0053974
1440   600   0.0051883
1440   650   0.0036572
1440   0   0.0095580
1440   700   0.0035472
1500   50   0.0194548
1500   100   0.0200033
1500   150   0.0194527
1500   200   0.0175488
1500   250   0.0153971
1500   300   0.0143149
1500   350   0.0119387
1500   400   0.0103905
1500   450   0.0093441
1500   500   0.0076602
1500   550   0.0068454
1500   600   0.0057631
1500   650   0.0047001
1500   700   0.0038261
1500   0   0.0090806
1560   50   0.0201775
1560   100   0.0227581
1560   150   0.0218794
1560   200   0.0188575
1560   250   0.0169414
1560   300   0.0154318
1560   350   0.0131095
1560   400   0.0127679
1560   450   0.0102903
1560   500   0.0085196
1560   550   0.0070016
1560   600   0.0063730
1560   650   0.0055776
1560   700   0.0047991
1560   0   0.0088033
1620.0   0.0   0.0081038
1620   50   0.0208229
1620   100   0.0230800
1620   150   0.0231233
1620   200   0.0220875
1620   250   0.0188658
1620   300   0.0161256
1620   350   0.0146202
1620   400   0.0127713
1620   450   0.0111165
1620   500   0.0096880
1620   550   0.0086519
1620   600   0.0068128
1620   650   0.0056896
1620   700   0.0051228
1620   0   0.0077576
1680.0   50.0   0.0208640
1680.0   100.0   0.0219511
1680.0   150.0   0.0213373
1680.0   200.0   0.0200963
1680.0   250.0   0.0197807
1680.0   300.0   0.0165219
1680.0   350.0   0.0148091
1680.0   400.0   0.0135120
1680.0   450.0   0.0116368
1680.0   500.0   0.0105110
1680.0   550.0   0.0092625
1680.0   600.0   0.0084594
1680.0   650.0   0.0068646
1680.0   700.0   0.0062449
1680.0   0.0   0.0059176
180.0   100.0   0.0000300
180.0   50.0   0.0000000
180.0   0.0   0.0000299
240   100   0.0000324
240   0   0.0000322
240   150   0.0000162
240   50   0.0000644
300.0   250.0   0.0000170
300   100   0.0000855
300   0   0.0001526
300   150   0.0000680
300   200   0.0000170
300   50   0.0002548
360   100   0.0003866
360   150   0.0003354
360   0   0.0004033
360   200   0.0001588
360   250   0.0000707
360   300   0.0000000
360   50   0.0006685
420   100   0.0007355
420   150   0.0003044
420   0   0.0007188
420   200   0.0002882
420   250   0.0001620
420   300   0.0000717
420   350   0.0000360
420   50   0.0011498
480   100   0.0009999
480   150   0.0007668
480   200   0.0006746
480   0   0.0014565
480   250   0.0005655
480   300   0.0002004
480   350   0.0000913
480   400   0.0000366
480   50   0.0016580
540   100   0.0019237
540   150   0.0015818
540   200   0.0008063
540   250   0.0007343
540   0   0.0019634
540   300   0.0004950
540   350   0.0001830
540   400   0.0001286
540   450   0.0001098
540   50   0.0028941
60.0   0.0   0.0000000
600   100   0.0029964
600   150   0.0021810
600   200   0.0014146
600   250   0.0012090
600   0   0.0026434
600   300   0.0006055
600   350   0.0007170
600   400   0.0004221
600   450   0.0001657
600   500   0.0000368
600   550   0.0000000
600   50   0.0039082
660   100   0.0035383
660   150   0.0027031
660   200   0.0020595
660   250   0.0016433
660   300   0.0012100
660   0   0.0032349
660   350   0.0011389
660   400   0.0005531
660   450   0.0004045
660   500   0.0002948
660   550   0.0000554
660   600   0.0000185
660   50   0.0048044
720.0   650.0   0.0000182
720   100   0.0047822
720   150   0.0034403
720   200   0.0026183
720   250   0.0020865
720   300   0.0015684
720   0   0.0036510
720   350   0.0011931
720   400   0.0008606
720   450   0.0005847
720   500   0.0005285
720   550   0.0004583
720   600   0.0000735
720   50   0.0059840
780.0   650.0   0.0000546
780.0   700.0   0.0001095
780   100   0.0061885
780   150   0.0048992
780   200   0.0032832
780   250   0.0029131
780   300   0.0020169
780   350   0.0018244
780   0   0.0048836
780   400   0.0014167
780   450   0.0010212
780   500   0.0007295
780   550   0.0003653
780   600   0.0003289
780   50   0.0068612
840.0   650.0   0.0003814
840.0   700.0   0.0001088
840   100   0.0073635
840   150   0.0053164
840   200   0.0042354
840   250   0.0036501
840   300   0.0028492
840   350   0.0022242
840   0   0.0050025
840   400   0.0018116
840   450   0.0015127
840   500   0.0009215
840   550   0.0009084
840   600   0.0005804
840   50   0.0078732
900.0   650.0   0.0005760
900.0   700.0   0.0004131
900   100   0.0087025
900   150   0.0071187
900   200   0.0057006
900   250   0.0041570
900   300   0.0032158
900   350   0.0025888
900   400   0.0023215
900   0   0.0065251
900   450   0.0017730
900   500   0.0014375
900   550   0.0012114
900   600   0.0008783
900   50   0.0093685
960.0   700.0   0.0008244
960   100   0.0095386
960   150   0.0073731
960   200   0.0063660
960   250   0.0049034
960   300   0.0042848
960   350   0.0031568
960   400   0.0025042
960   450   0.0023080
960   0   0.0064022
960   500   0.0014811
960   550   0.0013778
960   600   0.0011007
960   650   0.0009652
960   50   0.0106417
