1020   100   0.0242227
1020   150   0.0197164
1020   200   0.0153705
1020   250   0.0120575
1020   300   0.0095064
1020   350   0.0081279
1020   400   0.0068128
1020   450   0.0052327
1020   0   0.0206824
1020   500   0.0041965
1020   550   0.0037121
1020   600   0.0028854
1020   650   0.0021866
1020   700   0.0018949
1020   50   0.0322182
1080   50   0.0352322
1080   100   0.0291087
1080   150   0.0227049
1080   200   0.0180305
1080   250   0.0145477
1080   300   0.0110865
1080   350   0.0093183
1080   400   0.0077156
1080   450   0.0065773
1080   500   0.0050895
1080   0   0.0235503
1080   550   0.0051030
1080   600   0.0039860
1080   650   0.0028733
1080   700   0.0021525
1140   50   0.0373941
1140   100   0.0317859
1140   150   0.0254795
1140   200   0.0200312
1140   250   0.0165587
1140   300   0.0135241
1140   350   0.0108496
1140   400   0.0085203
1140   450   0.0084034
1140   500   0.0064446
1140   0   0.0256117
1140   550   0.0056669
1140   600   0.0045777
1140   650   0.0031781
1140   700   0.0028756
120.0   50.0   0.0000000
120.0   0.0   0.0000000
1200   50   0.0409096
1200   100   0.0378187
1200   150   0.0312667
1200   200   0.0249110
1200   250   0.0202319
1200   300   0.0161985
1200   350   0.0128389
1200   400   0.0098043
1200   450   0.0082626
1200   500   0.0077270
1200   550   0.0069026
1200   0   0.0279220
1200   600   0.0054903
1200   650   0.0047268
1200   700   0.0031165
1260   50   0.0470841
1260   100   0.0422869
1260   150   0.0345127
1260   200   0.0264792
1260   250   0.0219512
1260   300   0.0190356
1260   350   0.0145181
1260   400   0.0123440
1260   450   0.0106063
1260   500   0.0088819
1260   550   0.0080221
1260   0   0.0299587
1260   600   0.0063033
1260   650   0.0049900
1260   700   0.0043602
1320.0   550.0   0.0089907
1320.0   600.0   0.0076113
1320   50   0.0491368
1320   100   0.0480605
1320   150   0.0384993
1320   200   0.0320217
1320   250   0.0251275
1320   300   0.0203840
1320   350   0.0166410
1320   400   0.0138804
1320   450   0.0123965
1320   500   0.0106897
1320   0   0.0331203
1320   650   0.0070173
1320   700   0.0058696
1380   50   0.0528950
1380   100   0.0508551
1380   150   0.0442063
1380   200   0.0357310
1380   250   0.0284748
1380   300   0.0240923
1380   350   0.0194655
1380   400   0.0171393
1380   450   0.0138875
1380   500   0.0118243
1380   550   0.0094936
1380   600   0.0084764
1380   650   0.0074576
1380   0   0.0323135
1380   700   0.0062878
1440   50   0.0577144
1440   100   0.0560883
1440   150   0.0469723
1440   200   0.0404846
1440   250   0.0329683
1440   300   0.0267631
1440   350   0.0234374
1440   400   0.0185108
1440   450   0.0148514
1440   500   0.0132596
1440   550   0.0103950
1440   600   0.0096141
1440   650   0.0089197
1440   0   0.0338994
1440   700   0.0071444
1500   50   0.0615685
1500   100   0.0601907
1500   150   0.0539070
1500   200   0.0453836
1500   250   0.0359981
1500   300   0.0308701
1500   350   0.0250136
1500   400   0.0215865
1500   450   0.0175676
1500   500   0.0152212
1500   550   0.0134768
1500   600   0.0113122
1500   650   0.0097114
1500   700   0.0081449
1500   0   0.0333448
1560   50   0.0630770
1560   100   0.0631479
1560   150   0.0590564
1560   200   0.0501615
1560   250   0.0408000
1560   300   0.0343257
1560   350   0.0283440
1560   400   0.0249658
1560   450   0.0205478
1560   500   0.0181143
1560   550   0.0148805
1560   600   0.0124866
1560   650   0.0115139
1560   700   0.0093861
1560   0   0.0318775
1620.0   0.0   0.0276370
1620   50   0.0672665
1620   100   0.0709198
1620   150   0.0633461
1620   200   0.0535740
1620   250   0.0434993
1620   300   0.0366903
1620   350   0.0316095
1620   400   0.0264988
1620   450   0.0218770
1620   500   0.0193760
1620   550   0.0168995
1620   600   0.0146776
1620   650   0.0122407
1620   700   0.0097944
1620   0   0.0270545
1680.0   50.0   0.0719128
1680.0   100.0   0.0655971
1680.0   150.0   0.0615128
1680.0   200.0   0.0543689
1680.0   250.0   0.0473484
1680.0   300.0   0.0421269
1680.0   350.0   0.0364618
1680.0   400.0   0.0304500
1680.0   450.0   0.0260831
1680.0   500.0   0.0218539
1680.0   550.0   0.0188444
1680.0   600.0   0.0161016
1680.0   650.0   0.0140820
1680.0   700.0   0.0123777
1680.0   0.0   0.0210565
180.0   100.0   0.0000150
180.0   50.0   0.0000149
180.0   0.0   0.0000000
240   100   0.0000162
240   0   0.0000644
240   150   0.0000000
240   50   0.0000322
300.0   250.0   0.0000000
300   100   0.0002394
300   0   0.0001526
300   150   0.0001189
300   200   0.0000170
300   50   0.0003228
360   100   0.0003515
360   150   0.0003707
360   0   0.0004209
360   200   0.0000529
360   250   0.0000530
360   300   0.0000352
360   50   0.0006157
420   100   0.0009507
420   150   0.0006087
420   0   0.0014017
420   200   0.0003422
420   250   0.0002340
420   300   0.0000896
420   350   0.0000180
420   50   0.0011498
480   100   0.0016543
480   150   0.0012963
480   200   0.0006563
480   0   0.0020209
480   250   0.0006020
480   300   0.0002369
480   350   0.0000730
480   400   0.0000366
480   50   0.0029698
540   100   0.0025649
540   150   0.0022439
540   200   0.0013560
540   250   0.0012116
540   0   0.0037433
540   300   0.0006050
540   350   0.0003844
540   400   0.0001654
540   450   0.0000183
540   50   0.0044694
60.0   0.0   0.0000000
600   100   0.0043568
600   150   0.0028225
600   200   0.0022230
600   250   0.0017220
600   0   0.0045290
600   300   0.0011927
600   350   0.0009560
600   400   0.0002753
600   450   0.0001473
600   500   0.0000368
600   550   0.0000000
600   50   0.0061388
660   100   0.0064499
660   150   0.0042478
660   200   0.0031995
660   250   0.0024102
660   300   0.0024017
660   0   0.0073521
660   350   0.0014512
660   400   0.0009956
660   450   0.0004229
660   500   0.0002395
660   550   0.0000923
660   600   0.0000369
660   50   0.0087958
720.0   650.0   0.0000365
720   100   0.0082503
720   150   0.0057768
720   200   0.0048705
720   250   0.0034775
720   300   0.0032280
720   0   0.0100865
720   350   0.0022944
720   400   0.0017212
720   450   0.0009866
720   500   0.0004556
720   550   0.0003483
720   600   0.0001102
720   50   0.0116926
780.0   650.0   0.0000728
780.0   700.0   0.0000548
780   100   0.0114486
780   150   0.0073946
780   200   0.0059281
780   250   0.0044971
780   300   0.0033188
780   350   0.0031015
780   0   0.0115713
780   400   0.0026881
780   450   0.0015865
780   500   0.0013131
780   550   0.0009133
780   600   0.0002558
780   50   0.0154196
840.0   650.0   0.0003814
840.0   700.0   0.0001269
840   100   0.0140756
840   150   0.0107949
840   200   0.0078917
840   250   0.0057929
840   300   0.0053017
840   350   0.0043580
840   0   0.0142130
840   400   0.0034420
840   450   0.0023051
840   500   0.0018611
840   550   0.0013808
840   600   0.0010519
840   50   0.0191490
900.0   650.0   0.0009001
900.0   700.0   0.0005029
900   100   0.0168857
900   150   0.0127993
900   200   0.0098497
900   250   0.0086545
900   300   0.0059824
900   350   0.0059506
900   400   0.0041031
900   0   0.0169869
900   450   0.0038147
900   500   0.0026054
900   550   0.0018623
900   600   0.0011292
900   50   0.0220160
960.0   700.0   0.0008781
960   100   0.0221853
960   150   0.0154764
960   200   0.0128572
960   250   0.0100752
960   300   0.0079983
960   350   0.0068665
960   400   0.0054914
960   450   0.0044739
960   0   0.0186881
960   500   0.0036403
960   550   0.0026124
960   600   0.0020594
960   650   0.0016802
960   50   0.0260288
