 C_Mass(GeV)   N_Mass(GeV)    tau(ns)    Init_xs(fb)     EAxEE          TAxTE         EAxEExTAxTE      total_eff     xs100(fb)     xslim(fb)         Ntr          r       MCev 
   100.000     99.843         0.010      818.184      7.3089e-02      8.0298e-05      5.8689e-06      1.7534e-06    1.435e-03     1.255e+05       5.18e-02    6.52e-03    567 
    100.000     99.843         0.015      818.184      7.3089e-02      3.5086e-04      2.5644e-05      7.8342e-06    6.410e-03     2.808e+04       2.31e-01    2.91e-02    2385 
    100.000     99.843         0.020      818.184      7.3089e-02      9.8749e-04      7.2174e-05      2.1279e-05    1.741e-02     1.034e+04       6.29e-01    7.91e-02    6389 
    100.000     99.843         0.025      818.184      7.3089e-02      2.0061e-03      1.4662e-04      4.2505e-05    3.478e-02     5.176e+03       1.26e+00    1.58e-01    12803 
    100.000     99.843         0.030      818.184      7.3089e-02      3.5441e-03      2.5904e-04      7.4780e-05    6.118e-02     2.942e+03       2.21e+00    2.78e-01    21886 
    100.000     99.843         0.040      818.184      7.3089e-02      7.6785e-03      5.6122e-04      1.5835e-04    1.296e-01     1.389e+03       4.68e+00    5.89e-01    45507 
    100.000     99.843         0.050      818.184      7.3089e-02      1.3080e-02      9.5600e-04      2.6821e-04    2.194e-01     8.203e+02       7.92e+00    9.97e-01    75647 
    100.000     99.843         0.060      818.184      7.3089e-02      1.9014e-02      1.3897e-03      3.8479e-04    3.148e-01     5.717e+02       1.14e+01    1.43e+00    107860 
    100.000     99.843         0.070      818.184      7.3089e-02      2.5056e-02      1.8313e-03      5.0136e-04    4.102e-01     4.388e+02       1.48e+01    1.86e+00    141516 
    100.000     99.843         0.080      818.184      7.3089e-02      3.1277e-02      2.2860e-03      6.2278e-04    5.095e-01     3.533e+02       1.84e+01    2.32e+00    175707 
    100.000     99.843         0.090      818.184      7.3089e-02      3.7149e-02      2.7152e-03      7.3337e-04    6.000e-01     3.000e+02       2.17e+01    2.73e+00    209284 
    100.000     99.843         0.100      818.184      7.3089e-02      4.2773e-02      3.1263e-03      8.4115e-04    6.882e-01     2.615e+02       2.48e+01    3.13e+00    240928 
    100.000     99.843         0.150      818.184      7.3089e-02      6.5126e-02      4.7600e-03      1.2456e-03    1.019e+00     1.766e+02       3.68e+01    4.63e+00    376995 
    100.000     99.843         0.200      818.184      7.3089e-02      7.9334e-02      5.7984e-03      1.4798e-03    1.211e+00     1.487e+02       4.37e+01    5.50e+00    475191 
    100.000     99.843         0.250      818.184      7.3089e-02      8.7312e-02      6.3815e-03      1.5891e-03    1.300e+00     1.384e+02       4.69e+01    5.91e+00    545114 
    100.000     99.843         0.300      818.184      7.3089e-02      9.1427e-02      6.6823e-03      1.6324e-03    1.336e+00     1.348e+02       4.82e+01    6.07e+00    594816 
    100.000     99.843         0.400      818.184      7.3089e-02      9.3658e-02      6.8454e-03      1.6092e-03    1.317e+00     1.367e+02       4.75e+01    5.98e+00    658628 
    100.000     99.843         0.500      818.184      7.3089e-02      9.2009e-02      6.7248e-03      1.5270e-03    1.249e+00     1.441e+02       4.51e+01    5.68e+00    696730 
    100.000     99.843         0.600      818.184      7.3089e-02      8.8480e-02      6.4669e-03      1.4310e-03    1.171e+00     1.537e+02       4.23e+01    5.32e+00    720206 
    100.000     99.843         0.700      818.184      7.3089e-02      8.4430e-02      6.1709e-03      1.3372e-03    1.094e+00     1.645e+02       3.95e+01    4.97e+00    735062 
    100.000     99.843         0.800      818.184      7.3089e-02      8.0764e-02      5.9029e-03      1.2544e-03    1.026e+00     1.754e+02       3.71e+01    4.67e+00    745573 
    100.000     99.843         0.900      818.184      7.3089e-02      7.6480e-02      5.5898e-03      1.1673e-03    9.551e-01     1.885e+02       3.45e+01    4.34e+00    752599 
    100.000     99.843         1.000      818.184      7.3089e-02      7.3273e-02      5.3555e-03      1.1022e-03    9.018e-01     1.996e+02       3.26e+01    4.10e+00    757736 
    100.000     99.843         1.500      818.184      7.3089e-02      5.8724e-02      4.2921e-03      8.3687e-04    6.847e-01     2.629e+02       2.47e+01    3.11e+00    768937 
    100.000     99.843         2.000      818.184      7.3089e-02      4.8590e-02      3.5514e-03      6.7025e-04    5.484e-01     3.282e+02       1.98e+01    2.49e+00    771428 
    100.000     99.843         2.500      818.184      7.3089e-02      4.1252e-02      3.0151e-03      5.5546e-04    4.545e-01     3.961e+02       1.64e+01    2.07e+00    770842 
    100.000     99.843         3.000      818.184      7.3089e-02      3.5840e-02      2.6195e-03      4.7403e-04    3.878e-01     4.641e+02       1.40e+01    1.76e+00    770385 
    100.000     99.843         4.000      818.184      7.3089e-02      2.8508e-02      2.0836e-03      3.6880e-04    3.017e-01     5.965e+02       1.09e+01    1.37e+00    769228 
    100.000     99.843         5.000      818.184      7.3089e-02      2.3660e-02      1.7292e-03      3.0199e-04    2.471e-01     7.285e+02       8.92e+00    1.12e+00    768027 
    100.000     99.843         6.000      818.184      7.3089e-02      2.0165e-02      1.4739e-03      2.5256e-04    2.066e-01     8.711e+02       7.46e+00    9.39e-01    766994 
    100.000     99.843         7.000      818.184      7.3089e-02      1.7559e-02      1.2834e-03      2.1968e-04    1.797e-01     1.001e+03       6.49e+00    8.17e-01    766561 
    100.000     99.843         8.000      818.184      7.3089e-02      1.5652e-02      1.1440e-03      1.9452e-04    1.592e-01     1.131e+03       5.75e+00    7.23e-01    765820 
    100.000     99.843         9.000      818.184      7.3089e-02      1.4084e-02      1.0294e-03      1.7484e-04    1.431e-01     1.258e+03       5.16e+00    6.50e-01    765356 
    100.000     99.843         10.000      818.184     7.3089e-02      1.2841e-02      9.3851e-04      1.5802e-04    1.293e-01     1.392e+03       4.67e+00    5.88e-01    764924 
    200.000     199.843         0.010      61.753      1.6721e-01      1.8725e-06      3.1310e-07      7.8675e-08    4.858e-06     2.796e+06       1.75e-04    2.21e-05    81 
    200.000     199.843         0.015      61.753      1.6721e-01      3.1124e-05      5.2042e-06      1.3584e-06    8.389e-05     1.619e+05       3.03e-03    3.81e-04    951 
    200.000     199.843         0.020      61.753      1.6721e-01      1.5611e-04      2.6102e-05      6.7145e-06    4.146e-04     3.276e+04       1.50e-02    1.88e-03    3879 
    200.000     199.843         0.025      61.753      1.6721e-01      4.4304e-04      7.4079e-05      1.8848e-05    1.164e-03     1.167e+04       4.20e-02    5.29e-03    9761 
    200.000     199.843         0.030      61.753      1.6721e-01      9.6377e-04      1.6115e-04      4.0476e-05    2.500e-03     5.435e+03       9.02e-02    1.14e-02    19431 
    200.000     199.843         0.040      61.753      1.6721e-01      2.7682e-03      4.6287e-04      1.1486e-04    7.093e-03     1.915e+03       2.56e-01    3.22e-02    50593 
    200.000     199.843         0.050      61.753      1.6721e-01      5.5817e-03      9.3330e-04      2.2966e-04    1.418e-02     9.579e+02       5.12e-01    6.45e-02    96124 
    200.000     199.843         0.060      61.753      1.6721e-01      9.2630e-03      1.5488e-03      3.7978e-04    2.345e-02     5.793e+02       8.47e-01    1.07e-01    152614 
    200.000     199.843         0.070      61.753      1.6721e-01      1.3506e-02      2.2584e-03      5.5019e-04    3.398e-02     3.999e+02       1.23e+00    1.54e-01    217278 
    200.000     199.843         0.080      61.753      1.6721e-01      1.8086e-02      3.0241e-03      7.3543e-04    4.541e-02     2.991e+02       1.64e+00    2.06e-01    285884 
    200.000     199.843         0.090      61.753      1.6721e-01      2.2939e-02      3.8356e-03      9.2869e-04    5.735e-02     2.369e+02       2.07e+00    2.61e-01    358529 
    200.000     199.843         0.100      61.753      1.6721e-01      2.7897e-02      4.6646e-03      1.1253e-03    6.949e-02     1.955e+02       2.51e+00    3.16e-01    432561 
    200.000     199.843         0.150      61.753      1.6721e-01      5.0274e-02      8.4062e-03      2.0111e-03    1.242e-01     1.094e+02       4.48e+00    5.65e-01    783707 
    200.000     199.843         0.200      61.753      1.6721e-01      6.7349e-02      1.1261e-02      2.6793e-03    1.655e-01     8.211e+01       5.97e+00    7.52e-01    1079963 
    200.000     199.843         0.250      61.753      1.6721e-01      7.9191e-02      1.3241e-02      3.1364e-03    1.937e-01     7.014e+01       6.99e+00    8.80e-01    1317225 
    200.000     199.843         0.300      61.753      1.6721e-01      8.7113e-02      1.4566e-02      3.4341e-03    2.121e-01     6.406e+01       7.66e+00    9.64e-01    1507245 
    200.000     199.843         0.400      61.753      1.6721e-01      9.4996e-02      1.5884e-02      3.7107e-03    2.292e-01     5.929e+01       8.27e+00    1.04e+00    1779798 
    200.000     199.843         0.500      61.753      1.6721e-01      9.7273e-02      1.6265e-02      3.7666e-03    2.326e-01     5.841e+01       8.40e+00    1.06e+00    1963612 
    200.000     199.843         0.600      61.753      1.6721e-01      9.6495e-02      1.6135e-02      3.7057e-03    2.288e-01     5.937e+01       8.26e+00    1.04e+00    2088385 
    200.000     199.843         0.700      61.753      1.6721e-01      9.4175e-02      1.5747e-02      3.5888e-03    2.216e-01     6.130e+01       8.00e+00    1.01e+00    2175553 
    200.000     199.843         0.800      61.753      1.6721e-01      9.1221e-02      1.5253e-02      3.4522e-03    2.132e-01     6.373e+01       7.70e+00    9.69e-01    2241165 
    200.000     199.843         0.900      61.753      1.6721e-01      8.8139e-02      1.4737e-02      3.3141e-03    2.047e-01     6.638e+01       7.39e+00    9.30e-01    2291353 
    200.000     199.843         1.000      61.753      1.6721e-01      8.4951e-02      1.4204e-02      3.1742e-03    1.960e-01     6.931e+01       7.08e+00    8.91e-01    2330062 
    200.000     199.843         1.500      61.753      1.6721e-01      7.0030e-02      1.1709e-02      2.5542e-03    1.577e-01     8.613e+01       5.69e+00    7.17e-01    2427335 
    200.000     199.843         2.000      61.753      1.6721e-01      5.9112e-02      9.8839e-03      2.1206e-03    1.310e-01     1.037e+02       4.73e+00    5.95e-01    2465461 
    200.000     199.843         2.500      61.753      1.6721e-01      5.0984e-02      8.5249e-03      1.8069e-03    1.116e-01     1.218e+02       4.03e+00    5.07e-01    2480815 
    200.000     199.843         3.000      61.753      1.6721e-01      4.4623e-02      7.4613e-03      1.5673e-03    9.678e-02     1.404e+02       3.49e+00    4.40e-01    2489392 
    200.000     199.843         4.000      61.753      1.6721e-01      3.5817e-02      5.9889e-03      1.2397e-03    7.656e-02     1.775e+02       2.76e+00    3.48e-01    2494473 
    200.000     199.843         5.000      61.753      1.6721e-01      2.9798e-02      4.9824e-03      1.0218e-03    6.310e-02     2.153e+02       2.28e+00    2.87e-01    2495035 
    200.000     199.843         6.000      61.753      1.6721e-01      2.5571e-02      4.2756e-03      8.7105e-04    5.379e-02     2.526e+02       1.94e+00    2.44e-01    2495529 
    200.000     199.843         7.000      61.753      1.6721e-01      2.2398e-02      3.7451e-03      7.5912e-04    4.688e-02     2.898e+02       1.69e+00    2.13e-01    2493894 
    200.000     199.843         8.000      61.753      1.6721e-01      1.9952e-02      3.3361e-03      6.7398e-04    4.162e-02     3.264e+02       1.50e+00    1.89e-01    2492986 
    200.000     199.843         9.000      61.753      1.6721e-01      1.7976e-02      3.0057e-03      6.0510e-04    3.737e-02     3.636e+02       1.35e+00    1.70e-01    2492174 
    200.000     199.843         10.000     61.753      1.6721e-01      1.6303e-02      2.7260e-03      5.4716e-04    3.379e-02     4.021e+02       1.22e+00    1.54e-01    2490662 
    300.000     299.843         0.010      12.279      1.6075e-01      1.0069e-06      1.6187e-07      7.1905e-08    8.829e-07     3.060e+06       3.19e-05    4.01e-06    23 
    300.000     299.843         0.015      12.279      1.6075e-01      1.0734e-05      1.7256e-06      7.1224e-07    8.746e-06     3.089e+05       3.16e-04    3.98e-05    298 
    300.000     299.843         0.020      12.279      1.6075e-01      5.5809e-05      8.9714e-06      3.3337e-06    4.094e-05     6.599e+04       1.48e-03    1.86e-04    1283 
    300.000     299.843         0.025      12.279      1.6075e-01      1.8109e-04      2.9110e-05      1.0468e-05    1.285e-04     2.102e+04       4.64e-03    5.84e-04    3766 
    300.000     299.843         0.030      12.279      1.6075e-01      4.2232e-04      6.7889e-05      2.3930e-05    2.938e-04     9.193e+03       1.06e-02    1.34e-03    8162 
    300.000     299.843         0.040      12.279      1.6075e-01      1.4291e-03      2.2973e-04      7.9311e-05    9.739e-04     2.774e+03       3.52e-02    4.43e-03    24540 
    300.000     299.843         0.050      12.279      1.6075e-01      3.2442e-03      5.2152e-04      1.7871e-04    2.195e-03     1.231e+03       7.92e-02    9.98e-03    51075 
    300.000     299.843         0.060      12.279      1.6075e-01      5.7236e-03      9.2009e-04      3.1378e-04    3.853e-03     7.011e+02       1.39e-01    1.75e-02    85750 
    300.000     299.843         0.070      12.279      1.6075e-01      8.8692e-03      1.4258e-03      4.8470e-04    5.952e-03     4.539e+02       2.15e-01    2.71e-02    128120 
    300.000     299.843         0.080      12.279      1.6075e-01      1.2596e-02      2.0248e-03      6.8647e-04    8.429e-03     3.205e+02       3.04e-01    3.83e-02    176512 
    300.000     299.843         0.090      12.279      1.6075e-01      1.6548e-02      2.6602e-03      9.0088e-04    1.106e-02     2.442e+02       3.99e-01    5.03e-02    228000 
    300.000     299.843         0.100      12.279      1.6075e-01      2.0810e-02      3.3452e-03      1.1315e-03    1.389e-02     1.944e+02       5.02e-01    6.32e-02    282384 
    300.000     299.843         0.150      12.279      1.6075e-01      4.2237e-02      6.7897e-03      2.2868e-03    2.808e-02     9.620e+01       1.01e+00    1.28e-01    560086 
    300.000     299.843         0.200      12.279      1.6075e-01      6.0415e-02      9.7119e-03      3.2605e-03    4.004e-02     6.748e+01       1.45e+00    1.82e-01    812013 
    300.000     299.843         0.250      12.279      1.6075e-01      7.4035e-02      1.1901e-02      3.9890e-03    4.898e-02     5.515e+01       1.77e+00    2.23e-01    1023928 
    300.000     299.843         0.300      12.279      1.6075e-01      8.4031e-02      1.3508e-02      4.5198e-03    5.550e-02     4.868e+01       2.00e+00    2.52e-01    1200549 
    300.000     299.843         0.400      12.279      1.6075e-01      9.5640e-02      1.5374e-02      5.1272e-03    6.296e-02     4.291e+01       2.27e+00    2.86e-01    1465938 
    300.000     299.843         0.500      12.279      1.6075e-01      1.0059e-01      1.6170e-02      5.3746e-03    6.600e-02     4.093e+01       2.38e+00    3.00e-01    1650633 
    300.000     299.843         0.600      12.279      1.6075e-01      1.0162e-01      1.6337e-02      5.4122e-03    6.646e-02     4.065e+01       2.40e+00    3.02e-01    1782446 
    300.000     299.843         0.700      12.279      1.6075e-01      1.0094e-01      1.6227e-02      5.3584e-03    6.580e-02     4.106e+01       2.38e+00    2.99e-01    1879521 
    300.000     299.843         0.800      12.279      1.6075e-01      9.8977e-02      1.5911e-02      5.2360e-03    6.429e-02     4.202e+01       2.32e+00    2.92e-01    1953032 
    300.000     299.843         0.900      12.279      1.6075e-01      9.6375e-02      1.5493e-02      5.0836e-03    6.242e-02     4.328e+01       2.25e+00    2.84e-01    2009447 
    300.000     299.843         1.000      12.279      1.6075e-01      9.3569e-02      1.5041e-02      4.9204e-03    6.042e-02     4.471e+01       2.18e+00    2.75e-01    2051174 
    300.000     299.843         1.500      12.279      1.6075e-01      7.9299e-02      1.2748e-02      4.1145e-03    5.052e-02     5.347e+01       1.82e+00    2.30e-01    2171859 
    300.000     299.843         2.000      12.279      1.6075e-01      6.7924e-02      1.0919e-02      3.4877e-03    4.283e-02     6.308e+01       1.55e+00    1.95e-01    2218663 
    300.000     299.843         2.500      12.279      1.6075e-01      5.8891e-02      9.4669e-03      3.0004e-03    3.684e-02     7.332e+01       1.33e+00    1.67e-01    2239674 
    300.000     299.843         3.000      12.279      1.6075e-01      5.2148e-02      8.3829e-03      2.6395e-03    3.241e-02     8.335e+01       1.17e+00    1.47e-01    2250161 
    300.000     299.843         4.000      12.279      1.6075e-01      4.2000e-02      6.7516e-03      2.1057e-03    2.586e-02     1.045e+02       9.33e-01    1.18e-01    2258706 
    300.000     299.843         5.000      12.279      1.6075e-01      3.5244e-02      5.6656e-03      1.7552e-03    2.155e-02     1.253e+02       7.78e-01    9.80e-02    2260509 
    300.000     299.843         6.000      12.279      1.6075e-01      3.0193e-02      4.8536e-03      1.4963e-03    1.837e-02     1.470e+02       6.63e-01    8.35e-02    2260687 
    300.000     299.843         7.000      12.279      1.6075e-01      2.6550e-02      4.2680e-03      1.3121e-03    1.611e-02     1.677e+02       5.82e-01    7.32e-02    2259312 
    300.000     299.843         8.000      12.279      1.6075e-01      2.3528e-02      3.7821e-03      1.1584e-03    1.422e-02     1.899e+02       5.13e-01    6.47e-02    2258825 
    300.000     299.843         9.000      12.279      1.6075e-01      2.1296e-02      3.4233e-03      1.0455e-03    1.284e-02     2.104e+02       4.63e-01    5.84e-02    2257313 
    300.000     299.843         10.000     12.279      1.6075e-01      1.9424e-02      3.1225e-03      9.5125e-04    1.168e-02     2.313e+02       4.22e-01    5.31e-02    2256475 
    400.000     399.843         0.010      3.593      2.2521e-01      7.1295e-08      1.6057e-08      3.9322e-09    1.413e-08     5.595e+07       5.10e-07    6.42e-08    10 
    400.000     399.843         0.015      3.593      2.2521e-01      4.1119e-06      9.2604e-07      2.7733e-07    9.963e-07     7.933e+05       3.60e-05    4.53e-06    187 
    400.000     399.843         0.020      3.593      2.2521e-01      2.3431e-05      5.2768e-06      1.5675e-06    5.632e-06     1.403e+05       2.03e-04    2.56e-05    1093 
    400.000     399.843         0.025      3.593      2.2521e-01      9.2588e-05      2.0852e-05      6.2017e-06    2.228e-05     3.547e+04       8.04e-04    1.01e-04    3493 
    400.000     399.843         0.030      3.593      2.2521e-01      2.4984e-04      5.6268e-05      1.6634e-05    5.976e-05     1.323e+04       2.16e-03    2.72e-04    8325 
    400.000     399.843         0.040      3.593      2.2521e-01      9.4128e-04      2.1199e-04      6.2448e-05    2.244e-04     3.523e+03       8.10e-03    1.02e-03    26907 
    400.000     399.843         0.050      3.593      2.2521e-01      2.2482e-03      5.0632e-04      1.4809e-04    5.320e-04     1.486e+03       1.92e-02    2.42e-03    58996 
    400.000     399.843         0.060      3.593      2.2521e-01      4.2265e-03      9.5186e-04      2.7729e-04    9.962e-04     7.934e+02       3.60e-02    4.53e-03    104657 
    400.000     399.843         0.070      3.593      2.2521e-01      6.8551e-03      1.5439e-03      4.4768e-04    1.608e-03     4.914e+02       5.81e-02    7.31e-03    161977 
    400.000     399.843         0.080      3.593      2.2521e-01      9.8789e-03      2.2248e-03      6.4384e-04    2.313e-03     3.417e+02       8.35e-02    1.05e-02    225933 
    400.000     399.843         0.090      3.593      2.2521e-01      1.3373e-02      3.0117e-03      8.6884e-04    3.121e-03     2.532e+02       1.13e-01    1.42e-02    298579 
    400.000     399.843         0.100      3.593      2.2521e-01      1.7138e-02      3.8596e-03      1.1122e-03    3.996e-03     1.978e+02       1.44e-01    1.82e-02    376470 
    400.000     399.843         0.150      3.593      2.2521e-01      3.7160e-02      8.3688e-03      2.3969e-03    8.611e-03     9.178e+01       3.11e-01    3.91e-02    786763 
    400.000     399.843         0.200      3.593      2.2521e-01      5.5430e-02      1.2484e-02      3.5624e-03    1.280e-02     6.176e+01       4.62e-01    5.82e-02    1178161 
    400.000     399.843         0.250      3.593      2.2521e-01      6.9783e-02      1.5716e-02      4.4751e-03    1.608e-02     4.916e+01       5.80e-01    7.31e-02    1515433 
    400.000     399.843         0.300      3.593      2.2521e-01      8.0872e-02      1.8213e-02      5.1764e-03    1.860e-02     4.250e+01       6.71e-01    8.45e-02    1802912 
    400.000     399.843         0.400      3.593      2.2521e-01      9.4241e-02      2.1224e-02      6.0158e-03    2.161e-02     3.657e+01       7.80e-01    9.82e-02    2241047 
    400.000     399.843         0.500      3.593      2.2521e-01      1.0082e-01      2.2707e-02      6.4250e-03    2.308e-02     3.424e+01       8.33e-01    1.05e-01    2554441 
    400.000     399.843         0.600      3.593      2.2521e-01      1.0305e-01      2.3209e-02      6.5556e-03    2.355e-02     3.356e+01       8.50e-01    1.07e-01    2780633 
    400.000     399.843         0.700      3.593      2.2521e-01      1.0332e-01      2.3269e-02      6.5592e-03    2.356e-02     3.354e+01       8.51e-01    1.07e-01    2954309 
    400.000     399.843         0.800      3.593      2.2521e-01      1.0179e-01      2.2924e-02      6.4515e-03    2.318e-02     3.410e+01       8.37e-01    1.05e-01    3079462 
    400.000     399.843         0.900      3.593      2.2521e-01      9.9700e-02      2.2454e-02      6.3085e-03    2.266e-02     3.487e+01       8.18e-01    1.03e-01    3177572 
    400.000     399.843         1.000      3.593      2.2521e-01      9.7330e-02      2.1920e-02      6.1497e-03    2.209e-02     3.577e+01       7.98e-01    1.00e-01    3259535 
    400.000     399.843         1.500      3.593      2.2521e-01      8.3633e-02      1.8835e-02      5.2432e-03    1.884e-02     4.196e+01       6.80e-01    8.56e-02    3481223 
    400.000     399.843         2.000      3.593      2.2521e-01      7.2054e-02      1.6227e-02      4.4870e-03    1.612e-02     4.903e+01       5.82e-01    7.33e-02    3571727 
    400.000     399.843         2.500      3.593      2.2521e-01      6.2925e-02      1.4171e-02      3.8973e-03    1.400e-02     5.645e+01       5.05e-01    6.36e-02    3615262 
    400.000     399.843         3.000      3.593      2.2521e-01      5.5623e-02      1.2527e-02      3.4302e-03    1.232e-02     6.414e+01       4.45e-01    5.60e-02    3640073 
    400.000     399.843         4.000      3.593      2.2521e-01      4.5139e-02      1.0166e-02      2.7630e-03    9.926e-03     7.962e+01       3.58e-01    4.51e-02    3659356 
    400.000     399.843         5.000      3.593      2.2521e-01      3.7929e-02      8.5421e-03      2.3106e-03    8.301e-03     9.521e+01       3.00e-01    3.77e-02    3666496 
    400.000     399.843         6.000      3.593      2.2521e-01      3.2638e-02      7.3506e-03      1.9811e-03    7.117e-03     1.111e+02       2.57e-01    3.24e-02    3668356 
    400.000     399.843         7.000      3.593      2.2521e-01      2.8741e-02      6.4728e-03      1.7383e-03    6.245e-03     1.266e+02       2.25e-01    2.84e-02    3669179 
    400.000     399.843         8.000      3.593      2.2521e-01      2.5621e-02      5.7700e-03      1.5455e-03    5.552e-03     1.424e+02       2.00e-01    2.52e-02    3667649 
    400.000     399.843         9.000      3.593      2.2521e-01      2.3130e-02      5.2092e-03      1.3925e-03    5.003e-03     1.580e+02       1.81e-01    2.27e-02    3665943 
    400.000     399.843         10.000     3.593      2.2521e-01      2.1045e-02      4.7395e-03      1.2638e-03    4.540e-03     1.741e+02       1.64e-01    2.06e-02    3664895 
    500.000     499.843         0.010      1.289      2.8659e-01      1.8553e-07      5.3170e-08      1.4473e-08    1.865e-08     1.520e+07       6.73e-07    8.48e-08    7 
    500.000     499.843         0.015      1.289      2.8659e-01      3.8668e-06      1.1082e-06      2.9571e-07    3.811e-07     7.440e+05       1.38e-05    1.73e-06    186 
    500.000     499.843         0.020      1.289      2.8659e-01      1.8829e-05      5.3963e-06      1.3960e-06    1.799e-06     1.576e+05       6.49e-05    8.18e-06    1064 
    500.000     499.843         0.025      1.289      2.8659e-01      7.3225e-05      2.0985e-05      5.4389e-06    7.009e-06     4.045e+04       2.53e-04    3.19e-05    3539 
    500.000     499.843         0.030      1.289      2.8659e-01      1.7352e-04      4.9730e-05      1.2932e-05    1.667e-05     1.701e+04       6.02e-04    7.58e-05    8113 
    500.000     499.843         0.040      1.289      2.8659e-01      6.8123e-04      1.9523e-04      5.0119e-05    6.459e-05     4.390e+03       2.33e-03    2.94e-04    27366 
    500.000     499.843         0.050      1.289      2.8659e-01      1.6772e-03      4.8066e-04      1.2226e-04    1.576e-04     1.799e+03       5.69e-03    7.16e-04    62338 
    500.000     499.843         0.060      1.289      2.8659e-01      3.2559e-03      9.3310e-04      2.3618e-04    3.044e-04     9.315e+02       1.10e-02    1.38e-03    113111 
    500.000     499.843         0.070      1.289      2.8659e-01      5.3544e-03      1.5345e-03      3.8784e-04    4.998e-04     5.672e+02       1.80e-02    2.27e-03    178555 
    500.000     499.843         0.080      1.289      2.8659e-01      7.9774e-03      2.2862e-03      5.7602e-04    7.423e-04     3.819e+02       2.68e-02    3.37e-03    255564 
    500.000     499.843         0.090      1.289      2.8659e-01      1.0937e-02      3.1345e-03      7.8764e-04    1.015e-03     2.793e+02       3.66e-02    4.61e-03    341678 
    500.000     499.843         0.100      1.289      2.8659e-01      1.4309e-02      4.1007e-03      1.0284e-03    1.325e-03     2.139e+02       4.78e-02    6.02e-03    436584 
    500.000     499.843         0.150      1.289      2.8659e-01      3.2893e-02      9.4267e-03      2.3491e-03    3.027e-03     9.365e+01       1.09e-01    1.38e-02    955990 
    500.000     499.843         0.200      1.289      2.8659e-01      5.0769e-02      1.4550e-02      3.6126e-03    4.656e-03     6.090e+01       1.68e-01    2.12e-02    1469137 
    500.000     499.843         0.250      1.289      2.8659e-01      6.5591e-02      1.8797e-02      4.6613e-03    6.007e-03     4.720e+01       2.17e-01    2.73e-02    1923060 
    500.000     499.843         0.300      1.289      2.8659e-01      7.7285e-02      2.2149e-02      5.4817e-03    7.064e-03     4.013e+01       2.55e-01    3.21e-02    2318622 
    500.000     499.843         0.400      1.289      2.8659e-01      9.2577e-02      2.6531e-02      6.5560e-03    8.449e-03     3.356e+01       3.05e-01    3.84e-02    2937532 
    500.000     499.843         0.500      1.289      2.8659e-01      1.0064e-01      2.8842e-02      7.1176e-03    9.173e-03     3.091e+01       3.31e-01    4.17e-02    3386148 
    500.000     499.843         0.600      1.289      2.8659e-01      1.0428e-01      2.9885e-02      7.3682e-03    9.496e-03     2.986e+01       3.43e-01    4.32e-02    3717528 
    500.000     499.843         0.700      1.289      2.8659e-01      1.0508e-01      3.0116e-02      7.4189e-03    9.561e-03     2.965e+01       3.45e-01    4.35e-02    3966765 
    500.000     499.843         0.800      1.289      2.8659e-01      1.0447e-01      2.9939e-02      7.3688e-03    9.496e-03     2.986e+01       3.43e-01    4.32e-02    4160528 
    500.000     499.843         0.900      1.289      2.8659e-01      1.0298e-01      2.9512e-02      7.2580e-03    9.353e-03     3.031e+01       3.38e-01    4.25e-02    4311373 
    500.000     499.843         1.000      1.289      2.8659e-01      1.0088e-01      2.8912e-02      7.1040e-03    9.155e-03     3.097e+01       3.30e-01    4.16e-02    4432850 
    500.000     499.843         1.500      1.289      2.8659e-01      8.7814e-02      2.5166e-02      6.1640e-03    7.944e-03     3.569e+01       2.87e-01    3.61e-02    4769456 
    500.000     499.843         2.000      1.289      2.8659e-01      7.6069e-02      2.1800e-02      5.3267e-03    6.865e-03     4.130e+01       2.48e-01    3.12e-02    4912836 
    500.000     499.843         2.500      1.289      2.8659e-01      6.6667e-02      1.9106e-02      4.6574e-03    6.002e-03     4.724e+01       2.17e-01    2.73e-02    4983659 
    500.000     499.843         3.000      1.289      2.8659e-01      5.9106e-02      1.6939e-02      4.1221e-03    5.312e-03     5.337e+01       1.92e-01    2.41e-02    5021567 
    500.000     499.843         4.000      1.289      2.8659e-01      4.7960e-02      1.3745e-02      3.3316e-03    4.294e-03     6.603e+01       1.55e-01    1.95e-02    5052605 
    500.000     499.843         5.000      1.289      2.8659e-01      4.0390e-02      1.1575e-02      2.7990e-03    3.607e-03     7.860e+01       1.30e-01    1.64e-02    5063544 
    500.000     499.843         6.000      1.289      2.8659e-01      3.4891e-02      9.9993e-03      2.4144e-03    3.112e-03     9.112e+01       1.12e-01    1.41e-02    5069077 
    500.000     499.843         7.000      1.289      2.8659e-01      3.0614e-02      8.7734e-03      2.1154e-03    2.726e-03     1.040e+02       9.84e-02    1.24e-02    5068110 
    500.000     499.843         8.000      1.289      2.8659e-01      2.7243e-02      7.8073e-03      1.8805e-03    2.423e-03     1.170e+02       8.75e-02    1.10e-02    5066812 
    500.000     499.843         9.000      1.289      2.8659e-01      2.4618e-02      7.0551e-03      1.6967e-03    2.187e-03     1.297e+02       7.89e-02    9.94e-03    5063418 
    500.000     499.843         10.000     1.289      2.8659e-01      2.2448e-02      6.4332e-03      1.5470e-03    1.994e-03     1.422e+02       7.20e-02    9.06e-03    5062975 
    600.000     599.843         0.010      0.526      3.5911e-01      5.7090e-11      2.0502e-11      4.7081e-12    2.476e-12     4.673e+10       8.94e-11    1.13e-11    1 
    600.000     599.843         0.015      0.526      3.5911e-01      9.0439e-07      3.2478e-07      7.3541e-08    3.868e-08     2.992e+06       1.40e-06    1.76e-07    89 
    600.000     599.843         0.020      0.526      3.5911e-01      7.0683e-06      2.5383e-06      5.7707e-07    3.035e-07     3.812e+05       1.10e-05    1.38e-06    639 
    600.000     599.843         0.025      0.526      3.5911e-01      3.0676e-05      1.1016e-05      2.4907e-06    1.310e-06     8.833e+04       4.73e-05    5.95e-06    2459 
    600.000     599.843         0.030      0.526      3.5911e-01      9.6203e-05      3.4548e-05      7.7381e-06    4.070e-06     2.843e+04       1.47e-04    1.85e-05    6524 
    600.000     599.843         0.040      0.526      3.5911e-01      4.4141e-04      1.5851e-04      3.5746e-05    1.880e-05     6.155e+03       6.79e-04    8.55e-05    25818 
    600.000     599.843         0.050      0.526      3.5911e-01      1.1866e-03      4.2611e-04      9.5658e-05    5.031e-05     2.300e+03       1.82e-03    2.29e-04    61849 
    600.000     599.843         0.060      0.526      3.5911e-01      2.4249e-03      8.7082e-04      1.9487e-04    1.025e-04     1.129e+03       3.70e-03    4.66e-04    117782 
    600.000     599.843         0.070      0.526      3.5911e-01      4.1594e-03      1.4937e-03      3.3371e-04    1.755e-04     6.593e+02       6.34e-03    7.98e-04    190652 
    600.000     599.843         0.080      0.526      3.5911e-01      6.3855e-03      2.2931e-03      5.1074e-04    2.686e-04     4.307e+02       9.70e-03    1.22e-03    281010 
    600.000     599.843         0.090      0.526      3.5911e-01      8.9853e-03      3.2267e-03      7.1912e-04    3.782e-04     3.059e+02       1.37e-02    1.72e-03    382879 
    600.000     599.843         0.100      0.526      3.5911e-01      1.1946e-02      4.2900e-03      9.5399e-04    5.018e-04     2.306e+02       1.81e-02    2.28e-03    496373 
    600.000     599.843         0.150      0.526      3.5911e-01      2.9373e-02      1.0548e-02      2.3352e-03    1.228e-03     9.421e+01       4.43e-02    5.58e-03    1140732 
    600.000     599.843         0.200      0.526      3.5911e-01      4.6929e-02      1.6853e-02      3.7200e-03    1.957e-03     5.914e+01       7.06e-02    8.89e-03    1796783 
    600.000     599.843         0.250      0.526      3.5911e-01      6.2142e-02      2.2316e-02      4.9148e-03    2.585e-03     4.476e+01       9.33e-02    1.18e-02    2396692 
    600.000     599.843         0.300      0.526      3.5911e-01      7.4368e-02      2.6707e-02      5.8776e-03    3.091e-03     3.743e+01       1.12e-01    1.41e-02    2920793 
    600.000     599.843         0.400      0.526      3.5911e-01      9.0987e-02      3.2675e-02      7.1777e-03    3.775e-03     3.065e+01       1.36e-01    1.72e-02    3754913 
    600.000     599.843         0.500      0.526      3.5911e-01      1.0020e-01      3.5983e-02      7.8970e-03    4.154e-03     2.786e+01       1.50e-01    1.89e-02    4369300 
    600.000     599.843         0.600      0.526      3.5911e-01      1.0477e-01      3.7625e-02      8.2523e-03    4.341e-03     2.666e+01       1.57e-01    1.97e-02    4829894 
    600.000     599.843         0.700      0.526      3.5911e-01      1.0645e-01      3.8229e-02      8.3808e-03    4.408e-03     2.625e+01       1.59e-01    2.00e-02    5176753 
    600.000     599.843         0.800      0.526      3.5911e-01      1.0626e-01      3.8159e-02      8.3582e-03    4.396e-03     2.632e+01       1.59e-01    2.00e-02    5446049 
    600.000     599.843         0.900      0.526      3.5911e-01      1.0511e-01      3.7745e-02      8.2630e-03    4.346e-03     2.662e+01       1.57e-01    1.98e-02    5660859 
    600.000     599.843         1.000      0.526      3.5911e-01      1.0332e-01      3.7104e-02      8.1188e-03    4.270e-03     2.710e+01       1.54e-01    1.94e-02    5828987 
    600.000     599.843         1.500      0.526      3.5911e-01      9.0937e-02      3.2657e-02      7.1347e-03    3.753e-03     3.084e+01       1.35e-01    1.71e-02    6321788 
    600.000     599.843         2.000      0.526      3.5911e-01      7.9155e-02      2.8425e-02      6.1967e-03    3.259e-03     3.550e+01       1.18e-01    1.48e-02    6535305 
    600.000     599.843         2.500      0.526      3.5911e-01      6.9600e-02      2.4994e-02      5.4410e-03    2.862e-03     4.043e+01       1.03e-01    1.30e-02    6640753 
    600.000     599.843         3.000      0.526      3.5911e-01      6.1896e-02      2.2228e-02      4.8330e-03    2.542e-03     4.552e+01       9.18e-02    1.16e-02    6699886 
    600.000     599.843         4.000      0.526      3.5911e-01      5.0568e-02      1.8159e-02      3.9384e-03    2.072e-03     5.586e+01       7.48e-02    9.42e-03    6755558 
    600.000     599.843         5.000      0.526      3.5911e-01      4.2610e-02      1.5302e-02      3.3095e-03    1.741e-03     6.648e+01       6.28e-02    7.91e-03    6777655 
    600.000     599.843         6.000      0.526      3.5911e-01      3.6841e-02      1.3230e-02      2.8559e-03    1.502e-03     7.703e+01       5.42e-02    6.83e-03    6785170 
    600.000     599.843         7.000      0.526      3.5911e-01      3.2366e-02      1.1623e-02      2.5043e-03    1.317e-03     8.785e+01       4.76e-02    5.99e-03    6787487 
    600.000     599.843         8.000      0.526      3.5911e-01      2.8944e-02      1.0394e-02      2.2381e-03    1.177e-03     9.830e+01       4.25e-02    5.35e-03    6786778 
    600.000     599.843         9.000      0.526      3.5911e-01      2.6117e-02      9.3788e-03      2.0176e-03    1.061e-03     1.090e+02       3.83e-02    4.82e-03    6786708 
    600.000     599.843         10.000     0.526      3.5911e-01      2.3813e-02      8.5514e-03      1.8380e-03    9.668e-04     1.197e+02       3.49e-02    4.39e-03    6783885 
    700.000     699.843         0.010      0.235      4.1651e-01      0.0000e+00      0.0000e+00      0.0000e+00    0.000e+00     	nan       0.00e+00    0.00e+00    0 
    700.000     699.843         0.015      0.235      4.1651e-01      9.1282e-09      3.8020e-09      7.5999e-10    1.784e-10     2.895e+08       6.44e-09    8.11e-10    4 
    700.000     699.843         0.020      0.235      4.1651e-01      3.8304e-06      1.5954e-06      3.3857e-07    7.947e-08     6.498e+05       2.87e-06    3.61e-07    49 
    700.000     699.843         0.025      0.235      4.1651e-01      1.8235e-05      7.5950e-06      1.4702e-06    3.451e-07     1.496e+05       1.25e-05    1.57e-06    189 
    700.000     699.843         0.030      0.235      4.1651e-01      5.9703e-05      2.4867e-05      5.1117e-06    1.200e-06     4.304e+04       4.33e-05    5.45e-06    540 
    700.000     699.843         0.040      0.235      4.1651e-01      2.8133e-04      1.1718e-04      2.3492e-05    5.514e-06     9.365e+03       1.99e-04    2.51e-05    2163 
    700.000     699.843         0.050      0.235      4.1651e-01      8.6955e-04      3.6217e-04      7.3764e-05    1.731e-05     2.982e+03       6.25e-04    7.87e-05    5771 
    700.000     699.843         0.060      0.235      4.1651e-01      1.8460e-03      7.6887e-04      1.5492e-04    3.636e-05     1.420e+03       1.31e-03    1.65e-04    11077 
    700.000     699.843         0.070      0.235      4.1651e-01      3.3354e-03      1.3892e-03      2.8358e-04    6.656e-05     7.758e+02       2.40e-03    3.03e-04    18815 
    700.000     699.843         0.080      0.235      4.1651e-01      5.1771e-03      2.1563e-03      4.4025e-04    1.033e-04     4.997e+02       3.73e-03    4.70e-04    28069 
    700.000     699.843         0.090      0.235      4.1651e-01      7.4500e-03      3.1030e-03      6.3628e-04    1.493e-04     3.458e+02       5.39e-03    6.79e-04    38978 
    700.000     699.843         0.100      0.235      4.1651e-01      1.0076e-02      4.1968e-03      8.5664e-04    2.011e-04     2.568e+02       7.26e-03    9.14e-04    51447 
    700.000     699.843         0.150      0.235      4.1651e-01      2.6271e-02      1.0942e-02      2.2321e-03    5.239e-04     9.856e+01       1.89e-02    2.38e-03    123250 
    700.000     699.843         0.200      0.235      4.1651e-01      4.3450e-02      1.8097e-02      3.6891e-03    8.659e-04     5.964e+01       3.13e-02    3.94e-03    199412 
    700.000     699.843         0.250      0.235      4.1651e-01      5.8900e-02      2.4533e-02      4.9976e-03    1.173e-03     4.402e+01       4.23e-02    5.33e-03    271268 
    700.000     699.843         0.300      0.235      4.1651e-01      7.1471e-02      2.9768e-02      6.0625e-03    1.423e-03     3.629e+01       5.14e-02    6.47e-03    333517 
    700.000     699.843         0.400      0.235      4.1651e-01      8.8947e-02      3.7047e-02      7.5237e-03    1.766e-03     2.924e+01       6.38e-02    8.03e-03    434210 
    700.000     699.843         0.500      0.235      4.1651e-01      9.9533e-02      4.1457e-02      8.4121e-03    1.974e-03     2.615e+01       7.13e-02    8.97e-03    510787 
    700.000     699.843         0.600      0.235      4.1651e-01      1.0487e-01      4.3678e-02      8.8662e-03    2.081e-03     2.481e+01       7.51e-02    9.46e-03    568625 
    700.000     699.843         0.700      0.235      4.1651e-01      1.0750e-01      4.4775e-02      9.0889e-03    2.133e-03     2.421e+01       7.70e-02    9.70e-03    613121 
    700.000     699.843         0.800      0.235      4.1651e-01      1.0796e-01      4.4965e-02      9.1138e-03    2.139e-03     2.414e+01       7.72e-02    9.72e-03    647039 
    700.000     699.843         0.900      0.235      4.1651e-01      1.0707e-01      4.4597e-02      9.0418e-03    2.122e-03     2.433e+01       7.66e-02    9.65e-03    674884 
    700.000     699.843         1.000      0.235      4.1651e-01      1.0547e-01      4.3929e-02      8.8987e-03    2.089e-03     2.472e+01       7.54e-02    9.49e-03    696307 
    700.000     699.843         1.500      0.235      4.1651e-01      9.3638e-02      3.9001e-02      7.8866e-03    1.851e-03     2.790e+01       6.68e-02    8.41e-03    759804 
    700.000     699.843         2.000      0.235      4.1651e-01      8.2208e-02      3.4241e-02      6.9226e-03    1.625e-03     3.178e+01       5.87e-02    7.39e-03    788697 
    700.000     699.843         2.500      0.235      4.1651e-01      7.2863e-02      3.0348e-02      6.1217e-03    1.437e-03     3.594e+01       5.19e-02    6.53e-03    802584 
    700.000     699.843         3.000      0.235      4.1651e-01      6.4535e-02      2.6879e-02      5.4217e-03    1.273e-03     4.058e+01       4.59e-02    5.78e-03    809360 
    700.000     699.843         4.000      0.235      4.1651e-01      5.2759e-02      2.1974e-02      4.4173e-03    1.037e-03     4.980e+01       3.74e-02    4.71e-03    816812 
    700.000     699.843         5.000      0.235      4.1651e-01      4.4648e-02      1.8596e-02      3.7248e-03    8.743e-04     5.906e+01       3.16e-02    3.97e-03    820494 
    700.000     699.843         6.000      0.235      4.1651e-01      3.8325e-02      1.5963e-02      3.1971e-03    7.504e-04     6.881e+01       2.71e-02    3.41e-03    820799 
    700.000     699.843         7.000      0.235      4.1651e-01      3.3777e-02      1.4069e-02      2.8190e-03    6.617e-04     7.804e+01       2.39e-02    3.01e-03    821648 
    700.000     699.843         8.000      0.235      4.1651e-01      3.0171e-02      1.2567e-02      2.5125e-03    5.897e-04     8.756e+01       2.13e-02    2.68e-03    821819 
    700.000     699.843         9.000      0.235      4.1651e-01      2.7481e-02      1.1446e-02      2.2878e-03    5.370e-04     9.616e+01       1.94e-02    2.44e-03    821877 
    700.000     699.843         10.000      0.235      4.1651e-01      2.4791e-02      1.0326e-02      2.0606e-03    4.837e-04     1.068e+02       1.75e-02    2.20e-03    820795 
 
