#                prod                 mint                mhscp              mrec200 
                  557                  552                  400       0.484162922632 
                 1273                  953                  400       0.455190090579 
                 4406                 1415                  450       0.128183127443 
                 5100                  450                  100                  0.0 
                 2383                 1318                  400       0.180313982642 
                 1147                  819                  150                  0.0 
                 1352                  222                  150                  0.0 
                 1731                  482                  250                  0.0 
                 1741                 1736                  400       0.148280048148 
                 4377                  724                  500     0.00346158548393 
                  541                  445                  250                  0.0 
                 5100                 1746                  200                  0.0 
                 1091                  897                  500       0.571603250632 
                 2742                 2737                  500       0.032913529191 
                  577                  413                  150                  0.0 
                  512                  447                  300                  0.0 
                 2576                 2571                  100                  0.0 
                  853                  149                  100                  0.0 
                 3285                 1000                  300                  0.0 
                 1404                  590                  100                  0.0 
                 1262                 1001                  500       0.563184461881 
                  933                  928                  300                  0.0 
                 2383                  731                  400       0.183987463551 
                 3369                  155                  150                  0.0 
                  940                  935                  400       0.512641823786 
                  662                  657                  350       0.513075195529 
                 2036                 2031                  250                  0.0 
                 4454                 4449                  150                  0.0 
                  512                  346                  300                  0.0 
                 1147                  587                  150                  0.0 
                  365                  357                  350       0.385870301413 
                  452                  355                  350       0.446816548533 
                 1796                 1791                  200                  0.0 
                 1731                  255                  250                  0.0 
                  862                  533                  450       0.553216369511 
                 2071                  794                  300                  0.0 
                 3783                 2604                  400     0.00313389935576 
                 1352                  655                  150                  0.0 
                  576                  355                  350       0.498659986125 
                 3369                  432                  150                  0.0 
                 4416                 2826                  300                  0.0 
                 4377                 1486                  500       0.142010072848 
                  758                  455                  450       0.531475054796 
                  115                  107                  100                  0.0 
                  606                  601                  450       0.478221052407 
                 4389                 1897                  350      0.0425858579286 
                  987                  551                  450       0.560830579577 
                  797                  491                  300                  0.0 
                 1091                  612                  500       0.581420679113 
                 5100                 2358                  500      0.0653100948711 
                 2001                 1004                  500       0.398345305393 
                 1195                 1190                  100                  0.0 
                 2797                  844                  250                  0.0 
                  471                  309                  200                  0.0 
                 1404                  162                  100                  0.0 
                 3798                  255                  250                  0.0 
                 2415                 1825                  450      0.0981939665093 
                 3271                 3266                  450     0.00739905171171 
                 3226                 3221                  350     0.00432365927881 
                 1529                  559                  200                  0.0 
                 1195                  530                  100                  0.0 
                 1099                 1094                  200                  0.0 
                 2421                  858                  300                  0.0 
                  741                  555                  500       0.529268351449 
                  853                  423                  100                  0.0 
                 1230                  484                  350       0.402018438593 
                 2456                  709                  200                  0.0 
                  888                  647                  250                  0.0 
                 2351                  666                  350       0.150013167555 
                 1446                  504                  350       0.314084905497 
                  929                  435                  200                  0.0 
                 4397                 2952                  400     0.00036462400363 
                 2351                 2346                  350      0.0160723936549 
                 3226                 1069                  350       0.126330647809 
                 1769                 1317                  300                  0.0 
                  784                  558                  200                  0.0 
                 1468                 1463                  250                  0.0 
                 2784                 1061                  400       0.180781754668 
                  356                  305                  300                  0.0 
                 2784                 2016                  400      0.0286652131791 
                 5100                  863                  350      0.0330223276464 
                  835                  830                  500       0.554602138265 
                 3249                 2293                  400      0.0100789026066 
                 1769                  305                  300                  0.0 
                 5100                  305                  300                  0.0 
                 1702                 1307                  350       0.158163391254 
                  758                  516                  450       0.547760622981 
                  400                  395                  200                  0.0 
                 3264                  912                  250                  0.0 
                 2036                  360                  250                  0.0 
                  684                  305                  300                  0.0 
                 3767                 1156                  350       0.107557865812 
                 5100                 3406                  450    0.000134658118561 
                 3916                 3911                  100                  0.0 
                 5100                  742                  500    0.000583078925968 
                 2784                 2779                  400     0.00996372955547 
                  970                  210                  150                  0.0 
                  339                  334                  100                  0.0 
                  465                  457                  450       0.399545886204 
                 1779                  716                  450       0.390571444892 
                 3813                  465                  300                  0.0 
                  750                  333                  250                  0.0 
                 2342                  652                  500       0.169644320931 
                 2001                 1996                  350      0.0412946179018 
                 2351                  355                  350     0.00700887912035 
                  750                  255                  250                  0.0 
                 2390                 1132                  250                  0.0 
                  607                  551                  500       0.462682452798 
                 5100                 3187                  300                  0.0 
                 2390                  255                  250                  0.0 
                 5100                 5095                  200                  0.0 
                 1404                 1399                  100                  0.0 
                  750                  436                  250                  0.0 
                  497                  334                  100                  0.0 
                  541                  370                  250                  0.0 
                  315                  307                  300                  0.0 
                 5100                  205                  200                  0.0 
                 4407                 1059                  250                  0.0 
                 3285                  305                  300                  0.0 
                 1147                  302                  150                  0.0 
                 4397                  603                  400      0.0010997741771 
                  507                  387                  350       0.480344097049 
                 2073                 2068                  450       0.111134197253 
                 1095                  793                  300                  0.0 
                 1243                  731                  250                  0.0 
                 1316                  593                  450        0.51034073418 
                  448                  443                  300                  0.0 
                 3916                  105                  100                  0.0 
                 1092                  518                  400       0.512741115388 
                 2812                 2807                  450      0.0179899197716 
                 2103                  966                  200                  0.0 
                  541                  536                  250                  0.0 
                 2167                  240                  150                  0.0 
                 3880                  775                  150                  0.0 
                 2823                  640                  300                  0.0 
                 2342                  842                  500       0.289528321256 
                 2167                 1393                  150                  0.0 
                  408                  378                  350        0.40801491327 
                 2226                  803                  100                  0.0 
                 2103                 1424                  200                  0.0 
                  458                  405                  400       0.411217214736 
                 3767                  780                  350       0.065555448362 
                  606                  455                  450       0.485041014841 
                  767                  355                  350       0.499591718873 
                 4416                 1160                  300                  0.0 
                 2823                 1343                  300                  0.0 
                  576                  571                  350       0.505505822293 
                 4377                 3051                  500       0.002446142584 
                  661                  656                  200                  0.0 
                 2917                  672                  150                  0.0 
                 2001                  842                  350       0.231261579469 
                 5100                 2847                  150                  0.0 
                  758                  753                  450       0.541122916043 
                  452                  398                  350       0.435992023779 
                 3271                  455                  450     0.00124772015222 
                  502                  497                  400       0.445027794478 
                 3208                 1272                  500       0.202951955624 
                 1644                  656                  100                  0.0 
                 3798                  983                  250                  0.0 
                 1137                  455                  450       0.495063403684 
                 1230                  659                  350       0.441903638276 
                 2576                  520                  100                  0.0 
                  853                  599                  100                  0.0 
                 1741                  516                  400       0.228175364123 
                 1050                  363                  250                  0.0 
                 5100                 1188                  100                  0.0 
                 3249                  810                  400       0.111405177441 
                 4475                  196                  100                  0.0 
                  576                  400                  350       0.508288554818 
                 2036                  720                  250                  0.0 
                 1285                  437                  300                  0.0 
                 3416                 1069                  100                  0.0 
                  497                  492                  100                  0.0 
                  784                  205                  200                  0.0 
                  666                  578                  500       0.492825903084 
                 2421                 2416                  300                  0.0 
                 3271                 1693                  450       0.127424311377 
                  750                  745                  250                  0.0 
                  338                  333                  150                  0.0 
                  784                  286                  200                  0.0 
                  818                  537                  150                  0.0 
                 3285                  453                  300                  0.0 
                 1012                  223                  100                  0.0 
                  507                  355                  350        0.48171576158 
                  552                  547                  450       0.445286766087 
                 1488                  775                  400       0.428983767982 
                 1644                 1639                  100                  0.0 
                 1285                  305                  300                  0.0 
                 3799                 3794                  450     0.00449028299025 
                  448                  335                  300                  0.0 
                 3208                 3203                  500      0.0134227026573 
                  512                  507                  300                  0.0 
                  741                  736                  500       0.535596657757 
                 3841                  334                  200                  0.0 
                  338                  227                  150                  0.0 
                 1050                  734                  250                  0.0 
                  716                  273                  100                  0.0 
                 1285                  625                  300                  0.0 
                  557                  336                  200                  0.0 
                 1298                  515                  200                  0.0 
                 4406                  664                  450     0.00195323587473 
                  228                  223                  100                  0.0 
                 1050                 1045                  250                  0.0 
                 3916                 2140                  100                  0.0 
                  541                  255                  250                  0.0 
                  661                  205                  200                  0.0 
                  625                  405                  400       0.514639063598 
                 3767                  355                  350    0.000212431480722 
                 3226                 1544                  350      0.0794147650333 
                 1588                  336                  150                  0.0 
                 2859                  205                  200                  0.0 
                 5100                 5095                  500     0.00253032908802 
                  853                  848                  100                  0.0 
                 1741                  658                  400       0.329305943986 
                 2823                  927                  300                  0.0 
                  463                  295                  250                  0.0 
                  970                  155                  150                  0.0 
                  814                  405                  400       0.526480785572 
                 1298                  379                  200                  0.0 
                 3750                 1375                  500       0.167153554118 
                  710                  465                  400       0.525116250526 
                  483                  205                  150                  0.0 
                  294                  243                  200                  0.0 
                  228                  105                  100                  0.0 
                  758                  664                  450       0.538830013289 
                  576                  507                  350       0.503639166451 
                  279                  274                  100                  0.0 
                  397                  305                  300                  0.0 
                 1285                  894                  300                  0.0 
                  338                  188                  150                  0.0 
                  560                  555                  500       0.431631666261 
                  970                  525                  150                  0.0 
                  557                  552                  200                  0.0 
                 1796                  422                  200                  0.0 
                 5100                 3466                  500    0.000272523153452 
                 4432                 4427                  200                  0.0 
                 1012                 1007                  100                  0.0 
                 1092                  849                  400       0.510797042292 
                 1796                  870                  200                  0.0 
                  662                  355                  350       0.511969302475 
                 1195                  105                  100                  0.0 
                 3285                 1486                  300                  0.0 
                 1095                  577                  300                  0.0 
                  589                  359                  300                  0.0 
                 1769                  733                  300                  0.0 
                 1741                 1362                  400       0.221266616049 
                  684                  455                  300                  0.0 
                 2167                  579                  150                  0.0 
                  950                  591                  500       0.573387343617 
                 1243                  562                  250                  0.0 
                  284                  241                  150                  0.0 
                 2859                  765                  200                  0.0 
                  688                  683                  150                  0.0 
                 5100                  731                  100                  0.0 
                 1796                  294                  200                  0.0 
                 2742                  505                  500      0.0222395106291 
                  228                  153                  100                  0.0 
                  767                  762                  350       0.502291637865 
                 4416                  305                  300                  0.0 
                  338                  155                  150                  0.0 
                 2001                  473                  350      0.0881395941215 
                 3767                 2538                  350     0.00119137526376 
                  853                  211                  100                  0.0 
                 4389                 1248                  350      0.0891791442604 
                 2456                  205                  200                  0.0 
                 2001                  635                  500       0.282933556934 
                 2972                 2967                  100                  0.0 
                 2036                  509                  250                  0.0 
                 5100                 1091                  500      0.0705941838831 
                  894                  889                  350       0.470261381702 
                 3249                 3244                  400     0.00613102946549 
                 2797                  380                  250                  0.0 
                  339                  250                  100                  0.0 
                 1195                  353                  100                  0.0 
                 1796                  205                  200                  0.0 
                 2415                  793                  450       0.220615122159 
                  862                  455                  450       0.546903561567 
                 1273                  539                  400       0.464303402151 
                 5100                  277                  100                  0.0 
                  412                  207                  100                  0.0 
                 1047                  608                  350       0.495041809988 
                 1316                  455                  450       0.425247195806 
                 3319                  518                  200                  0.0 
                 2037                 1187                  400       0.243168368222 
                 2859                 1840                  200                  0.0 
                 1047                 1042                  350       0.398489262667 
                 3813                  305                  300                  0.0 
                 1508                  883                  300                  0.0 
                 1099                  271                  200                  0.0 
                 5100                  155                  150                  0.0 
                 3264                  255                  250                  0.0 
                 4397                 1334                  400       0.103523720576 
                 4406                 4401                  450     0.00342867089076 
                  515                  507                  500       0.413786711449 
                 3798                 3793                  250                  0.0 
                  339                  105                  100                  0.0 
                  710                  614                  400       0.530817337171 
                 1137                  718                  450         0.5621789945 
                 1917                  170                  100                  0.0 
                 1404                  383                  100                  0.0 
                  750                  570                  250                  0.0 
                 2001                 1587                  500       0.272777220109 
                 1298                  951                  200                  0.0 
                 1711                 1258                  500        0.43804253313 
                  215                  207                  200                  0.0 
                 1047                  355                  350       0.388497152499 
                 2576                  305                  100                  0.0 
                  577                  298                  150                  0.0 
                 2576                  105                  100                  0.0 
                 1858                  810                  150                  0.0 
                  294                  205                  200                  0.0 
                 2167                  155                  150                  0.0 
                 1262                  634                  500       0.561131128984 
                  356                  351                  300                  0.0 
                 4377                 2129                  500       0.088129245622 
                 1858                  155                  150                  0.0 
                 3285                  673                  300                  0.0 
                 5100                  171                  100                  0.0 
                 2823                  305                  300                  0.0 
                 1588                  730                  150                  0.0 
                  940                  499                  400       0.530122714382 
                  228                  127                  100                  0.0 
                 1404                  105                  100                  0.0 
                  835                  572                  500       0.554800809239 
                 3798                  627                  250                  0.0 
                 2226                 2221                  100                  0.0 
                 2757                 1391                  350        0.10694629044 
                 2001                  505                  500       0.169952866307 
                  341                  262                  200                  0.0 
                 2757                  988                  350       0.154233340425 
                 1917                  448                  100                  0.0 
                 1352                 1347                  150                  0.0 
                 2383                 1770                  400      0.0618397395554 
                  929                  299                  200                  0.0 
                 3319                  326                  200                  0.0 
                 2415                 1047                  450       0.263788908567 
                 4454                  271                  150                  0.0 
                 4432                  205                  200                  0.0 
                 2036                  255                  250                  0.0 
                  688                  225                  150                  0.0 
                  716                  105                  100                  0.0 
                 2037                  405                  400      0.0560339238769 
                  688                  155                  150                  0.0 
                 3841                 2354                  200                  0.0 
                 1917                  276                  100                  0.0 
                  203                  175                  150                  0.0 
                 4407                 4402                  250                  0.0 
                 1779                  455                  450       0.189099130626 
                 1741                  838                  400       0.357542933759 
                 3767                  526                  350     0.00167315107573 
                 3783                  588                  400     0.00424324466452 
                  279                  216                  100                  0.0 
                 4406                  969                  450      0.0775828603909 
                 5100                 1022                  200                  0.0 
                  784                  400                  200                  0.0 
                 3799                 1314                  450       0.147498550865 
                 2071                  305                  300                  0.0 
                 3264                  390                  250                  0.0 
                 1050                  255                  250                  0.0 
                 1243                  951                  250                  0.0 
                 1352                  319                  150                  0.0 
                 1012                  691                  100                  0.0 
                 2390                 2385                  250                  0.0 
                 5100                 1604                  500       0.115447681997 
                  508                  503                  450       0.416803132507 
                  399                  255                  250                  0.0 
                 1702                  598                  350        0.26454649234 
                 4475                 4470                  100                  0.0 
                  674                  501                  450       0.512802938485 
                 2073                  586                  450       0.185770420793 
                 5100                 1018                  450      0.0591922965265 
                  797                  387                  300                  0.0 
                 2001                 1497                  350      0.0849168970949 
                 5100                  455                  450     0.00018411939047 
                  348                  255                  250                  0.0 
                 2917                  412                  150                  0.0 
                 5100                  105                  100                  0.0 
                 2784                  558                  400      0.0305302926568 
                 2812                 1530                  450        0.16192666363 
                 5100                 5095                  450     0.00243314266023 
                 1644                  262                  100                  0.0 
                 1741                 1069                  400       0.322267297253 
                  471                  252                  200                  0.0 
                  240                  235                  150                  0.0 
                  767                  630                  350       0.515851254886 
                 1047                  796                  350       0.460856413292 
                  940                  615                  400       0.552407461979 
                 4475                 1280                  100                  0.0 
                 2001                 1122                  350       0.193990222433 
                  552                  499                  450       0.443720664382 
                 3319                 1311                  200                  0.0 
                 1047                  465                  350       0.471895659259 
                 5100                 3093                  250                  0.0 
                  797                  305                  300                  0.0 
                  662                  563                  350       0.517831235208 
                  448                  305                  300                  0.0 
                 2390                 1643                  250                  0.0 
                  557                  405                  400       0.484881507996 
                  452                  447                  350       0.451455225264 
                 2415                  455                  450      0.0309211640078 
                  458                  453                  400        0.40559332853 
                 2167                  898                  150                  0.0 
                  338                  275                  150                  0.0 
                 2342                 1810                  500        0.16048716942 
                 1446                  715                  350        0.37210608241 
                  152                  105                  100                  0.0 
                 1858                  354                  150                  0.0 
                  661                  490                  200                  0.0 
                 3750                 1920                  500       0.117542274157 
                  186                  181                  100                  0.0 
                 1731                  663                  250                  0.0 
                  152                  124                  100                  0.0 
                  557                  263                  200                  0.0 
                  306                  277                  250                  0.0 
                 2518                  247                  150                  0.0 
                 2784                  405                  400     0.00292808142015 
                 2383                 2378                  400      0.0276591572434 
                 1644                 1037                  100                  0.0 
                  625                  450                  400       0.510572203826 
                  412                  290                  100                  0.0 
                  284                  208                  150                  0.0 
                  933                  305                  300                  0.0 
                 5100                  355                  350    0.000195459724108 
                 2797                 1874                  250                  0.0 
                 4454                 1453                  150                  0.0 
                  397                  346                  300                  0.0 
                 2167                 2162                  150                  0.0 
                  636                  255                  250                  0.0 
                 1095                  419                  300                  0.0 
                 3249                  405                  400    0.000450023577321 
                 4432                 2653                  200                  0.0 
                 2812                  616                  450      0.0494569755658 
                  710                  534                  400       0.536561940331 
                 2859                 1186                  200                  0.0 
                 1796                 1248                  200                  0.0 
                  483                  272                  150                  0.0 
                 1711                 1706                  500       0.326916465941 
                 2073                 1607                  450       0.180062398702 
                 1779                 1414                  450       0.291230560832 
                  576                  450                  350       0.509848164494 
                 2518                  993                  150                  0.0 
                 3369                 1206                  150                  0.0 
                 1588                 1075                  150                  0.0 
                 2001                 1262                  500         0.3712486552 
                 2421                  608                  300                  0.0 
                  741                  670                  500       0.537811041543 
                  636                  401                  250                  0.0 
                 3249                 1146                  400        0.14780510915 
                 3208                 1730                  500       0.155359753799 
                 1731                 1726                  250                  0.0 
                 3841                 3836                  200                  0.0 
                 1243                  255                  250                  0.0 
                  835                  505                  500       0.548955705193 
                 1404                  909                  100                  0.0 
                 1467                 1121                  500       0.521419307894 
                  341                  232                  200                  0.0 
                 2518                  155                  150                  0.0 
                  577                  215                  150                  0.0 
                 4475                 2392                  100                  0.0 
                 3226                  513                  350     0.00750205091865 
                 3369                  722                  150                  0.0 
                  666                  661                  500         0.4985523457 
                 2972                  183                  100                  0.0 
                 3880                 3875                  150                  0.0 
                 1099                  205                  200                  0.0 
                 1095                 1090                  300                  0.0 
                 2351                  486                  350      0.0420717076487 
                 1529                  833                  450       0.488478308248 
                 5100                 3341                  400    0.000101647894074 
                 2917                 2912                  150                  0.0 
                  348                  296                  250                  0.0 
                 3264                 1394                  250                  0.0 
                 2518                 1580                  150                  0.0 
                 3841                  205                  200                  0.0 
                  598                  162                  100                  0.0 
                 5100                  553                  350    0.000208193613359 
                 4454                 2543                  150                  0.0 
                  589                  496                  300                  0.0 
                 1529                  455                  450       0.316919223003 
                  818                  235                  150                  0.0 
                 4475                  105                  100                  0.0 
                 3319                 3314                  200                  0.0 
                  341                  297                  200                  0.0 
                 2456                 1072                  200                  0.0 
                 3767                 3762                  350     0.00275641402302 
                 5100                 1878                  250                  0.0 
                 1446                 1015                  350       0.298219366337 
                 4406                  455                  450    0.000243245498196 
                 1195                  794                  100                  0.0 
                 3319                  824                  200                  0.0 
                 4432                  342                  200                  0.0 
                 4475                  685                  100                  0.0 
                  458                  428                  400        0.40869167697 
                 5100                 3268                  350    0.000147135501989 
                 1316                 1006                  450       0.511782915477 
                 1012                  325                  100                  0.0 
                 5100                 1523                  450       0.103900185386 
                 5100                 5095                  250                  0.0 
                  674                  455                  450       0.515825179153 
                 1731                  912                  250                  0.0 
                  929                  634                  200                  0.0 
                 2167                  373                  150                  0.0 
                 3271                  632                  450      0.0219894317147 
                  862                  732                  450       0.555466641402 
                  636                  631                  250                  0.0 
                  339                  140                  100                  0.0 
                 2812                  834                  450       0.170651909958 
                 1468                  611                  250                  0.0 
                 5100                 1345                  350      0.0798823395656 
                  767                  520                  350       0.530100028912 
                 1147                  421                  150                  0.0 
                 3249                  573                  400      0.0138816160978 
                  684                  679                  300                  0.0 
                 2037                 1553                  400       0.128139919319 
                 2226                  105                  100                  0.0 
                  940                  759                  400       0.540705163046 
                 3249                 1621                  400       0.100889699211 
                 1012                  105                  100                  0.0 
                 4377                 1037                  500       0.092984029752 
                 1468                 1093                  250                  0.0 
                 1316                 1311                  450       0.446572565431 
                 2742                 2065                  500       0.081284213537 
                  674                  669                  450       0.517979669598 
                 2797                  255                  250                  0.0 
                  284                  155                  150                  0.0 
                  404                  196                  150                  0.0 
                 3783                  405                  400    0.000465101700598 
                  497                  227                  100                  0.0 
                 1741                  405                  400       0.132724494416 
                 1099                  828                  200                  0.0 
                 4377                  505                  500    0.000355578182926 
                  284                  279                  150                  0.0 
                 2071                  420                  300                  0.0 
                 3916                  192                  100                  0.0 
                  814                  481                  400       0.542385716677 
                 2351                  913                  350       0.189813843951 
                 5100                  505                  500    0.000103781439413 
                  557                  473                  400       0.466368635097 
                  463                  255                  250                  0.0 
                 2518                 2513                  150                  0.0 
                  970                  387                  150                  0.0 
                 1858                  234                  150                  0.0 
                 1529                 1091                  200                  0.0 
                  557                  431                  200                  0.0 
                  415                  407                  400       0.388331852241 
                 1137                  901                  450       0.545525863468 
                 2071                 2066                  300                  0.0 
                 3813                 1078                  300                  0.0 
                 1230                  899                  350       0.390812482354 
                  741                  505                  500       0.541019234734 
                 1796                  606                  200                  0.0 
                  716                  376                  100                  0.0 
                 3750                 3745                  500     0.00595643599148 
                 1298                 1293                  200                  0.0 
                 2972                  558                  100                  0.0 
                 4389                 4384                  350     0.00144217911293 
                 2576                  885                  100                  0.0 
                 2812                 2073                  450      0.0437977336939 
                 5100                 2982                  200                  0.0 
                 1092                 1087                  400       0.465452963638 
                 3799                  455                  450    0.000281693161101 
                 1917                  105                  100                  0.0 
                 1488                  405                  400        0.24486530225 
                 3813                  708                  300                  0.0 
                  710                  405                  400       0.520421584684 
                 3416                 3411                  100                  0.0 
                  341                  205                  200                  0.0 
                 3813                 1641                  300                  0.0 
                 1588                  228                  150                  0.0 
                 1404                  249                  100                  0.0 
                 2037                  530                  400       0.136411896622 
                 5100                 2191                  400      0.0403478937049 
                 1298                  700                  200                  0.0 
                 5100                  405                  400     0.00022195734252 
                  716                  199                  100                  0.0 
                  294                  289                  200                  0.0 
                 1099                  358                  200                  0.0 
                 4454                  155                  150                  0.0 
                  741                  610                  500       0.525296821088 
                 3416                  598                  100                  0.0 
                  662                  483                  350       0.513409742692 
                  255                  226                  200                  0.0 
                  400                  242                  200                  0.0 
                 2421                  431                  300                  0.0 
                 3416                  105                  100                  0.0 
                 2226                  290                  100                  0.0 
                 2226                  483                  100                  0.0 
                 1316                  772                  450       0.546315836578 
                 2103                 2098                  200                  0.0 
                  894                  707                  350       0.505482819542 
                  797                  792                  300                  0.0 
                 1769                  409                  300                  0.0 
                  408                  403                  350        0.40940746838 
                  970                  965                  150                  0.0 
                  933                  403                  300                  0.0 
                  607                  602                  500       0.462843478882 
                 3916                  641                  100                  0.0 
                 4407                  659                  250                  0.0 
                 1508                  305                  300                  0.0 
                 3767                 1713                  350      0.0573393134022 
                 1099                  626                  200                  0.0 
                 1779                 1127                  450        0.38476451132 
                  557                  205                  200                  0.0 
                  552                  455                  450       0.443909597928 
                 3798                 2419                  250                  0.0 
                  716                  144                  100                  0.0 
                  716                  517                  100                  0.0 
                  767                  430                  350       0.523967482003 
                 2001                  798                  500       0.382812115885 
                  688                  471                  150                  0.0 
                 2742                  669                  500      0.0845932412132 
                  894                  447                  350       0.504834520799 
                  471                  380                  200                  0.0 
                 3750                 2682                  500      0.0126669844317 
                  636                  320                  250                  0.0 
                  666                  505                  500       0.497116701551 
                 1702                  461                  350       0.166704601248 
                 3369                  259                  150                  0.0 
                  306                  255                  250                  0.0 
                  412                  147                  100                  0.0 
                  950                  945                  500        0.56143898485 
                 1702                 1697                  350       0.102960956286 
                 1644                  105                  100                  0.0 
                 3798                  400                  250                  0.0 
                 4389                  821                  350      0.0486156288826 
                  929                  924                  200                  0.0 
                  716                  711                  100                  0.0 
                  399                  353                  250                  0.0 
                 4377                 4372                  500     0.00434595909815 
                 3783                  853                  400      0.0816774674735 
                  661                  274                  200                  0.0 
                 3798                 1542                  250                  0.0 
                  502                  449                  400       0.441413866164 
                 3208                  505                  500     0.00371932040446 
                 1508                 1503                  300                  0.0 
                  152                  147                  100                  0.0 
                 2415                 2410                  450      0.0458156937947 
                 5100                  780                  300                  0.0 
                 1273                  717                  400       0.494913442961 
                 3841                 1445                  200                  0.0 
                 2518                  624                  150                  0.0 
                 2812                 1130                  450       0.213288306584 
                 1529                  781                  200                  0.0 
                 2456                 2451                  200                  0.0 
                 5100                 1993                  300                  0.0 
                 2518                  392                  150                  0.0 
                 1769                  547                  300                  0.0 
                 4406                 3015                  450     0.00102568457338 
                  970                  711                  150                  0.0 
                 1588                 1583                  150                  0.0 
                 1099                  474                  200                  0.0 
                  507                  460                  350        0.47853314312 
                  987                  810                  450       0.558306900636 
                 2103                  302                  200                  0.0 
                 5100                 5095                  300                  0.0 
                  512                  393                  300                  0.0 
                 3416                  335                  100                  0.0 
                  598                  593                  100                  0.0 
                 3841                  887                  200                  0.0 
                  797                  624                  300                  0.0 
                 3916                  351                  100                  0.0 
                 3285                 2208                  300                  0.0 
                 2073                  455                  450      0.0912806404872 
                 1092                  405                  400       0.459564800764 
                 3750                  985                  500       0.117363557096 
                  400                  285                  200                  0.0 
                  339                  187                  100                  0.0 
                 1262                  505                  500       0.514986989988 
                 1095                  305                  300                  0.0 
                 1731                  351                  250                  0.0 
                 2972                  105                  100                  0.0 
                  165                  157                  150                  0.0 
                 2342                  505                  500      0.0696164710847 
                 3208                  935                  500       0.163366709415 
                  888                  883                  250                  0.0 
                  507                  502                  350       0.487971076563 
                 5100                  598                  200                  0.0 
                 1091                  741                  500       0.585375622556 
                 2036                 1437                  250                  0.0 
                  933                  703                  300                  0.0 
                  483                  155                  150                  0.0 
                 2383                  544                  400        0.06842981946 
                 2823                 2818                  300                  0.0 
                 3226                  355                  350    0.000540655570758 
                 2071                  577                  300                  0.0 
                  589                  584                  300                  0.0 
                 5100                  889                  150                  0.0 
                 2036                 1017                  250                  0.0 
                 2456                  469                  200                  0.0 
                  598                  385                  100                  0.0 
                 2812                  455                  450     0.00777141175955 
                 1137                 1132                  450       0.511781135934 
                  758                  585                  450       0.537219996234 
                  625                  501                  400       0.513491672103 
                 2342                 2337                  500      0.0931330037554 
                 3799                  923                  450      0.0988944888088 
                  560                  505                  500       0.438606429348 
                 1644                  166                  100                  0.0 
                 3208                  687                  500      0.0381439438316 
                 2001                 1996                  500       0.192022965217 
                 5100                  692                  250                  0.0 
                  577                  155                  150                  0.0 
                 1467                 1462                  500       0.445896715866 
                 2226                  175                  100                  0.0 
                  341                  336                  200                  0.0 
                 1711                  928                  500       0.489109603698 
                 4407                 2738                  250                  0.0 
                  463                  396                  250                  0.0 
                 2797                  566                  250                  0.0 
                 2742                 1176                  500       0.251304608012 
                  598                  105                  100                  0.0 
                  502                  405                  400        0.44969957522 
                  203                  155                  150                  0.0 
                 1588                  155                  150                  0.0 
                  970                  285                  150                  0.0 
                  853                  105                  100                  0.0 
                 2421                 1711                  300                  0.0 
                 3880                  155                  150                  0.0 
                 3750                  705                  500      0.0142016436441 
                 2742                 1558                  500       0.207172566387 
                 1468                  817                  250                  0.0 
                 3880                  453                  150                  0.0 
                 2421                 1212                  300                  0.0 
                 1230                  355                  350       0.284391713134 
                 1858                  536                  150                  0.0 
                  404                  249                  150                  0.0 
                 2071                 1092                  300                  0.0 
                 1091                 1086                  500        0.56602256266 
                 4416                  743                  300                  0.0 
                 3226                 2230                  350     0.00512904371994 
                 2823                 1945                  300                  0.0 
                 1273                  405                  400       0.362563381506 
                  265                  257                  250                  0.0 
                 4389                  540                  350     0.00055066975608 
                 2757                 1956                  350      0.0151091406342 
                 2797                 1257                  250                  0.0 
                  929                  205                  200                  0.0 
                  853                  298                  100                  0.0 
                  987                  668                  450       0.568851495609 
                 3880                  265                  150                  0.0 
                 4397                 1984                  400      0.0566976934757 
                  814                  572                  400       0.550612529875 
                  508                  478                  450        0.42617568277 
                 1702                 1007                  350       0.260402504206 
                  625                  557                  400       0.517123133314 
                 2757                  499                  350      0.0168894622919 
                 2415                 1383                  450       0.221032204772 
                 3416                  188                  100                  0.0 
                 1243                  332                  250                  0.0 
                 1779                 1774                  450       0.216880943482 
                 1858                 1853                  150                  0.0 
                 4416                  476                  300                  0.0 
                 1050                  516                  250                  0.0 
                 1508                  677                  300                  0.0 
                  408                  355                  350        0.40848002135 
                 3880                 2266                  150                  0.0 
                  814                  680                  400       0.542356581498 
                  950                  808                  500       0.566920845704 
                  397                  392                  300                  0.0 
                  279                  170                  100                  0.0 
                  607                  505                  500       0.461771210654 
                 4397                  896                  400      0.0604210276381 
                 2784                  770                  400       0.141661019013 
                  894                  355                  350       0.457510524435 
                 2383                  405                  400      0.0152104248426 
                  512                  305                  300                  0.0 
                  818                  355                  150                  0.0 
                 2917                  155                  150                  0.0 
                 3783                 1795                  400      0.0753808672297 
                 5100                  618                  400    0.000168741053079 
                 3271                 2352                  450      0.0182551443482 
                 2001                  631                  350         0.2027019899 
                  818                  155                  150                  0.0 
                  399                  284                  250                  0.0 
                 1702                  355                  350      0.0842026680305 
                 2351                 1713                  350      0.0398425385688 
                 5100                 1140                  250                  0.0 
                 4389                  355                  350    0.000220533162039 
                  400                  205                  200                  0.0 
                 2390                  537                  250                  0.0 
                  507                  422                  350       0.470941039592 
                 1352                  457                  150                  0.0 
                 5100                 3136                  100                  0.0 
                  606                  523                  450       0.477349369079 
                  888                  348                  250                  0.0 
                 3813                 3808                  300                  0.0 
                 5100                  497                  150                  0.0 
                 1243                  432                  250                  0.0 
                  463                  458                  250                  0.0 
                 4397                 4392                  400     0.00206744780537 
                 5100                 1436                  400      0.0909309254353 
                  306                  301                  250                  0.0 
                  284                  180                  150                  0.0 
                  933                  532                  300                  0.0 
                  661                  367                  200                  0.0 
                 2576                 1509                  100                  0.0 
                 3783                 3778                  400      0.0036452594151 
                 1446                  355                  350       0.167757653543 
                 4407                 1703                  250                  0.0 
                 1529                  616                  450       0.445214098325 
                  541                  307                  250                  0.0 
                  674                  608                  450       0.508605906564 
                 1147                  155                  150                  0.0 
                 2001                  355                  350      0.0301009157268 
                 2859                  318                  200                  0.0 
                  203                  198                  150                  0.0 
                 4454                  830                  150                  0.0 
                 4432                 1590                  200                  0.0 
                  240                  155                  150                  0.0 
                 5100                 5095                  150                  0.0 
                  463                  342                  250                  0.0 
                 3916                 1171                  100                  0.0 
                  662                  414                  350       0.519799151226 
                 4407                  255                  250                  0.0 
                 1529                 1524                  450       0.334332131351 
                 1091                  505                  500       0.556514394249 
                 2421                  305                  300                  0.0 
                  404                  155                  150                  0.0 
                 3319                  205                  200                  0.0 
                  400                  335                  200                  0.0 
                 1731                 1255                  250                  0.0 
                 3226                  740                  350      0.0828179475358 
                 3750                  505                  500    0.000379994141803 
                 1467                  505                  500       0.438222597556 
                 1446                 1441                  350        0.18789884204 
                 2797                 2792                  250                  0.0 
                 1529                 1524                  200                  0.0 
                 1529                  400                  200                  0.0 
                 2972                 1700                  100                  0.0 
                 3841                  544                  200                  0.0 
                  950                  691                  500        0.57059101653 
                  497                  105                  100                  0.0 
                  471                  205                  200                  0.0 
                 2351                 1250                  350        0.14441925768 
                  818                  813                  150                  0.0 
                 3416                 1910                  100                  0.0 
                 3285                 3280                  300                  0.0 
                 5100                 2097                  350      0.0304202823023 
                 3369                 3364                  150                  0.0 
                  835                  733                  500       0.550570405888 
                  987                  455                  450       0.538162104647 
                 2390                  780                  250                  0.0 
                  862                  624                  450        0.56147759667 
                 2757                 2752                  350     0.00753401367057 
                  894                  562                  350       0.523519176314 
                  279                  133                  100                  0.0 
                  589                  305                  300                  0.0 
                 3369                 2014                  150                  0.0 
                 1285                 1280                  300                  0.0 
                 2859                  493                  200                  0.0 
                 1779                  898                  450       0.411812418429 
                 3271                 1219                  450       0.175673653034 
                 5100                  277                  150                  0.0 
                 1588                  495                  150                  0.0 
                 4416                 4411                  300                  0.0 
                 1468                  457                  250                  0.0 
                 1467                  659                  500       0.519380597575 
                  412                  105                  100                  0.0 
                 3783                 1237                  400       0.123333842067 
                 5100                 5095                  350    0.000882235268919 
                 3208                 2354                  500      0.0355371878238 
                 1468                  255                  250                  0.0 
                 1147                 1142                  150                  0.0 
                 1137                  571                  450       0.556016923786 
                 3813                 2500                  300                  0.0 
                 4416                 1810                  300                  0.0 
                  862                  857                  450       0.547681800436 
                 2390                  370                  250                  0.0 
                 3264                 2131                  250                  0.0 
                 1298                  205                  200                  0.0 
                 2917                  253                  150                  0.0 
                  255                  205                  200                  0.0 
                 3264                  596                  250                  0.0 
                  888                  475                  250                  0.0 
                 4432                  953                  200                  0.0 
                 5100                 5095                  100                  0.0 
                 1917                  727                  100                  0.0 
                  784                  779                  200                  0.0 
                 2859                 2854                  200                  0.0 
                 3264                 3259                  250                  0.0 
                 1195                  157                  100                  0.0 
                 1468                  341                  250                  0.0 
                  598                  250                  100                  0.0 
                 2073                  754                  450       0.298118671017 
                 1488                 1483                  400       0.264890775175 
                 4407                  410                  250                  0.0 
                 2226                 1336                  100                  0.0 
                  508                  455                  450       0.418940837493 
                 1352                  155                  150                  0.0 
                  399                  317                  250                  0.0 
                  483                  361                  150                  0.0 
                  448                  368                  300                  0.0 
                  255                  250                  200                  0.0 
                  497                  154                  100                  0.0 
                 2103                  656                  200                  0.0 
                 1508                  519                  300                  0.0 
                 5100                  942                  400      0.0466799940763 
                 1711                  685                  500       0.448271098426 
                  404                  399                  150                  0.0 
                 5100                  255                  250                  0.0 
                  888                  255                  250                  0.0 
                 5100                  420                  250                  0.0 
                 1195                  236                  100                  0.0 
                 5100                  350                  200                  0.0 
                 4454                  475                  150                  0.0 
                 1508                  398                  300                  0.0 
                  674                  552                  450       0.502153472181 
                  589                  422                  300                  0.0 
                 1529                  286                  200                  0.0 
                 2823                  442                  300                  0.0 
                 2037                  693                  400       0.251782208852 
                 2071                 1502                  300                  0.0 
                 4432                  571                  200                  0.0 
                 1529                  205                  200                  0.0 
                  987                  982                  450        0.54762186685 
                 1262                  797                  500       0.575302482166 
                 1352                  939                  150                  0.0 
                  412                  407                  100                  0.0 
                 4406                 2066                  450      0.0715468562192 
                  710                  705                  400       0.536808085075 
                  279                  105                  100                  0.0 
                 1529                 1127                  450       0.440734011714 
                 2757                  355                  350     0.00129561759821 
                 5100                  488                  300                  0.0 
                 1702                  776                  350        0.29754541647 
                  577                  572                  150                  0.0 
                 1917                 1179                  100                  0.0 
                 1779                  571                  450       0.296280558816 
                  835                  647                  500       0.559907064626 
                 5100                 1930                  100                  0.0 
                  348                  343                  250                  0.0 
                 3799                  648                  450     0.00712923546234 
                  950                  505                  500       0.566372628144 
                  240                  191                  150                  0.0 
                  814                  809                  400       0.536141752028 
                 1711                  505                  500       0.304574124183 
                 1769                 1764                  300                  0.0 
                  560                  529                  500       0.434061962091 
                 5100                  681                  450    0.000300821323087 
                 5100                 2277                  450      0.0556296729939 
                  636                  503                  250                  0.0 
                 4397                  405                  400    0.000140466197302 
                 3880                 1325                  150                  0.0 
                 1273                 1268                  400       0.378062974621 
                 1644                  415                  100                  0.0 
                  684                  556                  300                  0.0 
                 2917                 1095                  150                  0.0 
                 2576                  179                  100                  0.0 
                 2784                 1462                  400       0.139338610349 
                 4475                  367                  100                  0.0 
                 2917                 1786                  150                  0.0 
                 2037                 2032                  400      0.0713780720211 
                 3799                 2664                  450     0.00608778951223 
                 5100                 1247                  300                  0.0 
                 1012                  474                  100                  0.0 
                 1467                  859                  500       0.552096472652 
                  228                  185                  100                  0.0 
                 2103                  205                  200                  0.0 
                 1147                  216                  150                  0.0 
                  186                  105                  100                  0.0 
                 1230                 1225                  350       0.305039291462 
                 2456                 1621                  200                  0.0 
                 5100                 5095                  400     0.00154831434392 
                 4389                 2884                  350    0.000203556829515 
                 2073                 1248                  450       0.296974151973 
                 2972                  320                  100                  0.0 
                 1488                 1072                  400       0.376918304975 
                  186                  138                  100                  0.0 
                  404                  315                  150                  0.0 
                 2342                 1086                  500       0.322263170997 
                 2037                  907                  400       0.286815640059 
                  356                  327                  300                  0.0 
                  471                  466                  200                  0.0 
                 2383                  981                  400       0.225897258122 
                 1917                 1912                  100                  0.0 
                 1508                 1152                  300                  0.0 
                 2415                  601                  450       0.105842706752 
                  684                  373                  300                  0.0 
                  483                  478                  150                  0.0 
                  940                  405                  400       0.510992255123 
                  448                  404                  300                  0.0 
                 3799                 1871                  450      0.0972681849219 
                 1858                 1225                  150                  0.0 
                 1243                 1238                  250                  0.0 
                  688                  325                  150                  0.0 
                 3319                 2084                  200                  0.0 
                 1092                  664                  400       0.534112089828 
                 1488                  560                  400       0.381884779485 
                 2456                  310                  200                  0.0 
                 1769                  983                  300                  0.0 
                  625                  620                  400       0.519669631604 
                  399                  394                  250                  0.0 
                 1012                  153                  100                  0.0 
                 2073                  970                  450       0.335434836455 
                 2103                  445                  200                  0.0 
                 2757                  703                  350       0.115062093234 
                 2742                  887                  500       0.215960279562 
                 1298                  279                  200                  0.0 
                 3271                  878                  450       0.131603922614 
                 1262                 1257                  500        0.52050759372 
                 5100                 1591                  150                  0.0 
                 2342                 1402                  500       0.282198022755 
                 2972                  974                  100                  0.0 
