#                prod                 mint                mhscp              mrec000 
                  970                  965                  150      0.0210759993619 
                 1147                  216                  150      0.0272444506049 
                 2972                  105                  100    4.20477445121e-08 
                  598                  593                  100      0.0223195609214 
                 4475                  105                  100                  0.0 
                 1404                  383                  100      0.0335179200467 
                 2167                 2162                  150     0.00165851197485 
                  404                  399                  150       0.196954770152 
                 1147                  155                  150     0.00547959094183 
                 1644                  166                  100    0.000729010857866 
                 4475                  685                  100      0.0137789821129 
                  716                  711                  100      0.0132021079236 
                  688                  471                  150        0.12861567227 
                 3880                  775                  150       0.034015321034 
                 1404                 1399                  100     0.00117657858291 
                 1588                  228                  150     0.00694016888468 
                 3416                 1069                  100     0.00366101486661 
                 1195                  794                  100     0.00434103089195 
                 4475                  196                  100    1.68420710604e-05 
                  284                  279                  150       0.234427548613 
                  497                  492                  100      0.0373237582362 
                 2226                  483                  100      0.0237030893987 
                 3880                 1325                  150     0.00833079982077 
                  404                  249                  150       0.219706125298 
                  577                  572                  150       0.104131730585 
                 4475                 4470                  100    8.24805732012e-05 
                 2972                  183                  100     3.7333363302e-06 
                 1352                  655                  150      0.0580885850281 
                  818                  235                  150      0.0992075479178 
                  853                  599                  100      0.0164080008678 
                 5100                  205                  200                  0.0 
                 4454                 4449                  150    0.000153909520964 
                 5100                  105                  100                  0.0 
                  716                  376                  100      0.0587191903933 
                  240                  191                  150       0.205141793645 
                 2226                 2221                  100    0.000365305720306 
                 1195                  236                  100      0.0284634125131 
                 2226                 1336                  100    7.37497884398e-05 
                 3880                  265                  150    6.90005246949e-05 
                  483                  205                  150       0.192347325689 
                 2917                  412                  150      0.0164008296012 
                 1195                  157                  100     0.00518915457465 
                  577                  215                  150       0.163324201831 
                 3369                  722                  150      0.0377006376568 
                 1644                  105                  100    4.55813340772e-05 
                 1404                  249                  100      0.0210613466524 
                 1195                  530                  100       0.026256782682 
                 1012                  153                  100      0.0090972925848 
                 3916                 1171                  100     0.00273206774054 
                 2917                  672                  150      0.0418409826181 
                 2226                  105                  100    2.33422049056e-05 
                 3416                  105                  100    3.33337848082e-09 
                  716                  273                  100      0.0677120157457 
                 1917                  276                  100      0.0130876396476 
                 2972                 1700                  100    6.14681615629e-06 
                 2576                 2571                  100    0.000289614445575 
                  279                  105                  100       0.112948989444 
                 1917                  170                  100    0.000470090688087 
                  339                  250                  100       0.117004014325 
                  412                  105                  100      0.0629945194629 
                 1644                  262                  100      0.0169516700519 
                  203                  198                  150       0.207237175187 
                 5100                  731                  100      0.0121091201462 
                 1012                 1007                  100     0.00331845034898 
                 1012                  691                  100     0.00900400331476 
                 2518                  247                  150    0.000262073967247 
                 1404                  909                  100     0.00160257956791 
                  228                  185                  100       0.120931989259 
                  412                  290                  100       0.100138810329 
                 5100                 5095                  150    0.000349461732594 
                 1858                  155                  150    8.30199606948e-05 
                 5100                 1930                  100    2.53944007673e-05 
                 2167                  240                  150     0.00103619354952 
                 3916                  351                  100     0.00302291529716 
                 2917                 1095                  150      0.0158209494047 
                 5100                  277                  150    2.28648785289e-06 
                 2226                  290                  100      0.0099776219988 
                  412                  207                  100       0.107278826169 
                 4475                 2392                  100    3.00423205031e-07 
                 2167                  579                  150      0.0529717785515 
                 5100                  255                  250                  0.0 
                  115                  107                  100      0.0909534798159 
                 1588                 1583                  150     0.00374446050049 
                 3416                 1910                  100    3.52662351278e-07 
                  279                  216                  100       0.122107112675 
                  688                  325                  150       0.163704527533 
                 3416                  188                  100    7.89657440588e-06 
                 3916                  641                  100       0.015169155476 
                  853                  423                  100      0.0464556194169 
                  152                  124                  100      0.0935141525533 
                 5100                 1591                  150      0.0027981462969 
                  284                  155                  150       0.223440764365 
                 2226                  175                  100    3.62317560431e-05 
                 1352                  939                  150      0.0144922788562 
                  279                  170                  100       0.121527905743 
                  716                  105                  100     0.00971709856087 
                 1195                  353                  100      0.0396863599545 
                  970                  155                  150      0.0141603817494 
                  338                  275                  150       0.232278906604 
                  497                  105                  100      0.0370199381074 
                 1147                 1142                  150      0.0104273144687 
                 1012                  223                  100      0.0355997389171 
                 2167                  898                  150      0.0271826712513 
                 1858                  354                  150      0.0358766045964 
                  483                  361                  150        0.19453247287 
                 4454                  271                  150    2.23318082511e-07 
                 2167                 1393                  150    0.000759951315292 
                  228                  127                  100       0.119167486406 
                 1858                  536                  150      0.0619743847041 
                 3369                  155                  150    1.17464483128e-07 
                 2917                 1786                  150    9.97144586496e-05 
                 1644                 1639                  100    0.000665757830886 
                  240                  155                  150       0.213755719959 
                 2917                 2912                  150    0.000519608360907 
                  284                  180                  150       0.213540892576 
                 3880                  453                  150     0.00921492945049 
                  853                  211                  100      0.0460090757166 
                 4475                 1280                  100     0.00125193939098 
                 1917                 1179                  100    0.000193668183172 
                 2167                  155                  150    4.08135975371e-06 
                 5100                 1188                  100     0.00378640571204 
                 3916                 3911                  100    0.000118458474162 
                 1352                  222                  150      0.0142902222709 
                  284                  241                  150       0.221078915448 
                  497                  334                  100        0.08036255292 
                 3841                  205                  200                  0.0 
                 1917                  727                  100      0.0121643600349 
                 5100                  889                  150      0.0274040175619 
                 5100                  155                  150                  0.0 
                 3880                  155                  150                  0.0 
                  203                  155                  150       0.196222619602 
                  577                  155                  150      0.0923580968067 
                  338                  333                  150       0.225786846965 
                 3369                 3364                  150    0.000715081678623 
                 1404                  162                  100     0.00206520734187 
                  970                  711                  150      0.0465581462763 
                 3416                  598                  100      0.0168621388986 
                  688                  155                  150      0.0582550245769 
                 2576                  305                  100     0.00761848569473 
                 2917                  155                  150    3.44260108337e-06 
                  818                  355                  150       0.137805160722 
                 2518                  624                  150      0.0469056192652 
                 2518                 2513                  150     0.00108994721371 
                 3880                 2266                  150    1.08468928548e-05 
                 4454                 1453                  150     0.00533743095368 
                  483                  272                  150       0.201576766718 
                  412                  147                  100      0.0974021115262 
                 1352                  155                  150     0.00161322687603 
                 4454                  155                  150    2.75419768171e-09 
                 1858                 1225                  150     0.00236393372485 
                 3916                  192                  100     1.0945178861e-05 
                 1917                  448                  100      0.0253773654202 
                  483                  478                  150       0.149734854725 
                  577                  298                  150        0.18257215599 
                 1195                 1190                  100      0.0015465641223 
                 4454                 2543                  150    2.56166851367e-05 
                  186                  105                  100       0.116917814018 
                  970                  525                  150       0.096585295985 
                 5100                  171                  100    2.83611455407e-09 
                  853                  105                  100     0.00412041416499 
                  279                  274                  100       0.121266265211 
                  186                  138                  100       0.107440617886 
                 1644                 1037                  100    0.000716901795094 
                  818                  155                  150      0.0314990546473 
                  279                  133                  100       0.119098162372 
                  228                  223                  100       0.133737616967 
                 1588                  495                  150      0.0699747301798 
                  339                  105                  100       0.091733212053 
                  688                  225                  150       0.133218055155 
                  240                  235                  150       0.228067454808 
                  970                  210                  150      0.0472891992388 
                  228                  105                  100        0.12783466987 
                 1404                  590                  100      0.0208425706111 
                  152                  147                  100         0.1071147418 
                 1147                  421                  150      0.0979299143302 
                 2917                  253                  150    0.000129889378899 
                 2576                  520                  100      0.0202658786308 
                 3416                  335                  100     0.00419119224189 
                 5100                 5095                  100     6.7170007613e-05 
                 1404                  105                  100    6.92020639696e-05 
                 5100                  497                  150     0.00342546497786 
                 5100                 2847                  150     9.2013324371e-05 
                  404                  196                  150       0.213347868889 
                  339                  140                  100        0.11329791685 
                 1352                  457                  150       0.079817648702 
                 5100                  450                  100     0.00512377226191 
                 2518                  155                  150    2.58872719601e-05 
                  853                  298                  100      0.0558512277954 
                  152                  105                  100      0.0995150241786 
                  853                  149                  100      0.0185563691611 
                 1012                  474                  100      0.0355367816486 
                 1858                  234                  150      0.0029832333166 
                  339                  187                  100       0.117524295162 
                 1917                  105                  100     7.6669451484e-07 
                 2576                  105                  100    1.33570784846e-05 
                  338                  155                  150       0.207882741817 
                  818                  813                  150      0.0386417218544 
                 2576                 1509                  100    5.25993923875e-05 
                  716                  144                  100       0.031294205784 
                  598                  162                  100      0.0629220307269 
                 1147                  302                  150      0.0768604498499 
                  412                  407                  100      0.0632793739968 
                 1147                  587                  150       0.076123536935 
                 5100                  277                  100    3.25130979691e-05 
                  339                  334                  100       0.090122815117 
                  853                  848                  100     0.00631832748695 
                 2972                 2967                  100    0.000170036182749 
                 2518                  392                  150      0.0207477063095 
                 1195                  105                  100    0.000289952541497 
                 1012                  105                  100     0.00136781797172 
                  404                  155                  150        0.18219272395 
                 1917                 1912                  100    0.000692395188763 
                 1588                 1075                  150     0.00674605153175 
                  228                  153                  100       0.116340872887 
                 3916                  105                  100                  0.0 
                 2167                  373                  150      0.0271820382511 
                  165                  157                  150       0.193666835953 
                 3369                  432                  150      0.0127215132213 
                  497                  227                  100      0.0939511381222 
                 2226                  803                  100     0.00964801405304 
                  203                  175                  150       0.191316509249 
                 4454                  830                  150      0.0314846002572 
                 3880                 3875                  150    0.000506788849148 
                 1858                  810                  150      0.0346129143275 
                  970                  387                  150       0.117753668409 
                 1858                 1853                  150     0.00173302076623 
                 4454                  475                  150     0.00596597828949 
                  338                  188                  150        0.22025136237 
                 1588                  336                  150      0.0462763645962 
                 3916                 2140                  100    2.51506851837e-07 
                  598                  250                  100      0.0806871559706 
                  716                  199                  100      0.0604828878817 
                  598                  105                  100      0.0208625967604 
                 1012                  325                  100      0.0469821855311 
                 4475                  367                  100     0.00178460724696 
                 2972                  320                  100     0.00562228606785 
                  186                  181                  100       0.124052857664 
                  284                  208                  150       0.215382973217 
                 2972                  974                  100     0.00524319854281 
                 1644                  415                  100      0.0302904370867 
                 2518                 1580                  150    0.000274393348638 
                 1644                  656                  100      0.0156548360753 
                  577                  413                  150       0.164208820144 
                 2972                  558                  100      0.0179446007917 
                 1147                  819                  150       0.025684752052 
                  483                  155                  150       0.141922958662 
                  818                  537                  150       0.100466678569 
                 5100                 3136                  100    2.51496403601e-05 
                 1588                  155                  150    0.000366736020564 
                 2576                  179                  100    2.90030526133e-05 
                  338                  227                  150       0.222715468904 
                 3369                 2014                  150    4.79995805281e-05 
                 2518                  993                  150      0.0199442451667 
                 1352                  319                  150      0.0601986913894 
                 3369                  259                  150    7.03963203778e-05 
                 1588                  730                  150      0.0455103642568 
                  970                  285                  150      0.0970475399563 
                 1352                 1347                  150     0.00601040026928 
                 2576                  885                  100     0.00693765733536 
                  598                  385                  100      0.0617232370405 
                 3369                 1206                  150      0.0118069206911 
                  688                  683                  150      0.0670924864527 
                  716                  517                  100      0.0290149256359 
                  497                  154                  100       0.079097866658 
                 3416                 3411                  100    0.000160932117317 
                  404                  315                  150       0.215442603806 
