#            mhscp              width               c000
     4.5000000e+01      0.0000000e+00      1.2828787e-08
     4.5000000e+01      1.0000000e-22      1.2828782e-08
     4.5000000e+01      1.0000000e-20      1.2828244e-08
     4.5000000e+01      1.0000000e-19      1.2823354e-08
     4.5000000e+01      5.0000000e-19      1.2801642e-08
     4.5000000e+01      1.0000000e-18      1.2774555e-08
     4.5000000e+01      1.8000000e-18      1.2731337e-08
     4.5000000e+01      3.2000000e-18      1.2656060e-08
     4.5000000e+01      5.6000000e-18      1.2528060e-08
     4.5000000e+01      1.0000000e-17      1.2296785e-08
     4.5000000e+01      1.5000000e-17      1.2039211e-08
     4.5000000e+01      2.2000000e-17      1.1687748e-08
     4.5000000e+01      3.2000000e-17      1.1203584e-08
     4.5000000e+01      4.6000000e-17      1.0559634e-08
     4.5000000e+01      6.8000000e-17      9.6224706e-09
     4.5000000e+01      1.0000000e-16      8.4073037e-09
     4.5000000e+01      1.5000000e-16      6.8113708e-09
     4.5000000e+01      2.2000000e-16      5.0772123e-09
     4.5000000e+01      3.2000000e-16      3.3426790e-09
     4.5000000e+01      4.6000000e-16      1.8683206e-09
     4.5000000e+01      6.8000000e-16      7.5488773e-10
     4.5000000e+01      1.0000000e-15      2.0535936e-10
     4.5000000e+01      1.5000000e-15      2.7798173e-11
     4.5000000e+01      2.2000000e-15      1.7863958e-12
     4.5000000e+01      3.2000000e-15      3.7988759e-14
     4.5000000e+01      5.6000000e-15      4.1905638e-18
     4.5000000e+01      1.0000000e-14      2.5181785e-25
     4.5000000e+01      1.8000000e-14      1.8886450e-38
     4.5000000e+01      3.7000000e-14      1.2721362e-69
     4.5000000e+01      1.0000000e-13      5.5720509e-173
     4.5000000e+01      1.0000000e-12      0.0000000e+00
     4.5000000e+01      1.0000000e+06      0.0000000e+00
     5.0000000e+01      0.0000000e+00      8.8590105e-07
     5.0000000e+01      1.0000000e-22      8.8589856e-07
     5.0000000e+01      1.0000000e-20      8.8565191e-07
     5.0000000e+01      1.0000000e-19      8.8341310e-07
     5.0000000e+01      5.0000000e-19      8.7353711e-07
     5.0000000e+01      1.0000000e-18      8.6136089e-07
     5.0000000e+01      1.8000000e-18      8.4226217e-07
     5.0000000e+01      3.2000000e-18      8.0994319e-07
     5.0000000e+01      5.6000000e-18      7.5765620e-07
     5.0000000e+01      1.0000000e-17      6.7119683e-07
     5.0000000e+01      1.5000000e-17      5.8602774e-07
     5.0000000e+01      2.2000000e-17      4.8654436e-07
     5.0000000e+01      3.2000000e-17      3.7636686e-07
     5.0000000e+01      4.6000000e-17      2.6822888e-07
     5.0000000e+01      6.8000000e-17      1.6696126e-07
     5.0000000e+01      1.0000000e-16      9.6695013e-08
     5.0000000e+01      1.5000000e-16      5.5503605e-08
     5.0000000e+01      2.2000000e-16      3.4788265e-08
     5.0000000e+01      3.2000000e-16      2.0714974e-08
     5.0000000e+01      4.6000000e-16      1.0394397e-08
     5.0000000e+01      6.8000000e-16      3.5802794e-09
     5.0000000e+01      1.0000000e-15      7.8325719e-10
     5.0000000e+01      1.5000000e-15      7.7540027e-11
     5.0000000e+01      2.2000000e-15      3.3512372e-12
     5.0000000e+01      3.2000000e-15      4.2715017e-14
     5.0000000e+01      5.6000000e-15      1.6143396e-18
     5.0000000e+01      1.0000000e-14      1.8282961e-26
     5.0000000e+01      1.8000000e-14      8.7856666e-41
     5.0000000e+01      3.7000000e-14      1.0612498e-74
     5.0000000e+01      1.0000000e-13      5.5102747e-187
     5.0000000e+01      1.0000000e-12      0.0000000e+00
     5.0000000e+01      1.0000000e+06      0.0000000e+00
     5.5000000e+01      0.0000000e+00      1.2442197e-04
     5.5000000e+01      1.0000000e-22      1.2442156e-04
     5.5000000e+01      1.0000000e-20      1.2438158e-04
     5.5000000e+01      1.0000000e-19      1.2401864e-04
     5.5000000e+01      5.0000000e-19      1.2241839e-04
     5.5000000e+01      1.0000000e-18      1.2044717e-04
     5.5000000e+01      1.8000000e-18      1.1735919e-04
     5.5000000e+01      3.2000000e-18      1.1214503e-04
     5.5000000e+01      5.6000000e-18      1.0374115e-04
     5.5000000e+01      1.0000000e-17      8.9939796e-05
     5.5000000e+01      1.5000000e-17      7.6477325e-05
     5.5000000e+01      2.2000000e-17      6.0955496e-05
     5.5000000e+01      3.2000000e-17      4.4098494e-05
     5.5000000e+01      4.6000000e-17      2.8051975e-05
     5.5000000e+01      6.8000000e-17      1.3816349e-05
     5.5000000e+01      1.0000000e-16      4.9781880e-06
     5.5000000e+01      1.5000000e-16      1.0606965e-06
     5.5000000e+01      2.2000000e-16      1.6383467e-07
     5.5000000e+01      3.2000000e-16      3.8781346e-08
     5.5000000e+01      4.6000000e-16      1.6045194e-08
     5.5000000e+01      6.8000000e-16      4.9453828e-09
     5.5000000e+01      1.0000000e-15      9.3046244e-10
     5.5000000e+01      1.5000000e-15      7.2950375e-11
     5.5000000e+01      2.2000000e-15      2.2711086e-12
     5.5000000e+01      3.2000000e-15      1.8120597e-14
     5.5000000e+01      5.6000000e-15      2.3384303e-19
     5.5000000e+01      1.0000000e-14      4.3180709e-28
     5.5000000e+01      1.8000000e-14      9.0939972e-44
     5.5000000e+01      3.7000000e-14      7.7262691e-81
     5.5000000e+01      1.0000000e-13      1.6210213e-203
     5.5000000e+01      1.0000000e-12      0.0000000e+00
     5.5000000e+01      1.0000000e+06      0.0000000e+00
     6.0000000e+01      0.0000000e+00      4.1536393e-04
     6.0000000e+01      1.0000000e-22      4.1536254e-04
     6.0000000e+01      1.0000000e-20      4.1522547e-04
     6.0000000e+01      1.0000000e-19      4.1398148e-04
     6.0000000e+01      5.0000000e-19      4.0849775e-04
     6.0000000e+01      1.0000000e-18      4.0174556e-04
     6.0000000e+01      1.8000000e-18      3.9117438e-04
     6.0000000e+01      3.2000000e-18      3.7334246e-04
     6.0000000e+01      5.6000000e-18      3.4465156e-04
     6.0000000e+01      1.0000000e-17      2.9767701e-04
     6.0000000e+01      1.5000000e-17      2.5204805e-04
     6.0000000e+01      2.2000000e-17      1.9971451e-04
     6.0000000e+01      3.2000000e-17      1.4328991e-04
     6.0000000e+01      4.6000000e-17      9.0107936e-05
     6.0000000e+01      6.8000000e-17      4.3583343e-05
     6.0000000e+01      1.0000000e-16      1.5263266e-05
     6.0000000e+01      1.5000000e-16      3.0498316e-06
     6.0000000e+01      2.2000000e-16      3.7479463e-07
     6.0000000e+01      3.2000000e-16      4.9632872e-08
     6.0000000e+01      4.6000000e-16      1.6003426e-08
     6.0000000e+01      6.8000000e-16      4.4225726e-09
     6.0000000e+01      1.0000000e-15      7.2352926e-10
     6.0000000e+01      1.5000000e-15      4.5851007e-11
     6.0000000e+01      2.2000000e-15      1.0631111e-12
     6.0000000e+01      3.2000000e-15      5.5651035e-15
     6.0000000e+01      5.6000000e-15      2.6321028e-20
     6.0000000e+01      1.0000000e-14      8.1172021e-30
     6.0000000e+01      1.8000000e-14      6.8117982e-47
     6.0000000e+01      3.7000000e-14      3.1180831e-87
     6.0000000e+01      1.0000000e-13      1.2016647e-220
     6.0000000e+01      1.0000000e-12      0.0000000e+00
     6.0000000e+01      1.0000000e+06      0.0000000e+00
     6.5000000e+01      0.0000000e+00      1.0236343e-03
     6.5000000e+01      1.0000000e-22      1.0236309e-03
     6.5000000e+01      1.0000000e-20      1.0232898e-03
     6.5000000e+01      1.0000000e-19      1.0201941e-03
     6.5000000e+01      5.0000000e-19      1.0065492e-03
     6.5000000e+01      1.0000000e-18      9.8975160e-04
     6.5000000e+01      1.8000000e-18      9.6346127e-04
     6.5000000e+01      3.2000000e-18      9.1913581e-04
     6.5000000e+01      5.6000000e-18      8.4787835e-04
     6.5000000e+01      1.0000000e-17      7.3138260e-04
     6.5000000e+01      1.5000000e-17      6.1844608e-04
     6.5000000e+01      2.2000000e-17      4.8921809e-04
     6.5000000e+01      3.2000000e-17      3.5030818e-04
     6.5000000e+01      4.6000000e-17      2.1986247e-04
     6.5000000e+01      6.8000000e-17      1.0622207e-04
     6.5000000e+01      1.0000000e-16      3.7287450e-05
     6.5000000e+01      1.5000000e-16      7.5234941e-06
     6.5000000e+01      2.2000000e-16      9.0741770e-07
     6.5000000e+01      3.2000000e-16      8.2823131e-08
     6.5000000e+01      4.6000000e-16      1.6365226e-08
     6.5000000e+01      6.8000000e-16      3.7996862e-09
     6.5000000e+01      1.0000000e-15      5.3398743e-10
     6.5000000e+01      1.5000000e-15      2.7054074e-11
     6.5000000e+01      2.2000000e-15      4.6090144e-13
     6.5000000e+01      3.2000000e-15      1.5347677e-15
     6.5000000e+01      5.6000000e-15      2.2263075e-21
     6.5000000e+01      1.0000000e-14      6.5609938e-32
     6.5000000e+01      1.8000000e-14      7.9477482e-51
     6.5000000e+01      3.7000000e-14      2.0763999e-95
     6.5000000e+01      1.0000000e-13      8.9832931e-243
     6.5000000e+01      1.0000000e-12      0.0000000e+00
     6.5000000e+01      1.0000000e+06      0.0000000e+00
     7.5000000e+01      0.0000000e+00      1.3291895e-02
     7.5000000e+01      1.0000000e-22      1.3291849e-02
     7.5000000e+01      1.0000000e-20      1.3287265e-02
     7.5000000e+01      1.0000000e-19      1.3245667e-02
     7.5000000e+01      5.0000000e-19      1.3062387e-02
     7.5000000e+01      1.0000000e-18      1.2836920e-02
     7.5000000e+01      1.8000000e-18      1.2484398e-02
     7.5000000e+01      3.2000000e-18      1.1891064e-02
     7.5000000e+01      5.6000000e-18      1.0940001e-02
     7.5000000e+01      1.0000000e-17      9.3929888e-03
     7.5000000e+01      1.5000000e-17      7.9033755e-03
     7.5000000e+01      2.2000000e-17      6.2126612e-03
     7.5000000e+01      3.2000000e-17      4.4143562e-03
     7.5000000e+01      4.6000000e-17      2.7475678e-03
     7.5000000e+01      6.8000000e-17      1.3177490e-03
     7.5000000e+01      1.0000000e-16      4.6317856e-04
     7.5000000e+01      1.5000000e-16      9.5798896e-05
     7.5000000e+01      2.2000000e-16      1.1962868e-05
     7.5000000e+01      3.2000000e-16      8.0515782e-07
     7.5000000e+01      4.6000000e-16      3.6355528e-08
     7.5000000e+01      6.8000000e-16      2.2987718e-09
     7.5000000e+01      1.0000000e-15      2.0075459e-10
     7.5000000e+01      1.5000000e-15      5.9172159e-12
     7.5000000e+01      2.2000000e-15      5.1469756e-14
     7.5000000e+01      3.2000000e-15      7.2955099e-17
     7.5000000e+01      5.6000000e-15      1.7205788e-23
     7.5000000e+01      1.0000000e-14      2.4461897e-35
     7.5000000e+01      1.8000000e-14      1.2912033e-56
     7.5000000e+01      3.7000000e-14      5.4664968e-107
     7.5000000e+01      1.0000000e-13      5.6756211e-274
     7.5000000e+01      1.0000000e-12      0.0000000e+00
     7.5000000e+01      1.0000000e+06      0.0000000e+00
     8.0000000e+01      0.0000000e+00      3.6253107e-02
     8.0000000e+01      1.0000000e-22      3.6252976e-02
     8.0000000e+01      1.0000000e-20      3.6240008e-02
     8.0000000e+01      1.0000000e-19      3.6122332e-02
     8.0000000e+01      5.0000000e-19      3.5604058e-02
     8.0000000e+01      1.0000000e-18      3.4966938e-02
     8.0000000e+01      1.8000000e-18      3.3971800e-02
     8.0000000e+01      3.2000000e-18      3.2299735e-02
     8.0000000e+01      5.6000000e-18      2.9627359e-02
     8.0000000e+01      1.0000000e-17      2.5302545e-02
     8.0000000e+01      1.5000000e-17      2.1166945e-02
     8.0000000e+01      2.2000000e-17      1.6512508e-02
     8.0000000e+01      3.2000000e-17      1.1617370e-02
     8.0000000e+01      4.6000000e-17      7.1458027e-03
     8.0000000e+01      6.8000000e-17      3.3803277e-03
     8.0000000e+01      1.0000000e-16      1.1768522e-03
     8.0000000e+01      1.5000000e-16      2.4521763e-04
     8.0000000e+01      2.2000000e-16      3.1864102e-05
     8.0000000e+01      3.2000000e-16      2.2490143e-06
     8.0000000e+01      4.6000000e-16      8.7124806e-08
     8.0000000e+01      6.8000000e-16      2.9554628e-09
     8.0000000e+01      1.0000000e-15      2.1664351e-10
     8.0000000e+01      1.5000000e-15      5.7894431e-12
     8.0000000e+01      2.2000000e-15      4.2890281e-14
     8.0000000e+01      3.2000000e-15      4.6042966e-17
     8.0000000e+01      5.6000000e-15      4.9815144e-24
     8.0000000e+01      1.0000000e-14      1.4498420e-36
     8.0000000e+01      1.8000000e-14      4.3184234e-59
     8.0000000e+01      3.7000000e-14      3.0536998e-112
     8.0000000e+01      1.0000000e-13      3.4133121e-288
     8.0000000e+01      1.0000000e-12      0.0000000e+00
     8.0000000e+01      1.0000000e+06      0.0000000e+00
     1.0000000e+02      0.0000000e+00      1.0165011e-01
     1.0000000e+02      1.0000000e-22      1.0164970e-01
     1.0000000e+02      1.0000000e-20      1.0160911e-01
     1.0000000e+02      1.0000000e-19      1.0124085e-01
     1.0000000e+02      5.0000000e-19      9.9620737e-02
     1.0000000e+02      1.0000000e-18      9.7633096e-02
     1.0000000e+02      1.8000000e-18      9.4537476e-02
     1.0000000e+02      3.2000000e-18      8.9361295e-02
     1.0000000e+02      5.6000000e-18      8.1156984e-02
     1.0000000e+02      1.0000000e-17      6.8072574e-02
     1.0000000e+02      1.5000000e-17      5.5810048e-02
     1.0000000e+02      2.2000000e-17      4.2349566e-02
     1.0000000e+02      3.2000000e-17      2.8669787e-02
     1.0000000e+02      4.6000000e-17      1.6740178e-02
     1.0000000e+02      6.8000000e-17      7.3230188e-03
     1.0000000e+02      1.0000000e-16      2.2871395e-03
     1.0000000e+02      1.5000000e-16      4.0378824e-04
     1.0000000e+02      2.2000000e-16      4.1307533e-05
     1.0000000e+02      3.2000000e-16      2.0417966e-06
     1.0000000e+02      4.6000000e-16      5.1710857e-08
     1.0000000e+02      6.8000000e-16      1.3531883e-09
     1.0000000e+02      1.0000000e-15      5.9340513e-11
     1.0000000e+02      1.5000000e-15      6.8996005e-13
     1.0000000e+02      2.2000000e-15      1.6754105e-15
     1.0000000e+02      3.2000000e-15      3.8084385e-19
     1.0000000e+02      5.6000000e-15      1.0834852e-27
     1.0000000e+02      1.0000000e-14      4.4079741e-43
     1.0000000e+02      1.8000000e-14      7.9248302e-71
     1.0000000e+02      3.7000000e-14      1.6163612e-136
     1.0000000e+02      1.0000000e-13      0.0000000e+00
     1.0000000e+02      1.0000000e-12      0.0000000e+00
     1.0000000e+02      1.0000000e+06      0.0000000e+00
     1.2500000e+02      0.0000000e+00      1.4407229e-01
     1.2500000e+02      1.0000000e-22      1.4407166e-01
     1.2500000e+02      1.0000000e-20      1.4400894e-01
     1.2500000e+02      1.0000000e-19      1.4344014e-01
     1.2500000e+02      5.0000000e-19      1.4094044e-01
     1.2500000e+02      1.0000000e-18      1.3787982e-01
     1.2500000e+02      1.8000000e-18      1.3312680e-01
     1.2500000e+02      3.2000000e-18      1.2521741e-01
     1.2500000e+02      5.6000000e-18      1.1278274e-01
     1.2500000e+02      1.0000000e-17      9.3228990e-02
     1.2500000e+02      1.5000000e-17      7.5246035e-02
     1.2500000e+02      2.2000000e-17      5.5945175e-02
     1.2500000e+02      3.2000000e-17      3.6894199e-02
     1.2500000e+02      4.6000000e-17      2.0875298e-02
     1.2500000e+02      6.8000000e-17      8.7825796e-03
     1.2500000e+02      1.0000000e-16      2.6369365e-03
     1.2500000e+02      1.5000000e-16      4.4935419e-04
     1.2500000e+02      2.2000000e-16      4.4984990e-05
     1.2500000e+02      3.2000000e-16      2.2060900e-06
     1.2500000e+02      4.6000000e-16      5.2999645e-08
     1.2500000e+02      6.8000000e-16      7.2455491e-10
     1.2500000e+02      1.0000000e-15      1.3155845e-11
     1.2500000e+02      1.5000000e-15      5.1934476e-14
     1.2500000e+02      2.2000000e-15      2.8476423e-17
     1.2500000e+02      3.2000000e-15      7.9075964e-22
     1.2500000e+02      5.6000000e-15      1.6240216e-32
     1.2500000e+02      1.0000000e-14      1.0686262e-51
     1.2500000e+02      1.8000000e-14      3.6276212e-86
     1.2500000e+02      3.7000000e-14      9.2799213e-168
     1.2500000e+02      1.0000000e-13      0.0000000e+00
     1.2500000e+02      1.0000000e-12      0.0000000e+00
     1.2500000e+02      1.0000000e+06      0.0000000e+00
     1.5000000e+02      0.0000000e+00      1.6805763e-01
     1.5000000e+02      1.0000000e-22      1.6805686e-01
     1.5000000e+02      1.0000000e-20      1.6798055e-01
     1.5000000e+02      1.0000000e-19      1.6728850e-01
     1.5000000e+02      5.0000000e-19      1.6424914e-01
     1.5000000e+02      1.0000000e-18      1.6053213e-01
     1.5000000e+02      1.8000000e-18      1.5476944e-01
     1.5000000e+02      3.2000000e-18      1.4520660e-01
     1.5000000e+02      5.6000000e-18      1.3024261e-01
     1.5000000e+02      1.0000000e-17      1.0689696e-01
     1.5000000e+02      1.5000000e-17      8.5646960e-02
     1.5000000e+02      2.2000000e-17      6.3106699e-02
     1.5000000e+02      3.2000000e-17      4.1177188e-02
     1.5000000e+02      4.6000000e-17      2.3040817e-02
     1.5000000e+02      6.8000000e-17      9.5901755e-03
     1.5000000e+02      1.0000000e-16      2.8628158e-03
     1.5000000e+02      1.5000000e-16      4.8948891e-04
     1.5000000e+02      2.2000000e-16      4.9661876e-05
     1.5000000e+02      3.2000000e-16      2.4627902e-06
     1.5000000e+02      4.6000000e-16      5.5534203e-08
     1.5000000e+02      6.8000000e-16      4.5839977e-10
     1.5000000e+02      1.0000000e-15      3.4896008e-12
     1.5000000e+02      1.5000000e-15      4.3013796e-15
     1.5000000e+02      2.2000000e-15      4.7331082e-19
     1.5000000e+02      3.2000000e-15      1.4025849e-24
     1.5000000e+02      5.6000000e-15      1.5685921e-37
     1.5000000e+02      1.0000000e-14      6.6627435e-61
     1.5000000e+02      1.8000000e-14      4.6393722e-103
     1.5000000e+02      3.7000000e-14      7.4854184e-203
     1.5000000e+02      1.0000000e-13      0.0000000e+00
     1.5000000e+02      1.0000000e-12      0.0000000e+00
     1.5000000e+02      1.0000000e+06      0.0000000e+00
     1.7500000e+02      0.0000000e+00      1.8431505e-01
     1.7500000e+02      1.0000000e-22      1.8431417e-01
     1.7500000e+02      1.0000000e-20      1.8422793e-01
     1.7500000e+02      1.0000000e-19      1.8344592e-01
     1.7500000e+02      5.0000000e-19      1.8001292e-01
     1.7500000e+02      1.0000000e-18      1.7581789e-01
     1.7500000e+02      1.8000000e-18      1.6932152e-01
     1.7500000e+02      3.2000000e-18      1.5856174e-01
     1.7500000e+02      5.6000000e-18      1.4177877e-01
     1.7500000e+02      1.0000000e-17      1.1573844e-01
     1.7500000e+02      1.5000000e-17      9.2206641e-02
     1.7500000e+02      2.2000000e-17      6.7455878e-02
     1.7500000e+02      3.2000000e-17      4.3631376e-02
     1.7500000e+02      4.6000000e-17      2.4179425e-02
     1.7500000e+02      6.8000000e-17      9.9657226e-03
     1.7500000e+02      1.0000000e-16      2.9618693e-03
     1.7500000e+02      1.5000000e-16      5.1245435e-04
     1.7500000e+02      2.2000000e-16      5.4296630e-05
     1.7500000e+02      3.2000000e-16      2.9406128e-06
     1.7500000e+02      4.6000000e-16      7.2918614e-08
     1.7500000e+02      6.8000000e-16      4.3028754e-10
     1.7500000e+02      1.0000000e-15      8.6802582e-13
     1.7500000e+02      1.5000000e-15      2.4827633e-16
     1.7500000e+02      2.2000000e-15      5.8982209e-21
     1.7500000e+02      3.2000000e-15      2.1851427e-27
     1.7500000e+02      5.6000000e-15      1.7239104e-42
     1.7500000e+02      1.0000000e-14      8.6803745e-70
     1.7500000e+02      1.8000000e-14      4.5431549e-119
     1.7500000e+02      3.7000000e-14      1.1534933e-235
     1.7500000e+02      1.0000000e-13      0.0000000e+00
     1.7500000e+02      1.0000000e-12      0.0000000e+00
     1.7500000e+02      1.0000000e+06      0.0000000e+00
     2.0000000e+02      0.0000000e+00      2.1027239e-01
     2.0000000e+02      1.0000000e-22      2.1027139e-01
     2.0000000e+02      1.0000000e-20      2.1017225e-01
     2.0000000e+02      1.0000000e-19      2.0927333e-01
     2.0000000e+02      5.0000000e-19      2.0532764e-01
     2.0000000e+02      1.0000000e-18      2.0050718e-01
     2.0000000e+02      1.8000000e-18      1.9304468e-01
     2.0000000e+02      3.2000000e-18      1.8069122e-01
     2.0000000e+02      5.6000000e-18      1.6143921e-01
     2.0000000e+02      1.0000000e-17      1.3161070e-01
     2.0000000e+02      1.5000000e-17      1.0470427e-01
     2.0000000e+02      2.2000000e-17      7.6459827e-02
     2.0000000e+02      3.2000000e-17      4.9335327e-02
     2.0000000e+02      4.6000000e-17      2.7247182e-02
     2.0000000e+02      6.8000000e-17      1.1159338e-02
     2.0000000e+02      1.0000000e-16      3.2734107e-03
     2.0000000e+02      1.5000000e-16      5.4836609e-04
     2.0000000e+02      2.2000000e-16      5.4320658e-05
     2.0000000e+02      3.2000000e-16      2.6051297e-06
     2.0000000e+02      4.6000000e-16      5.4654643e-08
     2.0000000e+02      6.8000000e-16      2.6779745e-10
     2.0000000e+02      1.0000000e-15      3.5621476e-13
     2.0000000e+02      1.5000000e-15      2.9661370e-17
     2.0000000e+02      2.2000000e-15      1.1737563e-22
     2.0000000e+02      3.2000000e-15      5.4968352e-30
     2.0000000e+02      5.6000000e-15      5.9714884e-47
     2.0000000e+02      1.0000000e-14      1.3729928e-77
     2.0000000e+02      1.8000000e-14      5.8203395e-133
     2.0000000e+02      3.7000000e-14      3.4587940e-264
     2.0000000e+02      1.0000000e-13      0.0000000e+00
     2.0000000e+02      1.0000000e-12      0.0000000e+00
     2.0000000e+02      1.0000000e+06      0.0000000e+00
     2.2500000e+02      0.0000000e+00      2.3138935e-01
     2.2500000e+02      1.0000000e-22      2.3138824e-01
     2.2500000e+02      1.0000000e-20      2.3127842e-01
     2.2500000e+02      1.0000000e-19      2.3028261e-01
     2.2500000e+02      5.0000000e-19      2.2591209e-01
     2.2500000e+02      1.0000000e-18      2.2057372e-01
     2.2500000e+02      1.8000000e-18      2.1231183e-01
     2.2500000e+02      3.2000000e-18      1.9864164e-01
     2.2500000e+02      5.6000000e-18      1.7735472e-01
     2.2500000e+02      1.0000000e-17      1.4441798e-01
     2.2500000e+02      1.5000000e-17      1.1475973e-01
     2.2500000e+02      2.2000000e-17      8.3688078e-02
     2.2500000e+02      3.2000000e-17      5.3919488e-02
     2.2500000e+02      4.6000000e-17      2.9742497e-02
     2.2500000e+02      6.8000000e-17      1.2179407e-02
     2.2500000e+02      1.0000000e-16      3.5841026e-03
     2.2500000e+02      1.5000000e-16      6.0777329e-04
     2.2500000e+02      2.2000000e-16      6.1943145e-05
     2.2500000e+02      3.2000000e-16      3.1237697e-06
     2.2500000e+02      4.6000000e-16      6.8517225e-08
     2.2500000e+02      6.8000000e-16      3.0257106e-10
     2.2500000e+02      1.0000000e-15      2.7145819e-13
     2.2500000e+02      1.5000000e-15      1.2484773e-17
     2.2500000e+02      2.2000000e-15      1.7291882e-23
     2.2500000e+02      3.2000000e-15      9.6985507e-32
     2.2500000e+02      5.6000000e-15      3.1844504e-51
     2.2500000e+02      1.0000000e-14      3.1928367e-86
     2.2500000e+02      1.8000000e-14      4.3250954e-149
     2.2500000e+02      3.7000000e-14      1.0553994e-297
     2.2500000e+02      1.0000000e-13      0.0000000e+00
     2.2500000e+02      1.0000000e-12      0.0000000e+00
     2.2500000e+02      1.0000000e+06      0.0000000e+00
     2.5000000e+02      0.0000000e+00      2.5112736e-01
     2.5000000e+02      1.0000000e-22      2.5112614e-01
     2.5000000e+02      1.0000000e-20      2.5100579e-01
     2.5000000e+02      1.0000000e-19      2.4991452e-01
     2.5000000e+02      5.0000000e-19      2.4512560e-01
     2.5000000e+02      1.0000000e-18      2.3927734e-01
     2.5000000e+02      1.8000000e-18      2.3022899e-01
     2.5000000e+02      3.2000000e-18      2.1526488e-01
     2.5000000e+02      5.6000000e-18      1.9198277e-01
     2.5000000e+02      1.0000000e-17      1.5601253e-01
     2.5000000e+02      1.5000000e-17      1.2368955e-01
     2.5000000e+02      2.2000000e-17      8.9913202e-02
     2.5000000e+02      3.2000000e-17      5.7668425e-02
     2.5000000e+02      4.6000000e-17      3.1608616e-02
     2.5000000e+02      6.8000000e-17      1.2811238e-02
     2.5000000e+02      1.0000000e-16      3.7096899e-03
     2.5000000e+02      1.5000000e-16      6.1102136e-04
     2.5000000e+02      2.2000000e-16      5.9354081e-05
     2.5000000e+02      3.2000000e-16      2.7828647e-06
     2.5000000e+02      4.6000000e-16      5.6827583e-08
     2.5000000e+02      6.8000000e-16      2.6612806e-10
     2.5000000e+02      1.0000000e-15      3.2579609e-13
     2.5000000e+02      1.5000000e-15      2.1384599e-17
     2.5000000e+02      2.2000000e-15      4.1102536e-23
     2.5000000e+02      3.2000000e-15      3.3154806e-31
     2.5000000e+02      5.6000000e-15      1.7486088e-50
     2.5000000e+02      1.0000000e-14      1.3706288e-85
     2.5000000e+02      1.8000000e-14      4.2672554e-149
     2.5000000e+02      3.7000000e-14      2.0188635e-299
     2.5000000e+02      1.0000000e-13      0.0000000e+00
     2.5000000e+02      1.0000000e-12      0.0000000e+00
     2.5000000e+02      1.0000000e+06      0.0000000e+00
     2.7500000e+02      0.0000000e+00      2.6999469e-01
     2.7500000e+02      1.0000000e-22      2.6999338e-01
     2.7500000e+02      1.0000000e-20      2.6986389e-01
     2.7500000e+02      1.0000000e-19      2.6868972e-01
     2.7500000e+02      5.0000000e-19      2.6353729e-01
     2.7500000e+02      1.0000000e-18      2.5724579e-01
     2.7500000e+02      1.8000000e-18      2.4751310e-01
     2.7500000e+02      3.2000000e-18      2.3142108e-01
     2.7500000e+02      5.6000000e-18      2.0639357e-01
     2.7500000e+02      1.0000000e-17      1.6774881e-01
     2.7500000e+02      1.5000000e-17      1.3304349e-01
     2.7500000e+02      2.2000000e-17      9.6794008e-02
     2.7500000e+02      3.2000000e-17      6.2191961e-02
     2.7500000e+02      4.6000000e-17      3.4206299e-02
     2.7500000e+02      6.8000000e-17      1.3966398e-02
     2.7500000e+02      1.0000000e-16      4.1015914e-03
     2.7500000e+02      1.5000000e-16      6.9519907e-04
     2.7500000e+02      2.2000000e-16      7.1035661e-05
     2.7500000e+02      3.2000000e-16      3.6198806e-06
     2.7500000e+02      4.6000000e-16      8.2108391e-08
     2.7500000e+02      6.8000000e-16      4.2853911e-10
     2.7500000e+02      1.0000000e-15      1.0723834e-12
     2.7500000e+02      1.5000000e-15      9.0129196e-16
     2.7500000e+02      2.2000000e-15      7.8031895e-20
     2.7500000e+02      3.2000000e-15      1.3203304e-25
     2.7500000e+02      5.6000000e-15      2.2816861e-39
     2.7500000e+02      1.0000000e-14      2.3005748e-64
     2.7500000e+02      1.8000000e-14      1.6874260e-109
     2.7500000e+02      3.7000000e-14      2.6741075e-216
     2.7500000e+02      1.0000000e-13      0.0000000e+00
     2.7500000e+02      1.0000000e-12      0.0000000e+00
     2.7500000e+02      1.0000000e+06      0.0000000e+00
     3.0000000e+02      0.0000000e+00      2.9075009e-01
     3.0000000e+02      1.0000000e-22      2.9074868e-01
     3.0000000e+02      1.0000000e-20      2.9060895e-01
     3.0000000e+02      1.0000000e-19      2.8934205e-01
     3.0000000e+02      5.0000000e-19      2.8378263e-01
     3.0000000e+02      1.0000000e-18      2.7699404e-01
     3.0000000e+02      1.8000000e-18      2.6649214e-01
     3.0000000e+02      3.2000000e-18      2.4912780e-01
     3.0000000e+02      5.6000000e-18      2.2212071e-01
     3.0000000e+02      1.0000000e-17      1.8042002e-01
     3.0000000e+02      1.5000000e-17      1.4297601e-01
     3.0000000e+02      2.2000000e-17      1.0388139e-01
     3.0000000e+02      3.2000000e-17      6.6596351e-02
     3.0000000e+02      4.6000000e-17      3.6493937e-02
     3.0000000e+02      6.8000000e-17      1.4798511e-02
     3.0000000e+02      1.0000000e-16      4.2943902e-03
     3.0000000e+02      1.5000000e-16      7.1159211e-04
     3.0000000e+02      2.2000000e-16      6.9973424e-05
     3.0000000e+02      3.2000000e-16      3.3466985e-06
     3.0000000e+02      4.6000000e-16      6.9568847e-08
     3.0000000e+02      6.8000000e-16      3.3573044e-10
     3.0000000e+02      1.0000000e-15      7.6137031e-13
     3.0000000e+02      1.5000000e-15      4.7631233e-16
     3.0000000e+02      2.2000000e-15      3.9795740e-20
     3.0000000e+02      3.2000000e-15      1.1873335e-25
     3.0000000e+02      5.6000000e-15      1.2842638e-38
     3.0000000e+02      1.0000000e-14      2.4345520e-62
     3.0000000e+02      1.8000000e-14      1.8334515e-105
     3.0000000e+02      3.7000000e-14      7.6334725e-208
     3.0000000e+02      1.0000000e-13      0.0000000e+00
     3.0000000e+02      1.0000000e-12      0.0000000e+00
     3.0000000e+02      1.0000000e+06      0.0000000e+00
     3.2500000e+02      0.0000000e+00      3.0970709e-01
     3.2500000e+02      1.0000000e-22      3.0970557e-01
     3.2500000e+02      1.0000000e-20      3.0955525e-01
     3.2500000e+02      1.0000000e-19      3.0819229e-01
     3.2500000e+02      5.0000000e-19      3.0221219e-01
     3.2500000e+02      1.0000000e-18      2.9491170e-01
     3.2500000e+02      1.8000000e-18      2.8362187e-01
     3.2500000e+02      3.2000000e-18      2.6496573e-01
     3.2500000e+02      5.6000000e-18      2.3597845e-01
     3.2500000e+02      1.0000000e-17      1.9129734e-01
     3.2500000e+02      1.5000000e-17      1.5127018e-01
     3.2500000e+02      2.2000000e-17      1.0959447e-01
     3.2500000e+02      3.2000000e-17      6.9992557e-02
     3.2500000e+02      4.6000000e-17      3.8168845e-02
     3.2500000e+02      6.8000000e-17      1.5372134e-02
     3.2500000e+02      1.0000000e-16      4.4221967e-03
     3.2500000e+02      1.5000000e-16      7.2462428e-04
     3.2500000e+02      2.2000000e-16      7.0536754e-05
     3.2500000e+02      3.2000000e-16      3.3676096e-06
     3.2500000e+02      4.6000000e-16      7.1172395e-08
     3.2500000e+02      6.8000000e-16      3.5941303e-10
     3.2500000e+02      1.0000000e-15      9.3357431e-13
     3.2500000e+02      1.5000000e-15      7.3730973e-16
     3.2500000e+02      2.2000000e-15      6.8257766e-20
     3.2500000e+02      3.2000000e-15      1.3936965e-25
     3.2500000e+02      5.6000000e-15      3.5381312e-39
     3.2500000e+02      1.0000000e-14      5.2269072e-64
     3.2500000e+02      1.8000000e-14      5.0517172e-109
     3.2500000e+02      3.7000000e-14      1.1090155e-215
     3.2500000e+02      1.0000000e-13      0.0000000e+00
     3.2500000e+02      1.0000000e-12      0.0000000e+00
     3.2500000e+02      1.0000000e+06      0.0000000e+00
     3.5000000e+02      0.0000000e+00      3.2384562e-01
     3.5000000e+02      1.0000000e-22      3.2384403e-01
     3.5000000e+02      1.0000000e-20      3.2368657e-01
     3.5000000e+02      1.0000000e-19      3.2225889e-01
     3.5000000e+02      5.0000000e-19      3.1599492e-01
     3.5000000e+02      1.0000000e-18      3.0834815e-01
     3.5000000e+02      1.8000000e-18      2.9652344e-01
     3.5000000e+02      3.2000000e-18      2.7698511e-01
     3.5000000e+02      5.6000000e-18      2.4663162e-01
     3.5000000e+02      1.0000000e-17      1.9985693e-01
     3.5000000e+02      1.5000000e-17      1.5796971e-01
     3.5000000e+02      2.2000000e-17      1.1437796e-01
     3.5000000e+02      3.2000000e-17      7.2983716e-02
     3.5000000e+02      4.6000000e-17      3.9752944e-02
     3.5000000e+02      6.8000000e-17      1.5983730e-02
     3.5000000e+02      1.0000000e-16      4.5901848e-03
     3.5000000e+02      1.5000000e-16      7.5118758e-04
     3.5000000e+02      2.2000000e-16      7.3047823e-05
     3.5000000e+02      3.2000000e-16      3.4723242e-06
     3.5000000e+02      4.6000000e-16      7.2429813e-08
     3.5000000e+02      6.8000000e-16      3.4620927e-10
     3.5000000e+02      1.0000000e-15      6.2605482e-13
     3.5000000e+02      1.5000000e-15      2.4811661e-16
     3.5000000e+02      2.2000000e-15      1.1246662e-20
     3.5000000e+02      3.2000000e-15      8.5552635e-27
     3.5000000e+02      5.6000000e-15      2.0855737e-41
     3.5000000e+02      1.0000000e-14      4.7824577e-68
     3.5000000e+02      1.8000000e-14      2.9183405e-116
     3.5000000e+02      3.7000000e-14      1.7742142e-230
     3.5000000e+02      1.0000000e-13      0.0000000e+00
     3.5000000e+02      1.0000000e-12      0.0000000e+00
     3.5000000e+02      1.0000000e+06      0.0000000e+00
     3.7500000e+02      0.0000000e+00      3.4071462e-01
     3.7500000e+02      1.0000000e-22      3.4071295e-01
     3.7500000e+02      1.0000000e-20      3.4054685e-01
     3.7500000e+02      1.0000000e-19      3.3904083e-01
     3.7500000e+02      5.0000000e-19      3.3243340e-01
     3.7500000e+02      1.0000000e-18      3.2436784e-01
     3.7500000e+02      1.8000000e-18      3.1189658e-01
     3.7500000e+02      3.2000000e-18      2.9129293e-01
     3.7500000e+02      5.6000000e-18      2.5929235e-01
     3.7500000e+02      1.0000000e-17      2.1000088e-01
     3.7500000e+02      1.5000000e-17      1.6588606e-01
     3.7500000e+02      2.2000000e-17      1.2000938e-01
     3.7500000e+02      3.2000000e-17      7.6487913e-02
     3.7500000e+02      4.6000000e-17      4.1594663e-02
     3.7500000e+02      6.8000000e-17      1.6681003e-02
     3.7500000e+02      1.0000000e-16      4.7706247e-03
     3.7500000e+02      1.5000000e-16      7.7482292e-04
     3.7500000e+02      2.2000000e-16      7.4438898e-05
     3.7500000e+02      3.2000000e-16      3.4747532e-06
     3.7500000e+02      4.6000000e-16      7.0490818e-08
     3.7500000e+02      6.8000000e-16      3.1215646e-10
     3.7500000e+02      1.0000000e-15      4.2169498e-13
     3.7500000e+02      1.5000000e-15      8.4802098e-17
     3.7500000e+02      2.2000000e-15      1.7800810e-21
     3.7500000e+02      3.2000000e-15      5.0558581e-28
     3.7500000e+02      5.6000000e-15      1.1883129e-43
     3.7500000e+02      1.0000000e-14      3.6812855e-72
     3.7500000e+02      1.8000000e-14      8.4741287e-124
     3.7500000e+02      3.7000000e-14      3.6143187e-246
     3.7500000e+02      1.0000000e-13      0.0000000e+00
     3.7500000e+02      1.0000000e-12      0.0000000e+00
     3.7500000e+02      1.0000000e+06      0.0000000e+00
     4.0000000e+02      0.0000000e+00      3.5563343e-01
     4.0000000e+02      1.0000000e-22      3.5563167e-01
     4.0000000e+02      1.0000000e-20      3.5545698e-01
     4.0000000e+02      1.0000000e-19      3.5387317e-01
     4.0000000e+02      5.0000000e-19      3.4692503e-01
     4.0000000e+02      1.0000000e-18      3.3844501e-01
     4.0000000e+02      1.8000000e-18      3.2533611e-01
     4.0000000e+02      3.2000000e-18      3.0368786e-01
     4.0000000e+02      5.6000000e-18      2.7008840e-01
     4.0000000e+02      1.0000000e-17      2.1839758e-01
     4.0000000e+02      1.5000000e-17      1.7221350e-01
     4.0000000e+02      2.2000000e-17      1.2428499e-01
     4.0000000e+02      3.2000000e-17      7.8946670e-02
     4.0000000e+02      4.6000000e-17      4.2737180e-02
     4.0000000e+02      6.8000000e-17      1.7023153e-02
     4.0000000e+02      1.0000000e-16      4.8236268e-03
     4.0000000e+02      1.5000000e-16      7.7312432e-04
     4.0000000e+02      2.2000000e-16      7.3047937e-05
     4.0000000e+02      3.2000000e-16      3.3376608e-06
     4.0000000e+02      4.6000000e-16      6.5967943e-08
     4.0000000e+02      6.8000000e-16      2.8056373e-10
     4.0000000e+02      1.0000000e-15      3.1485505e-13
     4.0000000e+02      1.5000000e-15      3.0372858e-17
     4.0000000e+02      2.2000000e-15      2.2303973e-22
     4.0000000e+02      3.2000000e-15      2.0204757e-29
     4.0000000e+02      5.6000000e-15      3.8044197e-46
     4.0000000e+02      1.0000000e-14      1.2352727e-76
     4.0000000e+02      1.8000000e-14      7.8490141e-132
     4.0000000e+02      3.7000000e-14      1.6715169e-262
     4.0000000e+02      1.0000000e-13      0.0000000e+00
     4.0000000e+02      1.0000000e-12      0.0000000e+00
     4.0000000e+02      1.0000000e+06      0.0000000e+00
     4.2500000e+02      0.0000000e+00      3.7175954e-01
     4.2500000e+02      1.0000000e-22      3.7175769e-01
     4.2500000e+02      1.0000000e-20      3.7157424e-01
     4.2500000e+02      1.0000000e-19      3.6991094e-01
     4.2500000e+02      5.0000000e-19      3.6261455e-01
     4.2500000e+02      1.0000000e-18      3.5371048e-01
     4.2500000e+02      1.8000000e-18      3.3994824e-01
     4.2500000e+02      3.2000000e-18      3.1722714e-01
     4.2500000e+02      5.6000000e-18      2.8197856e-01
     4.2500000e+02      1.0000000e-17      2.2779375e-01
     4.2500000e+02      1.5000000e-17      1.7943393e-01
     4.2500000e+02      2.2000000e-17      1.2931397e-01
     4.2500000e+02      3.2000000e-17      8.1986844e-02
     4.2500000e+02      4.6000000e-17      4.4276846e-02
     4.2500000e+02      6.8000000e-17      1.7578804e-02
     4.2500000e+02      1.0000000e-16      4.9613086e-03
     4.2500000e+02      1.5000000e-16      7.9094829e-04
     4.2500000e+02      2.2000000e-16      7.4159305e-05
     4.2500000e+02      3.2000000e-16      3.3449356e-06
     4.2500000e+02      4.6000000e-16      6.4725752e-08
     4.2500000e+02      6.8000000e-16      2.6123724e-10
     4.2500000e+02      1.0000000e-15      2.5057886e-13
     4.2500000e+02      1.5000000e-15      1.5975093e-17
     4.2500000e+02      2.2000000e-15      4.9880524e-23
     4.2500000e+02      3.2000000e-15      1.4235683e-30
     4.2500000e+02      5.6000000e-15      2.6605109e-48
     4.2500000e+02      1.0000000e-14      1.4048606e-80
     4.2500000e+02      1.8000000e-14      4.6709354e-139
     4.2500000e+02      3.7000000e-14      1.2231498e-277
     4.2500000e+02      1.0000000e-13      0.0000000e+00
     4.2500000e+02      1.0000000e-12      0.0000000e+00
     4.2500000e+02      1.0000000e+06      0.0000000e+00
     4.5000000e+02      0.0000000e+00      3.8324406e-01
     4.5000000e+02      1.0000000e-22      3.8324214e-01
     4.5000000e+02      1.0000000e-20      3.8305195e-01
     4.5000000e+02      1.0000000e-19      3.8132753e-01
     4.5000000e+02      5.0000000e-19      3.7376352e-01
     4.5000000e+02      1.0000000e-18      3.6453395e-01
     4.5000000e+02      1.8000000e-18      3.5027105e-01
     4.5000000e+02      3.2000000e-18      3.2673017e-01
     4.5000000e+02      5.6000000e-18      2.9022801e-01
     4.5000000e+02      1.0000000e-17      2.3416598e-01
     4.5000000e+02      1.5000000e-17      1.8419323e-01
     4.5000000e+02      2.2000000e-17      1.3248362e-01
     4.5000000e+02      3.2000000e-17      8.3764393e-02
     4.5000000e+02      4.6000000e-17      4.5066260e-02
     4.5000000e+02      6.8000000e-17      1.7791310e-02
     4.5000000e+02      1.0000000e-16      4.9837002e-03
     4.5000000e+02      1.5000000e-16      7.8669519e-04
     4.5000000e+02      2.2000000e-16      7.2994691e-05
     4.5000000e+02      3.2000000e-16      3.2546171e-06
     4.5000000e+02      4.6000000e-16      6.1647388e-08
     4.5000000e+02      6.8000000e-16      2.3111162e-10
     4.5000000e+02      1.0000000e-15      1.8655555e-13
     4.5000000e+02      1.5000000e-15      9.1301856e-18
     4.5000000e+02      2.2000000e-15      1.6426979e-23
     4.5000000e+02      3.2000000e-15      1.4927523e-31
     4.5000000e+02      5.6000000e-15      1.6410456e-50
     4.5000000e+02      1.0000000e-14      8.8119279e-85
     4.5000000e+02      1.8000000e-14      1.0378934e-146
     4.5000000e+02      3.7000000e-14      1.8472117e-293
     4.5000000e+02      1.0000000e-13      0.0000000e+00
     4.5000000e+02      1.0000000e-12      0.0000000e+00
     4.5000000e+02      1.0000000e+06      0.0000000e+00
     4.7500000e+02      0.0000000e+00      3.9537213e-01
     4.7500000e+02      1.0000000e-22      3.9537014e-01
     4.7500000e+02      1.0000000e-20      3.9517267e-01
     4.7500000e+02      1.0000000e-19      3.9338230e-01
     4.7500000e+02      5.0000000e-19      3.8552967e-01
     4.7500000e+02      1.0000000e-18      3.7594942e-01
     4.7500000e+02      1.8000000e-18      3.6114785e-01
     4.7500000e+02      3.2000000e-18      3.3672695e-01
     4.7500000e+02      5.6000000e-18      2.9888413e-01
     4.7500000e+02      1.0000000e-17      2.4082667e-01
     4.7500000e+02      1.5000000e-17      1.8915226e-01
     4.7500000e+02      2.2000000e-17      1.3577844e-01
     4.7500000e+02      3.2000000e-17      8.5612842e-02
     4.7500000e+02      4.6000000e-17      4.5892988e-02
     4.7500000e+02      6.8000000e-17      1.8019103e-02
     4.7500000e+02      1.0000000e-16      5.0088698e-03
     4.7500000e+02      1.5000000e-16      7.8118110e-04
     4.7500000e+02      2.2000000e-16      7.1231349e-05
     4.7500000e+02      3.2000000e-16      3.0980740e-06
     4.7500000e+02      4.6000000e-16      5.6785956e-08
     4.7500000e+02      6.8000000e-16      2.0221794e-10
     4.7500000e+02      1.0000000e-15      1.5032742e-13
     4.7500000e+02      1.5000000e-15      6.5721070e-18
     4.7500000e+02      2.2000000e-15      1.0261839e-23
     4.7500000e+02      3.2000000e-15      7.4419535e-32
     4.7500000e+02      5.6000000e-15      4.0251125e-51
     4.7500000e+02      1.0000000e-14      4.0465444e-86
     4.7500000e+02      1.8000000e-14      1.8034068e-149
     4.7500000e+02      3.7000000e-14      1.2461954e-299
     4.7500000e+02      1.0000000e-13      0.0000000e+00
     4.7500000e+02      1.0000000e-12      0.0000000e+00
     4.7500000e+02      1.0000000e+06      0.0000000e+00
     5.0000000e+02      0.0000000e+00      4.0440677e-01
     5.0000000e+02      1.0000000e-22      4.0440471e-01
     5.0000000e+02      1.0000000e-20      4.0420147e-01
     5.0000000e+02      1.0000000e-19      4.0235884e-01
     5.0000000e+02      5.0000000e-19      3.9427751e-01
     5.0000000e+02      1.0000000e-18      3.8441940e-01
     5.0000000e+02      1.8000000e-18      3.6919118e-01
     5.0000000e+02      3.2000000e-18      3.4407373e-01
     5.0000000e+02      5.6000000e-18      3.0517147e-01
     5.0000000e+02      1.0000000e-17      2.4554403e-01
     5.0000000e+02      1.5000000e-17      1.9254298e-01
     5.0000000e+02      2.2000000e-17      1.3789377e-01
     5.0000000e+02      3.2000000e-17      8.6658465e-02
     5.0000000e+02      4.6000000e-17      4.6238555e-02
     5.0000000e+02      6.8000000e-17      1.8025734e-02
     5.0000000e+02      1.0000000e-16      4.9617806e-03
     5.0000000e+02      1.5000000e-16      7.6327886e-04
     5.0000000e+02      2.2000000e-16      6.8484645e-05
     5.0000000e+02      3.2000000e-16      2.9242704e-06
     5.0000000e+02      4.6000000e-16      5.2525105e-08
     5.0000000e+02      6.8000000e-16      1.8385000e-10
     5.0000000e+02      1.0000000e-15      1.4122505e-13
     5.0000000e+02      1.5000000e-15      6.8470061e-18
     5.0000000e+02      2.2000000e-15      1.1884147e-23
     5.0000000e+02      3.2000000e-15      9.4516584e-32
     5.0000000e+02      5.6000000e-15      5.5463069e-51
     5.0000000e+02      1.0000000e-14      5.6187079e-86
     5.0000000e+02      1.8000000e-14      2.3503954e-149
     5.0000000e+02      3.7000000e-14      1.2759117e-299
     5.0000000e+02      1.0000000e-13      0.0000000e+00
     5.0000000e+02      1.0000000e-12      0.0000000e+00
     5.0000000e+02      1.0000000e+06      0.0000000e+00
     5.5000000e+02      0.0000000e+00      4.1872542e-01
     5.5000000e+02      1.0000000e-22      4.1872326e-01
     5.5000000e+02      1.0000000e-20      4.1850908e-01
     5.5000000e+02      1.0000000e-19      4.1656734e-01
     5.5000000e+02      5.0000000e-19      4.0805329e-01
     5.5000000e+02      1.0000000e-18      3.9767166e-01
     5.5000000e+02      1.8000000e-18      3.8164436e-01
     5.5000000e+02      3.2000000e-18      3.5523557e-01
     5.5000000e+02      5.6000000e-18      3.1440369e-01
     5.5000000e+02      1.0000000e-17      2.5200725e-01
     5.5000000e+02      1.5000000e-17      1.9677462e-01
     5.5000000e+02      2.2000000e-17      1.4011430e-01
     5.5000000e+02      3.2000000e-17      8.7360696e-02
     5.5000000e+02      4.6000000e-17      4.6127784e-02
     5.5000000e+02      6.8000000e-17      1.7710691e-02
     5.5000000e+02      1.0000000e-16      4.7785037e-03
     5.5000000e+02      1.5000000e-16      7.1512761e-04
     5.5000000e+02      2.2000000e-16      6.2036042e-05
     5.5000000e+02      3.2000000e-16      2.5372502e-06
     5.5000000e+02      4.6000000e-16      4.3246202e-08
     5.5000000e+02      6.8000000e-16      1.4263376e-10
     5.5000000e+02      1.0000000e-15      1.0132009e-13
     5.5000000e+02      1.5000000e-15      4.1966430e-18
     5.5000000e+02      2.2000000e-15      5.9033391e-24
     5.5000000e+02      3.2000000e-15      3.5873152e-32
     5.5000000e+02      5.6000000e-15      1.3369019e-51
     5.5000000e+02      1.0000000e-14      9.3557968e-87
     5.5000000e+02      1.8000000e-14      3.5861573e-150
     5.5000000e+02      3.7000000e-14      3.6025154e-300
     5.5000000e+02      1.0000000e-13      0.0000000e+00
     5.5000000e+02      1.0000000e-12      0.0000000e+00
     5.5000000e+02      1.0000000e+06      0.0000000e+00
     6.0000000e+02      0.0000000e+00      4.3161631e-01
     6.0000000e+02      1.0000000e-22      4.3161406e-01
     6.0000000e+02      1.0000000e-20      4.3139111e-01
     6.0000000e+02      1.0000000e-19      4.2936996e-01
     6.0000000e+02      5.0000000e-19      4.2050878e-01
     6.0000000e+02      1.0000000e-18      4.0970629e-01
     6.0000000e+02      1.8000000e-18      3.9303465e-01
     6.0000000e+02      3.2000000e-18      3.6557908e-01
     6.0000000e+02      5.6000000e-18      3.2316842e-01
     6.0000000e+02      1.0000000e-17      2.5846662e-01
     6.0000000e+02      1.5000000e-17      2.0132535e-01
     6.0000000e+02      2.2000000e-17      1.4287593e-01
     6.0000000e+02      3.2000000e-17      8.8673310e-02
     6.0000000e+02      4.6000000e-17      4.6537202e-02
     6.0000000e+02      6.8000000e-17      1.7713977e-02
     6.0000000e+02      1.0000000e-16      4.7284543e-03
     6.0000000e+02      1.5000000e-16      6.9852846e-04
     6.0000000e+02      2.2000000e-16      5.9865870e-05
     6.0000000e+02      3.2000000e-16      2.4256470e-06
     6.0000000e+02      4.6000000e-16      4.0805213e-08
     6.0000000e+02      6.8000000e-16      1.2349773e-10
     6.0000000e+02      1.0000000e-15      6.4552017e-14
     6.0000000e+02      1.5000000e-15      1.8560085e-18
     6.0000000e+02      2.2000000e-15      2.3111496e-24
     6.0000000e+02      3.2000000e-15      1.3715380e-32
     6.0000000e+02      5.6000000e-15      4.9707465e-52
     6.0000000e+02      1.0000000e-14      3.0851724e-87
     6.0000000e+02      1.8000000e-14      9.2669823e-151
     6.0000000e+02      3.7000000e-14      4.1460840e-301
     6.0000000e+02      1.0000000e-13      0.0000000e+00
     6.0000000e+02      1.0000000e-12      0.0000000e+00
     6.0000000e+02      1.0000000e+06      0.0000000e+00
     6.5000000e+02      0.0000000e+00      4.3651212e-01
     6.5000000e+02      1.0000000e-22      4.3650982e-01
     6.5000000e+02      1.0000000e-20      4.3628141e-01
     6.5000000e+02      1.0000000e-19      4.3421086e-01
     6.5000000e+02      5.0000000e-19      4.2513457e-01
     6.5000000e+02      1.0000000e-18      4.1407324e-01
     6.5000000e+02      1.8000000e-18      3.9700963e-01
     6.5000000e+02      3.2000000e-18      3.6892936e-01
     6.5000000e+02      5.6000000e-18      3.2560873e-01
     6.5000000e+02      1.0000000e-17      2.5966601e-01
     6.5000000e+02      1.5000000e-17      2.0160831e-01
     6.5000000e+02      2.2000000e-17      1.4244802e-01
     6.5000000e+02      3.2000000e-17      8.7872575e-02
     6.5000000e+02      4.6000000e-17      4.5745383e-02
     6.5000000e+02      6.8000000e-17      1.7207488e-02
     6.5000000e+02      1.0000000e-16      4.5218477e-03
     6.5000000e+02      1.5000000e-16      6.5372001e-04
     6.5000000e+02      2.2000000e-16      5.4592417e-05
     6.5000000e+02      3.2000000e-16      2.1439247e-06
     6.5000000e+02      4.6000000e-16      3.4657651e-08
     6.5000000e+02      6.8000000e-16      9.7827074e-11
     6.5000000e+02      1.0000000e-15      4.5934228e-14
     6.5000000e+02      1.5000000e-15      1.2591922e-18
     6.5000000e+02      2.2000000e-15      1.6691746e-24
     6.5000000e+02      3.2000000e-15      1.1033768e-32
     6.5000000e+02      5.6000000e-15      5.2281498e-52
     6.5000000e+02      1.0000000e-14      4.2814283e-87
     6.5000000e+02      1.8000000e-14      1.3266061e-150
     6.5000000e+02      3.7000000e-14      4.5859559e-301
     6.5000000e+02      1.0000000e-13      0.0000000e+00
     6.5000000e+02      1.0000000e-12      0.0000000e+00
     6.5000000e+02      1.0000000e+06      0.0000000e+00
     7.0000000e+02      0.0000000e+00      4.3859334e-01
     7.0000000e+02      1.0000000e-22      4.3859099e-01
     7.0000000e+02      1.0000000e-20      4.3835847e-01
     7.0000000e+02      1.0000000e-19      4.3625064e-01
     7.0000000e+02      5.0000000e-19      4.2701247e-01
     7.0000000e+02      1.0000000e-18      4.1575716e-01
     7.0000000e+02      1.8000000e-18      3.9840168e-01
     7.0000000e+02      3.2000000e-18      3.6986161e-01
     7.0000000e+02      5.6000000e-18      3.2588610e-01
     7.0000000e+02      1.0000000e-17      2.5909366e-01
     7.0000000e+02      1.5000000e-17      2.0046930e-01
     7.0000000e+02      2.2000000e-17      1.4096427e-01
     7.0000000e+02      3.2000000e-17      8.6370670e-02
     7.0000000e+02      4.6000000e-17      4.4549652e-02
     7.0000000e+02      6.8000000e-17      1.6526278e-02
     7.0000000e+02      1.0000000e-16      4.2619523e-03
     7.0000000e+02      1.5000000e-16      6.0008659e-04
     7.0000000e+02      2.2000000e-16      4.8485794e-05
     7.0000000e+02      3.2000000e-16      1.8228570e-06
     7.0000000e+02      4.6000000e-16      2.7857875e-08
     7.0000000e+02      6.8000000e-16      7.4192901e-11
     7.0000000e+02      1.0000000e-15      3.6805209e-14
     7.0000000e+02      1.5000000e-15      1.3679683e-18
     7.0000000e+02      2.2000000e-15      2.4131192e-24
     7.0000000e+02      3.2000000e-15      2.0142911e-32
     7.0000000e+02      5.6000000e-15      1.2592610e-51
     7.0000000e+02      1.0000000e-14      1.3262863e-86
     7.0000000e+02      1.8000000e-14      5.7170749e-150
     7.0000000e+02      3.7000000e-14      3.6074835e-300
     7.0000000e+02      1.0000000e-13      0.0000000e+00
     7.0000000e+02      1.0000000e-12      0.0000000e+00
     7.0000000e+02      1.0000000e+06      0.0000000e+00
     7.5000000e+02      0.0000000e+00      4.3638845e-01
     7.5000000e+02      1.0000000e-22      4.3638607e-01
     7.5000000e+02      1.0000000e-20      4.3615050e-01
     7.5000000e+02      1.0000000e-19      4.3401515e-01
     7.5000000e+02      5.0000000e-19      4.2465860e-01
     7.5000000e+02      1.0000000e-18      4.1326408e-01
     7.5000000e+02      1.8000000e-18      3.9570512e-01
     7.5000000e+02      3.2000000e-18      3.6686133e-01
     7.5000000e+02      5.6000000e-18      3.2249937e-01
     7.5000000e+02      1.0000000e-17      2.5533753e-01
     7.5000000e+02      1.5000000e-17      1.9665267e-01
     7.5000000e+02      2.2000000e-17      1.3741619e-01
     7.5000000e+02      3.2000000e-17      8.3480267e-02
     7.5000000e+02      4.6000000e-17      4.2581736e-02
     7.5000000e+02      6.8000000e-17      1.5550932e-02
     7.5000000e+02      1.0000000e-16      3.9339459e-03
     7.5000000e+02      1.5000000e-16      5.4086282e-04
     7.5000000e+02      2.2000000e-16      4.2615192e-05
     7.5000000e+02      3.2000000e-16      1.5588083e-06
     7.5000000e+02      4.6000000e-16      2.3087689e-08
     7.5000000e+02      6.8000000e-16      5.9467107e-11
     7.5000000e+02      1.0000000e-15      2.8426614e-14
     7.5000000e+02      1.5000000e-15      8.5877311e-19
     7.5000000e+02      2.2000000e-15      1.0139071e-24
     7.5000000e+02      3.2000000e-15      4.6615721e-33
     7.5000000e+02      5.6000000e-15      6.8710995e-53
     7.5000000e+02      1.0000000e-14      5.0176722e-89
     7.5000000e+02      1.8000000e-14      1.6236676e-154
     7.5000000e+02      3.7000000e-14      9.9470648e-310
     7.5000000e+02      1.0000000e-13      0.0000000e+00
     7.5000000e+02      1.0000000e-12      0.0000000e+00
     7.5000000e+02      1.0000000e+06      0.0000000e+00
     8.0000000e+02      0.0000000e+00      4.2952929e-01
     8.0000000e+02      1.0000000e-22      4.2952692e-01
     8.0000000e+02      1.0000000e-20      4.2929177e-01
     8.0000000e+02      1.0000000e-19      4.2716038e-01
     8.0000000e+02      5.0000000e-19      4.1782284e-01
     8.0000000e+02      1.0000000e-18      4.0645532e-01
     8.0000000e+02      1.8000000e-18      3.8894645e-01
     8.0000000e+02      3.2000000e-18      3.6020847e-01
     8.0000000e+02      5.6000000e-18      3.1607140e-01
     8.0000000e+02      1.0000000e-17      2.4941630e-01
     8.0000000e+02      1.5000000e-17      1.9137646e-01
     8.0000000e+02      2.2000000e-17      1.3304551e-01
     8.0000000e+02      3.2000000e-17      8.0253525e-02
     8.0000000e+02      4.6000000e-17      4.0551000e-02
     8.0000000e+02      6.8000000e-17      1.4608816e-02
     8.0000000e+02      1.0000000e-16      3.6323319e-03
     8.0000000e+02      1.5000000e-16      4.8855626e-04
     8.0000000e+02      2.2000000e-16      3.7591435e-05
     8.0000000e+02      3.2000000e-16      1.3396455e-06
     8.0000000e+02      4.6000000e-16      1.9291108e-08
     8.0000000e+02      6.8000000e-16      4.7706703e-11
     8.0000000e+02      1.0000000e-15      2.0415273e-14
     8.0000000e+02      1.5000000e-15      5.3315782e-19
     8.0000000e+02      2.2000000e-15      7.4239521e-25
     8.0000000e+02      3.2000000e-15      5.5908006e-33
     8.0000000e+02      5.6000000e-15      2.8238322e-52
     8.0000000e+02      1.0000000e-14      1.7172314e-87
     8.0000000e+02      1.8000000e-14      2.8075250e-151
     8.0000000e+02      3.7000000e-14      1.8122072e-302
     8.0000000e+02      1.0000000e-13      0.0000000e+00
     8.0000000e+02      1.0000000e-12      0.0000000e+00
     8.0000000e+02      1.0000000e+06      0.0000000e+00
     8.5000000e+02      0.0000000e+00      4.1680761e-01
     8.5000000e+02      1.0000000e-22      4.1680528e-01
     8.5000000e+02      1.0000000e-20      4.1657433e-01
     8.5000000e+02      1.0000000e-19      4.1448106e-01
     8.5000000e+02      5.0000000e-19      4.0531202e-01
     8.5000000e+02      1.0000000e-18      3.9415301e-01
     8.5000000e+02      1.8000000e-18      3.7697276e-01
     8.5000000e+02      3.2000000e-18      3.4879482e-01
     8.5000000e+02      5.6000000e-18      3.0557224e-01
     8.5000000e+02      1.0000000e-17      2.4044254e-01
     8.5000000e+02      1.5000000e-17      1.8390496e-01
     8.5000000e+02      2.2000000e-17      1.2729992e-01
     8.5000000e+02      3.2000000e-17      7.6336565e-02
     8.5000000e+02      4.6000000e-17      3.8276823e-02
     8.5000000e+02      6.8000000e-17      1.3642113e-02
     8.5000000e+02      1.0000000e-16      3.3476693e-03
     8.5000000e+02      1.5000000e-16      4.4294023e-04
     8.5000000e+02      2.2000000e-16      3.3458419e-05
     8.5000000e+02      3.2000000e-16      1.1657283e-06
     8.5000000e+02      4.6000000e-16      1.6290965e-08
     8.5000000e+02      6.8000000e-16      3.8061636e-11
     8.5000000e+02      1.0000000e-15      1.4359204e-14
     8.5000000e+02      1.5000000e-15      3.0737819e-19
     8.5000000e+02      2.2000000e-15      3.3959798e-25
     8.5000000e+02      3.2000000e-15      1.6614658e-33
     8.5000000e+02      5.6000000e-15      3.7156888e-53
     8.5000000e+02      1.0000000e-14      1.9541582e-88
     8.5000000e+02      1.8000000e-14      5.5065198e-152
     8.5000000e+02      3.7000000e-14      1.1124170e-302
     8.5000000e+02      1.0000000e-13      0.0000000e+00
     8.5000000e+02      1.0000000e-12      0.0000000e+00
     8.5000000e+02      1.0000000e+06      0.0000000e+00
     9.0000000e+02      0.0000000e+00      4.0208803e-01
     9.0000000e+02      1.0000000e-22      4.0208574e-01
     9.0000000e+02      1.0000000e-20      4.0185968e-01
     9.0000000e+02      1.0000000e-19      3.9981073e-01
     9.0000000e+02      5.0000000e-19      3.9083769e-01
     9.0000000e+02      1.0000000e-18      3.7992126e-01
     9.0000000e+02      1.8000000e-18      3.6312347e-01
     9.0000000e+02      3.2000000e-18      3.3559760e-01
     9.0000000e+02      5.6000000e-18      2.9344031e-01
     9.0000000e+02      1.0000000e-17      2.3008786e-01
     9.0000000e+02      1.5000000e-17      1.7529915e-01
     9.0000000e+02      2.2000000e-17      1.2069911e-01
     9.0000000e+02      3.2000000e-17      7.1851802e-02
     9.0000000e+02      4.6000000e-17      3.5682109e-02
     9.0000000e+02      6.8000000e-17      1.2541428e-02
     9.0000000e+02      1.0000000e-16      3.0225621e-03
     9.0000000e+02      1.5000000e-16      3.9027805e-04
     9.0000000e+02      2.2000000e-16      2.8625550e-05
     9.0000000e+02      3.2000000e-16      9.6168525e-07
     9.0000000e+02      4.6000000e-16      1.2885516e-08
     9.0000000e+02      6.8000000e-16      2.9070613e-11
     9.0000000e+02      1.0000000e-15      1.1886009e-14
     9.0000000e+02      1.5000000e-15      3.9603233e-19
     9.0000000e+02      2.2000000e-15      7.5988622e-25
     9.0000000e+02      3.2000000e-15      7.0274734e-33
     9.0000000e+02      5.6000000e-15      4.6252075e-52
     9.0000000e+02      1.0000000e-14      4.1840959e-87
     9.0000000e+02      1.8000000e-14      1.1808523e-150
     9.0000000e+02      3.7000000e-14      2.2168364e-301
     9.0000000e+02      1.0000000e-13      0.0000000e+00
     9.0000000e+02      1.0000000e-12      0.0000000e+00
     9.0000000e+02      1.0000000e+06      0.0000000e+00
     9.5000000e+02      0.0000000e+00      3.8174788e-01
     9.5000000e+02      1.0000000e-22      3.8174567e-01
     9.5000000e+02      1.0000000e-20      3.8152775e-01
     9.5000000e+02      1.0000000e-19      3.7955271e-01
     9.5000000e+02      5.0000000e-19      3.7090509e-01
     9.5000000e+02      1.0000000e-18      3.6038858e-01
     9.5000000e+02      1.8000000e-18      3.4421513e-01
     9.5000000e+02      3.2000000e-18      3.1773699e-01
     9.5000000e+02      5.6000000e-18      2.7724919e-01
     9.5000000e+02      1.0000000e-17      2.1657737e-01
     9.5000000e+02      1.5000000e-17      1.6431350e-01
     9.5000000e+02      2.2000000e-17      1.1248532e-01
     9.5000000e+02      3.2000000e-17      6.6431987e-02
     9.5000000e+02      4.6000000e-17      3.2644938e-02
     9.5000000e+02      6.8000000e-17      1.1301902e-02
     9.5000000e+02      1.0000000e-16      2.6724935e-03
     9.5000000e+02      1.5000000e-16      3.3683131e-04
     9.5000000e+02      2.2000000e-16      2.4051854e-05
     9.5000000e+02      3.2000000e-16      7.8217464e-07
     9.5000000e+02      4.6000000e-16      1.0029078e-08
     9.5000000e+02      6.8000000e-16      2.1272350e-11
     9.5000000e+02      1.0000000e-15      8.7143045e-15
     9.5000000e+02      1.5000000e-15      2.9754857e-19
     9.5000000e+02      2.2000000e-15      4.4340811e-25
     9.5000000e+02      3.2000000e-15      2.6186976e-33
     9.5000000e+02      5.6000000e-15      6.3315519e-53
     9.5000000e+02      1.0000000e-14      1.2203984e-88
     9.5000000e+02      1.8000000e-14      3.0894924e-153
     9.5000000e+02      3.7000000e-14      2.7926302e-306
     9.5000000e+02      1.0000000e-13      0.0000000e+00
     9.5000000e+02      1.0000000e-12      0.0000000e+00
     9.5000000e+02      1.0000000e+06      0.0000000e+00
     1.0000000e+03      0.0000000e+00      3.6060882e-01
     1.0000000e+03      1.0000000e-22      3.6060672e-01
     1.0000000e+03      1.0000000e-20      3.6039833e-01
     1.0000000e+03      1.0000000e-19      3.5850976e-01
     1.0000000e+03      5.0000000e-19      3.5024217e-01
     1.0000000e+03      1.0000000e-18      3.4019092e-01
     1.0000000e+03      1.8000000e-18      3.2473984e-01
     1.0000000e+03      3.2000000e-18      2.9946325e-01
     1.0000000e+03      5.6000000e-18      2.6086257e-01
     1.0000000e+03      1.0000000e-17      2.0315090e-01
     1.0000000e+03      1.5000000e-17      1.5359628e-01
     1.0000000e+03      2.2000000e-17      1.0465229e-01
     1.0000000e+03      3.2000000e-17      6.1404226e-02
     1.0000000e+03      4.6000000e-17      2.9916226e-02
     1.0000000e+03      6.8000000e-17      1.0232325e-02
     1.0000000e+03      1.0000000e-16      2.3839490e-03
     1.0000000e+03      1.5000000e-16      2.9506459e-04
     1.0000000e+03      2.2000000e-16      2.0657709e-05
     1.0000000e+03      3.2000000e-16      6.5490929e-07
     1.0000000e+03      4.6000000e-16      8.0481185e-09
     1.0000000e+03      6.8000000e-16      1.5486424e-11
     1.0000000e+03      1.0000000e-15      5.0084810e-15
     1.0000000e+03      1.5000000e-15      1.1253296e-19
     1.0000000e+03      2.2000000e-15      1.2376776e-25
     1.0000000e+03      3.2000000e-15      5.4982625e-34
     1.0000000e+03      5.6000000e-15      7.3439642e-54
     1.0000000e+03      1.0000000e-14      3.9232615e-90
     1.0000000e+03      1.8000000e-14      5.9995149e-156
     1.0000000e+03      3.7000000e-14      4.3622083e-312
     1.0000000e+03      1.0000000e-13      0.0000000e+00
     1.0000000e+03      1.0000000e-12      0.0000000e+00
     1.0000000e+03      1.0000000e+06      0.0000000e+00
     1.1000000e+03      0.0000000e+00      3.1837288e-01
     1.1000000e+03      1.0000000e-22      3.1837097e-01
     1.1000000e+03      1.0000000e-20      3.1818185e-01
     1.1000000e+03      1.0000000e-19      3.1646802e-01
     1.1000000e+03      5.0000000e-19      3.0896831e-01
     1.1000000e+03      1.0000000e-18      2.9985716e-01
     1.1000000e+03      1.8000000e-18      2.8586575e-01
     1.1000000e+03      3.2000000e-18      2.6301705e-01
     1.1000000e+03      5.6000000e-18      2.2822872e-01
     1.1000000e+03      1.0000000e-17      1.7649200e-01
     1.1000000e+03      1.5000000e-17      1.3239515e-01
     1.1000000e+03      2.2000000e-17      8.9241099e-02
     1.1000000e+03      3.2000000e-17      5.1590507e-02
     1.1000000e+03      4.6000000e-17      2.4646269e-02
     1.1000000e+03      6.8000000e-17      8.1958985e-03
     1.1000000e+03      1.0000000e-16      1.8425406e-03
     1.1000000e+03      1.5000000e-16      2.1752415e-04
     1.1000000e+03      2.2000000e-16      1.4362300e-05
     1.1000000e+03      3.2000000e-16      4.1981172e-07
     1.1000000e+03      4.6000000e-16      4.6130407e-09
     1.1000000e+03      6.8000000e-16      7.5563053e-12
     1.1000000e+03      1.0000000e-15      1.7560149e-15
     1.1000000e+03      1.5000000e-15      1.2735698e-20
     1.1000000e+03      2.2000000e-15      2.7065075e-27
     1.1000000e+03      3.2000000e-15      1.7232468e-36
     1.1000000e+03      5.6000000e-15      3.1451416e-58
     1.1000000e+03      1.0000000e-14      7.8623982e-98
     1.1000000e+03      1.8000000e-14      1.0724595e-169
     1.1000000e+03      3.7000000e-14      0.0000000e+00
     1.1000000e+03      1.0000000e-13      0.0000000e+00
     1.1000000e+03      1.0000000e-12      0.0000000e+00
     1.1000000e+03      1.0000000e+06      0.0000000e+00
     1.2000000e+03      0.0000000e+00      2.8012615e-01
     1.2000000e+03      1.0000000e-22      2.8012441e-01
     1.2000000e+03      1.0000000e-20      2.7995304e-01
     1.2000000e+03      1.0000000e-19      2.7840019e-01
     1.2000000e+03      5.0000000e-19      2.7160779e-01
     1.2000000e+03      1.0000000e-18      2.6336235e-01
     1.2000000e+03      1.8000000e-18      2.5071453e-01
     1.2000000e+03      3.2000000e-18      2.3009903e-01
     1.2000000e+03      5.6000000e-18      1.9881290e-01
     1.2000000e+03      1.0000000e-17      1.5255217e-01
     1.2000000e+03      1.5000000e-17      1.1344004e-01
     1.2000000e+03      2.2000000e-17      7.5549512e-02
     1.2000000e+03      3.2000000e-17      4.2951861e-02
     1.2000000e+03      4.6000000e-17      2.0066602e-02
     1.2000000e+03      6.8000000e-17      6.4596040e-03
     1.2000000e+03      1.0000000e-16      1.3917848e-03
     1.2000000e+03      1.5000000e-16      1.5488521e-04
     1.2000000e+03      2.2000000e-16      9.4820812e-06
     1.2000000e+03      3.2000000e-16      2.5003618e-07
     1.2000000e+03      4.6000000e-16      2.3658322e-09
     1.2000000e+03      6.8000000e-16      2.9037999e-12
     1.2000000e+03      1.0000000e-15      3.9927960e-16
     1.2000000e+03      1.5000000e-15      1.2026734e-21
     1.2000000e+03      2.2000000e-15      6.5987431e-29
     1.2000000e+03      3.2000000e-15      6.1536016e-39
     1.2000000e+03      5.6000000e-15      1.3166016e-62
     1.2000000e+03      1.0000000e-14      1.0002818e-105
     1.2000000e+03      1.8000000e-14      5.9495518e-184
     1.2000000e+03      3.7000000e-14      0.0000000e+00
     1.2000000e+03      1.0000000e-13      0.0000000e+00
     1.2000000e+03      1.0000000e-12      0.0000000e+00
     1.2000000e+03      1.0000000e+06      0.0000000e+00
     1.3000000e+03      0.0000000e+00      2.2914594e-01
     1.3000000e+03      1.0000000e-22      2.2914446e-01
     1.3000000e+03      1.0000000e-20      2.2899839e-01
     1.3000000e+03      1.0000000e-19      2.2767501e-01
     1.3000000e+03      5.0000000e-19      2.2189019e-01
     1.3000000e+03      1.0000000e-18      2.1487640e-01
     1.3000000e+03      1.8000000e-18      2.0413665e-01
     1.3000000e+03      3.2000000e-18      1.8668259e-01
     1.3000000e+03      5.6000000e-18      1.6032669e-01
     1.3000000e+03      1.0000000e-17      1.2169516e-01
     1.3000000e+03      1.5000000e-17      8.9422982e-02
     1.3000000e+03      2.2000000e-17      5.8611960e-02
     1.3000000e+03      3.2000000e-17      3.2617695e-02
     1.3000000e+03      4.6000000e-17      1.4827394e-02
     1.3000000e+03      6.8000000e-17      4.5949693e-03
     1.3000000e+03      1.0000000e-16      9.4337798e-04
     1.3000000e+03      1.5000000e-16      9.8012857e-05
     1.3000000e+03      2.2000000e-16      5.4616896e-06
     1.3000000e+03      3.2000000e-16      1.2640539e-07
     1.3000000e+03      4.6000000e-16      1.0265764e-09
     1.3000000e+03      6.8000000e-16      1.1709655e-12
     1.3000000e+03      1.0000000e-15      2.1645070e-16
     1.3000000e+03      1.5000000e-15      1.0083899e-21
     1.3000000e+03      2.2000000e-15      5.5834789e-29
     1.3000000e+03      3.2000000e-15      3.1409452e-39
     1.3000000e+03      5.6000000e-15      1.2080037e-63
     1.3000000e+03      1.0000000e-14      3.0324144e-108
     1.3000000e+03      1.8000000e-14      2.9869999e-189
     1.3000000e+03      3.7000000e-14      0.0000000e+00
     1.3000000e+03      1.0000000e-13      0.0000000e+00
     1.3000000e+03      1.0000000e-12      0.0000000e+00
     1.3000000e+03      1.0000000e+06      0.0000000e+00
     1.4000000e+03      0.0000000e+00      1.5051443e-01
     1.4000000e+03      1.0000000e-22      1.5051344e-01
     1.4000000e+03      1.0000000e-20      1.5041513e-01
     1.4000000e+03      1.0000000e-19      1.4952451e-01
     1.4000000e+03      5.0000000e-19      1.4563316e-01
     1.4000000e+03      1.0000000e-18      1.4091893e-01
     1.4000000e+03      1.8000000e-18      1.3370875e-01
     1.4000000e+03      3.2000000e-18      1.2201358e-01
     1.4000000e+03      5.6000000e-18      1.0441135e-01
     1.4000000e+03      1.0000000e-17      7.8754303e-02
     1.4000000e+03      1.5000000e-17      5.7479894e-02
     1.4000000e+03      2.2000000e-17      3.7345022e-02
     1.4000000e+03      3.2000000e-17      2.0546066e-02
     1.4000000e+03      4.6000000e-17      9.2065153e-03
     1.4000000e+03      6.8000000e-17      2.7957335e-03
     1.4000000e+03      1.0000000e-16      5.5847300e-04
     1.4000000e+03      1.5000000e-16      5.5779979e-05
     1.4000000e+03      2.2000000e-16      2.9819222e-06
     1.4000000e+03      3.2000000e-16      6.7427801e-08
     1.4000000e+03      4.6000000e-16      5.5392098e-10
     1.4000000e+03      6.8000000e-16      6.1866521e-13
     1.4000000e+03      1.0000000e-15      8.4244707e-17
     1.4000000e+03      1.5000000e-15      2.2042297e-22
     1.4000000e+03      2.2000000e-15      6.5028747e-30
     1.4000000e+03      3.2000000e-15      1.6497549e-40
     1.4000000e+03      5.6000000e-15      1.0294949e-65
     1.4000000e+03      1.0000000e-14      1.0772693e-111
     1.4000000e+03      1.8000000e-14      3.9717142e-195
     1.4000000e+03      3.7000000e-14      0.0000000e+00
     1.4000000e+03      1.0000000e-13      0.0000000e+00
     1.4000000e+03      1.0000000e-12      0.0000000e+00
     1.4000000e+03      1.0000000e+06      0.0000000e+00
     1.5000000e+03      0.0000000e+00      1.1089710e-01
     1.5000000e+03      1.0000000e-22      1.1089637e-01
     1.5000000e+03      1.0000000e-20      1.1082483e-01
     1.5000000e+03      1.0000000e-19      1.1017669e-01
     1.5000000e+03      5.0000000e-19      1.0734398e-01
     1.5000000e+03      1.0000000e-18      1.0391054e-01
     1.5000000e+03      1.8000000e-18      9.8655455e-02
     1.5000000e+03      3.2000000e-18      9.0121315e-02
     1.5000000e+03      5.6000000e-18      7.7250967e-02
     1.5000000e+03      1.0000000e-17      5.8428093e-02
     1.5000000e+03      1.5000000e-17      4.2753001e-02
     1.5000000e+03      2.2000000e-17      2.7847777e-02
     1.5000000e+03      3.2000000e-17      1.5347543e-02
     1.5000000e+03      4.6000000e-17      6.8714653e-03
     1.5000000e+03      6.8000000e-17      2.0726850e-03
     1.5000000e+03      1.0000000e-16      4.0784711e-04
     1.5000000e+03      1.5000000e-16      3.9829565e-05
     1.5000000e+03      2.2000000e-16      2.0829424e-06
     1.5000000e+03      3.2000000e-16      4.5719938e-08
     1.5000000e+03      4.6000000e-16      3.5113179e-10
     1.5000000e+03      6.8000000e-16      3.3337301e-13
     1.5000000e+03      1.0000000e-15      3.6506487e-17
     1.5000000e+03      1.5000000e-15      8.9337421e-23
     1.5000000e+03      2.2000000e-15      2.9538463e-30
     1.5000000e+03      3.2000000e-15      8.8099693e-41
     1.5000000e+03      5.6000000e-15      6.9563342e-66
     1.5000000e+03      1.0000000e-14      8.6335998e-112
     1.5000000e+03      1.8000000e-14      3.5529113e-195
     1.5000000e+03      3.7000000e-14      0.0000000e+00
     1.5000000e+03      1.0000000e-13      0.0000000e+00
     1.5000000e+03      1.0000000e-12      0.0000000e+00
     1.5000000e+03      1.0000000e+06      0.0000000e+00
     1.6000000e+03      0.0000000e+00      9.9322087e-02
     1.6000000e+03      1.0000000e-22      9.9321431e-02
     1.6000000e+03      1.0000000e-20      9.9256519e-02
     1.6000000e+03      1.0000000e-19      9.8668445e-02
     1.6000000e+03      5.0000000e-19      9.6098591e-02
     1.6000000e+03      1.0000000e-18      9.2984501e-02
     1.6000000e+03      1.8000000e-18      8.8219920e-02
     1.6000000e+03      3.2000000e-18      8.0487215e-02
     1.6000000e+03      5.6000000e-18      6.8838901e-02
     1.6000000e+03      1.0000000e-17      5.1841188e-02
     1.6000000e+03      1.5000000e-17      3.7735470e-02
     1.6000000e+03      2.2000000e-17      2.4388947e-02
     1.6000000e+03      3.2000000e-17      1.3283174e-02
     1.6000000e+03      4.6000000e-17      5.8441573e-03
     1.6000000e+03      6.8000000e-17      1.7133440e-03
     1.6000000e+03      1.0000000e-16      3.2333586e-04
     1.6000000e+03      1.5000000e-16      2.9605615e-05
     1.6000000e+03      2.2000000e-16      1.4195256e-06
     1.6000000e+03      3.2000000e-16      2.7882145e-08
     1.6000000e+03      4.6000000e-16      1.8943084e-10
     1.6000000e+03      6.8000000e-16      1.5347851e-13
     1.6000000e+03      1.0000000e-15      1.2512131e-17
     1.6000000e+03      1.5000000e-15      1.9496418e-23
     1.6000000e+03      2.2000000e-15      4.8288137e-31
     1.6000000e+03      3.2000000e-15      1.3533059e-41
     1.6000000e+03      5.6000000e-15      3.4155118e-66
     1.6000000e+03      1.0000000e-14      1.1553768e-110
     1.6000000e+03      1.8000000e-14      1.8207357e-191
     1.6000000e+03      3.7000000e-14      0.0000000e+00
     1.6000000e+03      1.0000000e-13      0.0000000e+00
     1.6000000e+03      1.0000000e-12      0.0000000e+00
     1.6000000e+03      1.0000000e+06      0.0000000e+00
     1.7000000e+03      0.0000000e+00      8.9251767e-02
     1.7000000e+03      1.0000000e-22      8.9251154e-02
     1.7000000e+03      1.0000000e-20      8.9190433e-02
     1.7000000e+03      1.0000000e-19      8.8640401e-02
     1.7000000e+03      5.0000000e-19      8.6238323e-02
     1.7000000e+03      1.0000000e-18      8.3330962e-02
     1.7000000e+03      1.8000000e-18      7.8890205e-02
     1.7000000e+03      3.2000000e-18      7.1703599e-02
     1.7000000e+03      5.6000000e-18      6.0930873e-02
     1.7000000e+03      1.0000000e-17      4.5346398e-02
     1.7000000e+03      1.5000000e-17      3.2569445e-02
     1.7000000e+03      2.2000000e-17      2.0662267e-02
     1.7000000e+03      3.2000000e-17      1.0961378e-02
     1.7000000e+03      4.6000000e-17      4.6507738e-03
     1.7000000e+03      6.8000000e-17      1.2894620e-03
     1.7000000e+03      1.0000000e-16      2.2492872e-04
     1.7000000e+03      1.5000000e-16      1.8319469e-05
     1.7000000e+03      2.2000000e-16      7.5507436e-07
     1.7000000e+03      3.2000000e-16      1.2262857e-08
     1.7000000e+03      4.6000000e-16      6.6598167e-11
     1.7000000e+03      6.8000000e-16      3.9692243e-14
     1.7000000e+03      1.0000000e-15      2.0209124e-18
     1.7000000e+03      1.5000000e-15      1.2358294e-24
     1.7000000e+03      2.2000000e-15      7.2803676e-33
     1.7000000e+03      3.2000000e-15      2.2536708e-44
     1.7000000e+03      5.6000000e-15      6.9579896e-72
     1.7000000e+03      1.0000000e-14      2.7510146e-122
     1.7000000e+03      1.8000000e-14      7.1339084e-214
     1.7000000e+03      3.7000000e-14      0.0000000e+00
     1.7000000e+03      1.0000000e-13      0.0000000e+00
     1.7000000e+03      1.0000000e-12      0.0000000e+00
     1.7000000e+03      1.0000000e+06      0.0000000e+00
     1.8000000e+03      0.0000000e+00      6.5222756e-02
     1.8000000e+03      1.0000000e-22      6.5222285e-02
     1.8000000e+03      1.0000000e-20      6.5175656e-02
     1.8000000e+03      1.0000000e-19      6.4753349e-02
     1.8000000e+03      5.0000000e-19      6.2910613e-02
     1.8000000e+03      1.0000000e-18      6.0683683e-02
     1.8000000e+03      1.8000000e-18      5.7289764e-02
     1.8000000e+03      3.2000000e-18      5.1817750e-02
     1.8000000e+03      5.6000000e-18      4.3667531e-02
     1.8000000e+03      1.0000000e-17      3.2009028e-02
     1.8000000e+03      1.5000000e-17      2.2600087e-02
     1.8000000e+03      2.2000000e-17      1.4001772e-02
     1.8000000e+03      3.2000000e-17      7.1841544e-03
     1.8000000e+03      4.6000000e-17      2.9116769e-03
     1.8000000e+03      6.8000000e-17      7.5273125e-04
     1.8000000e+03      1.0000000e-16      1.1909193e-04
     1.8000000e+03      1.5000000e-16      8.4185472e-06
     1.8000000e+03      2.2000000e-16      2.9259954e-07
     1.8000000e+03      3.2000000e-16      3.9678381e-09
     1.8000000e+03      4.6000000e-16      1.8689146e-11
     1.8000000e+03      6.8000000e-16      1.0015823e-14
     1.8000000e+03      1.0000000e-15      3.9647719e-19
     1.8000000e+03      1.5000000e-15      1.1339176e-25
     1.8000000e+03      2.2000000e-15      1.9207652e-34
     1.8000000e+03      3.2000000e-15      1.0734676e-46
     1.8000000e+03      5.6000000e-15      5.8704703e-76
     1.8000000e+03      1.0000000e-14      1.4494964e-129
     1.8000000e+03      1.8000000e-14      5.5952931e-227
     1.8000000e+03      3.7000000e-14      0.0000000e+00
     1.8000000e+03      1.0000000e-13      0.0000000e+00
     1.8000000e+03      1.0000000e-12      0.0000000e+00
     1.8000000e+03      1.0000000e+06      0.0000000e+00
     1.9000000e+03      0.0000000e+00      3.6501951e-02
     1.9000000e+03      1.0000000e-22      3.6501673e-02
     1.9000000e+03      1.0000000e-20      3.6474107e-02
     1.9000000e+03      1.0000000e-19      3.6224494e-02
     1.9000000e+03      5.0000000e-19      3.5136368e-02
     1.9000000e+03      1.0000000e-18      3.3823733e-02
     1.9000000e+03      1.8000000e-18      3.1828386e-02
     1.9000000e+03      3.2000000e-18      2.8625237e-02
     1.9000000e+03      5.6000000e-18      2.3889756e-02
     1.9000000e+03      1.0000000e-17      1.7204099e-02
     1.9000000e+03      1.5000000e-17      1.1906551e-02
     1.9000000e+03      2.2000000e-17      7.1746842e-03
     1.9000000e+03      3.2000000e-17      3.5396251e-03
     1.9000000e+03      4.6000000e-17      1.3588348e-03
     1.9000000e+03      6.8000000e-17      3.2291083e-04
     1.9000000e+03      1.0000000e-16      4.5245698e-05
     1.9000000e+03      1.5000000e-16      2.6600272e-06
     1.9000000e+03      2.2000000e-16      7.4432700e-08
     1.9000000e+03      3.2000000e-16      8.5829830e-10
     1.9000000e+03      4.6000000e-16      3.8921776e-12
     1.9000000e+03      6.8000000e-16      1.9384954e-15
     1.9000000e+03      1.0000000e-15      6.2885282e-20
     1.9000000e+03      1.5000000e-15      1.8771709e-26
     1.9000000e+03      2.2000000e-15      4.0661873e-35
     1.9000000e+03      3.2000000e-15      2.2004304e-47
     1.9000000e+03      5.6000000e-15      8.2081135e-77
     1.9000000e+03      1.0000000e-14      9.1746846e-131
     1.9000000e+03      1.8000000e-14      7.3905719e-229
     1.9000000e+03      3.7000000e-14      0.0000000e+00
     1.9000000e+03      1.0000000e-13      0.0000000e+00
     1.9000000e+03      1.0000000e-12      0.0000000e+00
     1.9000000e+03      1.0000000e+06      0.0000000e+00
     2.0000000e+03      0.0000000e+00      1.7401973e-02
     2.0000000e+03      1.0000000e-22      1.7401834e-02
     2.0000000e+03      1.0000000e-20      1.7388077e-02
     2.0000000e+03      1.0000000e-19      1.7263529e-02
     2.0000000e+03      5.0000000e-19      1.6721067e-02
     2.0000000e+03      1.0000000e-18      1.6067736e-02
     2.0000000e+03      1.8000000e-18      1.5076904e-02
     2.0000000e+03      3.2000000e-18      1.3492498e-02
     2.0000000e+03      5.6000000e-18      1.1165689e-02
     2.0000000e+03      1.0000000e-17      7.9187022e-03
     2.0000000e+03      1.5000000e-17      5.3872068e-03
     2.0000000e+03      2.2000000e-17      3.1706629e-03
     2.0000000e+03      3.2000000e-17      1.5136915e-03
     2.0000000e+03      4.6000000e-17      5.5568853e-04
     2.0000000e+03      6.8000000e-17      1.2332914e-04
     2.0000000e+03      1.0000000e-16      1.5656533e-05
     2.0000000e+03      1.5000000e-16      7.8394889e-07
     2.0000000e+03      2.2000000e-16      1.7456898e-08
     2.0000000e+03      3.2000000e-16      1.6429096e-10
     2.0000000e+03      4.6000000e-16      7.3861224e-13
     2.0000000e+03      6.8000000e-16      3.6525607e-16
     2.0000000e+03      1.0000000e-15      1.1473957e-20
     2.0000000e+03      1.5000000e-15      3.0508872e-27
     2.0000000e+03      2.2000000e-15      3.5589534e-36
     2.0000000e+03      3.2000000e-15      7.7685882e-49
     2.0000000e+03      5.6000000e-15      4.7986889e-79
     2.0000000e+03      1.0000000e-14      2.7347829e-134
     2.0000000e+03      1.8000000e-14      1.0355967e-234
     2.0000000e+03      3.7000000e-14      0.0000000e+00
     2.0000000e+03      1.0000000e-13      0.0000000e+00
     2.0000000e+03      1.0000000e-12      0.0000000e+00
     2.0000000e+03      1.0000000e+06      0.0000000e+00
     2.1000000e+03      0.0000000e+00      8.8676177e-03
     2.1000000e+03      1.0000000e-22      8.8675456e-03
     2.1000000e+03      1.0000000e-20      8.8604124e-03
     2.1000000e+03      1.0000000e-19      8.7958374e-03
     2.1000000e+03      5.0000000e-19      8.5146816e-03
     2.1000000e+03      1.0000000e-18      8.1762771e-03
     2.1000000e+03      1.8000000e-18      7.6635246e-03
     2.1000000e+03      3.2000000e-18      6.8448511e-03
     2.1000000e+03      5.6000000e-18      5.6457044e-03
     2.1000000e+03      1.0000000e-17      3.9799460e-03
     2.1000000e+03      1.5000000e-17      2.6894695e-03
     2.1000000e+03      2.2000000e-17      1.5683838e-03
     2.1000000e+03      3.2000000e-17      7.3934375e-04
     2.1000000e+03      4.6000000e-17      2.6704849e-04
     2.1000000e+03      6.8000000e-17      5.8102258e-05
     2.1000000e+03      1.0000000e-16      7.3082727e-06
     2.1000000e+03      1.5000000e-16      3.8538056e-07
     2.1000000e+03      2.2000000e-16      1.0542496e-08
     2.1000000e+03      3.2000000e-16      1.3363987e-10
     2.1000000e+03      4.6000000e-16      6.1615292e-13
     2.1000000e+03      6.8000000e-16      2.8069331e-16
     2.1000000e+03      1.0000000e-15      1.2846188e-20
     2.1000000e+03      1.5000000e-15      5.8715082e-27
     2.1000000e+03      2.2000000e-15      9.6171632e-36
     2.1000000e+03      3.2000000e-15      2.7463388e-48
     2.1000000e+03      5.6000000e-15      2.1519398e-78
     2.1000000e+03      1.0000000e-14      1.3760650e-133
     2.1000000e+03      1.8000000e-14      6.1032914e-234
     2.1000000e+03      3.7000000e-14      0.0000000e+00
     2.1000000e+03      1.0000000e-13      0.0000000e+00
     2.1000000e+03      1.0000000e-12      0.0000000e+00
     2.1000000e+03      1.0000000e+06      0.0000000e+00
     2.2000000e+03      0.0000000e+00      5.9053082e-03
     2.2000000e+03      1.0000000e-22      5.9052618e-03
     2.2000000e+03      1.0000000e-20      5.9006729e-03
     2.2000000e+03      1.0000000e-19      5.8591238e-03
     2.2000000e+03      5.0000000e-19      5.6780875e-03
     2.2000000e+03      1.0000000e-18      5.4598924e-03
     2.2000000e+03      1.8000000e-18      5.1286376e-03
     2.2000000e+03      3.2000000e-18      4.5980275e-03
     2.2000000e+03      5.6000000e-18      3.8165438e-03
     2.2000000e+03      1.0000000e-17      2.7207180e-03
     2.2000000e+03      1.5000000e-17      1.8609388e-03
     2.2000000e+03      2.2000000e-17      1.1027602e-03
     2.2000000e+03      3.2000000e-17      5.3111787e-04
     2.2000000e+03      4.6000000e-17      1.9734922e-04
     2.2000000e+03      6.8000000e-17      4.4876184e-05
     2.2000000e+03      1.0000000e-16      6.0582626e-06
     2.2000000e+03      1.5000000e-16      3.6095863e-07
     2.2000000e+03      2.2000000e-16      1.1073463e-08
     2.2000000e+03      3.2000000e-16      1.3294834e-10
     2.2000000e+03      4.6000000e-16      4.6969436e-13
     2.2000000e+03      6.8000000e-16      1.2853943e-16
     2.2000000e+03      1.0000000e-15      2.2255027e-21
     2.2000000e+03      1.5000000e-15      2.3364951e-28
     2.2000000e+03      2.2000000e-15      5.9188530e-38
     2.2000000e+03      3.2000000e-15      1.2363215e-51
     2.2000000e+03      5.6000000e-15      1.9042878e-84
     2.2000000e+03      1.0000000e-14      1.4855000e-144
     2.2000000e+03      1.8000000e-14      9.2413791e-254
     2.2000000e+03      3.7000000e-14      0.0000000e+00
     2.2000000e+03      1.0000000e-13      0.0000000e+00
     2.2000000e+03      1.0000000e-12      0.0000000e+00
     2.2000000e+03      1.0000000e+06      0.0000000e+00
     2.3000000e+03      0.0000000e+00      5.1767457e-03
     2.3000000e+03      1.0000000e-22      5.1767063e-03
     2.3000000e+03      1.0000000e-20      5.1728129e-03
     2.3000000e+03      1.0000000e-19      5.1375567e-03
     2.3000000e+03      5.0000000e-19      4.9838339e-03
     2.3000000e+03      1.0000000e-18      4.7983246e-03
     2.3000000e+03      1.8000000e-18      4.5161831e-03
     2.3000000e+03      3.2000000e-18      4.0628812e-03
     2.3000000e+03      5.6000000e-18      3.3918583e-03
     2.3000000e+03      1.0000000e-17      2.4427136e-03
     2.3000000e+03      1.5000000e-17      1.6892521e-03
     2.3000000e+03      2.2000000e-17      1.0155781e-03
     2.3000000e+03      3.2000000e-17      4.9844921e-04
     2.3000000e+03      4.6000000e-17      1.8957623e-04
     2.3000000e+03      6.8000000e-17      4.4412095e-05
     2.3000000e+03      1.0000000e-16      6.1712374e-06
     2.3000000e+03      1.5000000e-16      3.7229765e-07
     2.3000000e+03      2.2000000e-16      1.1040212e-08
     2.3000000e+03      3.2000000e-16      1.1998812e-10
     2.3000000e+03      4.6000000e-16      3.5676092e-13
     2.3000000e+03      6.8000000e-16      6.9623525e-17
     2.3000000e+03      1.0000000e-15      6.3314022e-22
     2.3000000e+03      1.5000000e-15      2.6831797e-29
     2.3000000e+03      2.2000000e-15      2.5911197e-39
     2.3000000e+03      3.2000000e-15      1.5051265e-53
     2.3000000e+03      5.6000000e-15      1.0562390e-87
     2.3000000e+03      1.0000000e-14      2.5633572e-150
     2.3000000e+03      1.8000000e-14      3.6596542e-264
     2.3000000e+03      3.7000000e-14      0.0000000e+00
     2.3000000e+03      1.0000000e-13      0.0000000e+00
     2.3000000e+03      1.0000000e-12      0.0000000e+00
     2.3000000e+03      1.0000000e+06      0.0000000e+00
     2.4000000e+03      0.0000000e+00      4.6910581e-03
     2.4000000e+03      1.0000000e-22      4.6910225e-03
     2.4000000e+03      1.0000000e-20      4.6875067e-03
     2.4000000e+03      1.0000000e-19      4.6556687e-03
     2.4000000e+03      5.0000000e-19      4.5168390e-03
     2.4000000e+03      1.0000000e-18      4.3492779e-03
     2.4000000e+03      1.8000000e-18      4.0943811e-03
     2.4000000e+03      3.2000000e-18      3.6847095e-03
     2.4000000e+03      5.6000000e-18      3.0779167e-03
     2.4000000e+03      1.0000000e-17      2.2187616e-03
     2.4000000e+03      1.5000000e-17      1.5358212e-03
     2.4000000e+03      2.2000000e-17      9.2425979e-04
     2.4000000e+03      3.2000000e-17      4.5394432e-04
     2.4000000e+03      4.6000000e-17      1.7251765e-04
     2.4000000e+03      6.8000000e-17      4.0165062e-05
     2.4000000e+03      1.0000000e-16      5.4569806e-06
     2.4000000e+03      1.5000000e-16      3.0650473e-07
     2.4000000e+03      2.2000000e-16      7.6949379e-09
     2.4000000e+03      3.2000000e-16      6.1530975e-11
     2.4000000e+03      4.6000000e-16      1.1910757e-13
     2.4000000e+03      6.8000000e-16      1.2861242e-17
     2.4000000e+03      1.0000000e-15      4.7943545e-23
     2.4000000e+03      1.5000000e-15      3.7479692e-31
     2.4000000e+03      2.2000000e-15      2.7809795e-42
     2.4000000e+03      3.2000000e-15      4.0576506e-58
     2.4000000e+03      5.6000000e-15      4.1937053e-96
     2.4000000e+03      1.0000000e-14      9.6488491e-166
     2.4000000e+03      1.8000000e-14      2.3427982e-292
     2.4000000e+03      3.7000000e-14      0.0000000e+00
     2.4000000e+03      1.0000000e-13      0.0000000e+00
     2.4000000e+03      1.0000000e-12      0.0000000e+00
     2.4000000e+03      1.0000000e+06      0.0000000e+00
     2.5000000e+03      0.0000000e+00      4.2378898e-03
     2.5000000e+03      1.0000000e-22      4.2378577e-03
     2.5000000e+03      1.0000000e-20      4.2346741e-03
     2.5000000e+03      1.0000000e-19      4.2058456e-03
     2.5000000e+03      5.0000000e-19      4.0801397e-03
     2.5000000e+03      1.0000000e-18      3.9284212e-03
     2.5000000e+03      1.8000000e-18      3.6976309e-03
     2.5000000e+03      3.2000000e-18      3.3267249e-03
     2.5000000e+03      5.6000000e-18      2.7774194e-03
     2.5000000e+03      1.0000000e-17      1.9998967e-03
     2.5000000e+03      1.5000000e-17      1.3822162e-03
     2.5000000e+03      2.2000000e-17      8.2967775e-04
     2.5000000e+03      3.2000000e-17      4.0562470e-04
     2.5000000e+03      4.6000000e-17      1.5289496e-04
     2.5000000e+03      6.8000000e-17      3.5000171e-05
     2.5000000e+03      1.0000000e-16      4.6041364e-06
     2.5000000e+03      1.5000000e-16      2.4259907e-07
     2.5000000e+03      2.2000000e-16      5.4937208e-09
     2.5000000e+03      3.2000000e-16      3.7683763e-11
     2.5000000e+03      4.6000000e-16      5.8264655e-14
     2.5000000e+03      6.8000000e-16      4.0950164e-18
     2.5000000e+03      1.0000000e-15      6.5772375e-24
     2.5000000e+03      1.5000000e-15      9.9951308e-33
     2.5000000e+03      2.2000000e-15      6.9818678e-45
     2.5000000e+03      3.2000000e-15      4.0946960e-62
     2.5000000e+03      5.6000000e-15      2.6160725e-103
     2.5000000e+03      1.0000000e-14      1.0210828e-178
     2.5000000e+03      1.8000000e-14      9.7851369e-316
     2.5000000e+03      3.7000000e-14      0.0000000e+00
     2.5000000e+03      1.0000000e-13      0.0000000e+00
     2.5000000e+03      1.0000000e-12      0.0000000e+00
     2.5000000e+03      1.0000000e+06      0.0000000e+00
     2.6000000e+03      0.0000000e+00      3.6959879e-03
     2.6000000e+03      1.0000000e-22      3.6959595e-03
     2.6000000e+03      1.0000000e-20      3.6931434e-03
     2.6000000e+03      1.0000000e-19      3.6676440e-03
     2.6000000e+03      5.0000000e-19      3.5564821e-03
     2.6000000e+03      1.0000000e-18      3.4223785e-03
     2.6000000e+03      1.8000000e-18      3.2185177e-03
     2.6000000e+03      3.2000000e-18      2.8912546e-03
     2.6000000e+03      5.6000000e-18      2.4075126e-03
     2.6000000e+03      1.0000000e-17      1.7251263e-03
     2.6000000e+03      1.5000000e-17      1.1856491e-03
     2.6000000e+03      2.2000000e-17      7.0603318e-04
     2.6000000e+03      3.2000000e-17      3.4116286e-04
     2.6000000e+03      4.6000000e-17      1.2642079e-04
     2.6000000e+03      6.8000000e-17      2.8113894e-05
     2.6000000e+03      1.0000000e-16      3.5238578e-06
     2.6000000e+03      1.5000000e-16      1.6931930e-07
     2.6000000e+03      2.2000000e-16      3.2892466e-09
     2.6000000e+03      3.2000000e-16      1.8122363e-11
     2.6000000e+03      4.6000000e-16      2.2650968e-14
     2.6000000e+03      6.8000000e-16      1.5804152e-18
     2.6000000e+03      1.0000000e-15      4.3624310e-24
     2.6000000e+03      1.5000000e-15      2.1397650e-32
     2.6000000e+03      2.2000000e-15      6.5576173e-44
     2.6000000e+03      3.2000000e-15      2.4408940e-60
     2.6000000e+03      5.6000000e-15      9.1249996e-100
     2.6000000e+03      1.0000000e-14      4.7521934e-172
     2.6000000e+03      1.8000000e-14      1.7891299e-303
     2.6000000e+03      3.7000000e-14      0.0000000e+00
     2.6000000e+03      1.0000000e-13      0.0000000e+00
     2.6000000e+03      1.0000000e-12      0.0000000e+00
     2.6000000e+03      1.0000000e+06      0.0000000e+00
     2.8000000e+03      0.0000000e+00      2.3285452e-03
     2.8000000e+03      1.0000000e-22      2.3285260e-03
     2.8000000e+03      1.0000000e-20      2.3266262e-03
     2.8000000e+03      1.0000000e-19      2.3094279e-03
     2.8000000e+03      5.0000000e-19      2.2345461e-03
     2.8000000e+03      1.0000000e-18      2.1444149e-03
     2.8000000e+03      1.8000000e-18      2.0078490e-03
     2.8000000e+03      3.2000000e-18      1.7898307e-03
     2.8000000e+03      5.6000000e-18      1.4706524e-03
     2.8000000e+03      1.0000000e-17      1.0280808e-03
     2.8000000e+03      1.5000000e-17      6.8671210e-04
     2.8000000e+03      2.2000000e-17      3.9264921e-04
     2.8000000e+03      3.2000000e-17      1.7883590e-04
     2.8000000e+03      4.6000000e-17      6.0908416e-05
     2.8000000e+03      6.8000000e-17      1.1844343e-05
     2.8000000e+03      1.0000000e-16      1.2229524e-06
     2.8000000e+03      1.5000000e-16      4.3967692e-08
     2.8000000e+03      2.2000000e-16      5.9234784e-10
     2.8000000e+03      3.2000000e-16      2.0870653e-12
     2.8000000e+03      4.6000000e-16      1.3996262e-15
     2.8000000e+03      6.8000000e-16      2.5881986e-20
     2.8000000e+03      1.0000000e-15      5.0439519e-27
     2.8000000e+03      1.5000000e-15      2.3030204e-37
     2.8000000e+03      2.2000000e-15      1.0236838e-51
     2.8000000e+03      3.2000000e-15      4.0617211e-72
     2.8000000e+03      5.6000000e-15      6.5408406e-121
     2.8000000e+03      1.0000000e-14      3.4453818e-210
     2.8000000e+03      1.8000000e-14      0.0000000e+00
     2.8000000e+03      3.7000000e-14      0.0000000e+00
     2.8000000e+03      1.0000000e-13      0.0000000e+00
     2.8000000e+03      1.0000000e-12      0.0000000e+00
     2.8000000e+03      1.0000000e+06      0.0000000e+00
     3.0000000e+03      0.0000000e+00      7.1999979e-04
     3.0000000e+03      1.0000000e-22      7.1999300e-04
     3.0000000e+03      1.0000000e-20      7.1932159e-04
     3.0000000e+03      1.0000000e-19      7.1324667e-04
     3.0000000e+03      5.0000000e-19      6.8686613e-04
     3.0000000e+03      1.0000000e-18      6.5526787e-04
     3.0000000e+03      1.8000000e-18      6.0772689e-04
     3.0000000e+03      3.2000000e-18      5.3273276e-04
     3.0000000e+03      5.6000000e-18      4.2519409e-04
     3.0000000e+03      1.0000000e-17      2.8152422e-04
     3.0000000e+03      1.5000000e-17      1.7651093e-04
     3.0000000e+03      2.2000000e-17      9.2120068e-05
     3.0000000e+03      3.2000000e-17      3.6647327e-05
     3.0000000e+03      4.6000000e-17      1.0246249e-05
     3.0000000e+03      6.8000000e-17      1.4449906e-06
     3.0000000e+03      1.0000000e-16      9.3654318e-08
     3.0000000e+03      1.5000000e-16      1.7590192e-09
     3.0000000e+03      2.2000000e-16      1.2401270e-11
     3.0000000e+03      3.2000000e-16      3.1507459e-14
     3.0000000e+03      4.6000000e-16      2.0898737e-17
     3.0000000e+03      6.8000000e-16      2.9969777e-22
     3.0000000e+03      1.0000000e-15      2.8006182e-29
     3.0000000e+03      1.5000000e-15      2.9134681e-40
     3.0000000e+03      2.2000000e-15      1.2258508e-55
     3.0000000e+03      3.2000000e-15      1.3266685e-77
     3.0000000e+03      5.6000000e-15      2.5418032e-130
     3.0000000e+03      1.0000000e-14      5.7038885e-227
     3.0000000e+03      1.8000000e-14      0.0000000e+00
     3.0000000e+03      3.7000000e-14      0.0000000e+00
     3.0000000e+03      1.0000000e-13      0.0000000e+00
     3.0000000e+03      1.0000000e-12      0.0000000e+00
     3.0000000e+03      1.0000000e+06      0.0000000e+00
     3.5000000e+03      0.0000000e+00      0.0000000e+00
     3.5000000e+03      1.0000000e-22      0.0000000e+00
     3.5000000e+03      1.0000000e-20      0.0000000e+00
     3.5000000e+03      1.0000000e-19      0.0000000e+00
     3.5000000e+03      5.0000000e-19      0.0000000e+00
     3.5000000e+03      1.0000000e-18      0.0000000e+00
     3.5000000e+03      1.8000000e-18      0.0000000e+00
     3.5000000e+03      3.2000000e-18      0.0000000e+00
     3.5000000e+03      5.6000000e-18      0.0000000e+00
     3.5000000e+03      1.0000000e-17      0.0000000e+00
     3.5000000e+03      1.5000000e-17      0.0000000e+00
     3.5000000e+03      2.2000000e-17      0.0000000e+00
     3.5000000e+03      3.2000000e-17      0.0000000e+00
     3.5000000e+03      4.6000000e-17      0.0000000e+00
     3.5000000e+03      6.8000000e-17      0.0000000e+00
     3.5000000e+03      1.0000000e-16      0.0000000e+00
     3.5000000e+03      1.5000000e-16      0.0000000e+00
     3.5000000e+03      2.2000000e-16      0.0000000e+00
     3.5000000e+03      3.2000000e-16      0.0000000e+00
     3.5000000e+03      4.6000000e-16      0.0000000e+00
     3.5000000e+03      6.8000000e-16      0.0000000e+00
     3.5000000e+03      1.0000000e-15      0.0000000e+00
     3.5000000e+03      1.5000000e-15      0.0000000e+00
     3.5000000e+03      2.2000000e-15      0.0000000e+00
     3.5000000e+03      3.2000000e-15      0.0000000e+00
     3.5000000e+03      5.6000000e-15      0.0000000e+00
     3.5000000e+03      1.0000000e-14      0.0000000e+00
     3.5000000e+03      1.8000000e-14      0.0000000e+00
     3.5000000e+03      3.7000000e-14      0.0000000e+00
     3.5000000e+03      1.0000000e-13      0.0000000e+00
     3.5000000e+03      1.0000000e-12      0.0000000e+00
     3.5000000e+03      1.0000000e+06      0.0000000e+00
