#            mhscp              width               c100
     4.5000000e+01      0.0000000e+00      0.0000000e+00
     4.5000000e+01      1.0000000e-22      0.0000000e+00
     4.5000000e+01      1.0000000e-20      0.0000000e+00
     4.5000000e+01      1.0000000e-19      0.0000000e+00
     4.5000000e+01      5.0000000e-19      0.0000000e+00
     4.5000000e+01      1.0000000e-18      0.0000000e+00
     4.5000000e+01      1.8000000e-18      0.0000000e+00
     4.5000000e+01      3.2000000e-18      0.0000000e+00
     4.5000000e+01      5.6000000e-18      0.0000000e+00
     4.5000000e+01      1.0000000e-17      0.0000000e+00
     4.5000000e+01      1.5000000e-17      0.0000000e+00
     4.5000000e+01      2.2000000e-17      0.0000000e+00
     4.5000000e+01      3.2000000e-17      0.0000000e+00
     4.5000000e+01      4.6000000e-17      0.0000000e+00
     4.5000000e+01      6.8000000e-17      0.0000000e+00
     4.5000000e+01      1.0000000e-16      0.0000000e+00
     4.5000000e+01      1.5000000e-16      0.0000000e+00
     4.5000000e+01      2.2000000e-16      0.0000000e+00
     4.5000000e+01      3.2000000e-16      0.0000000e+00
     4.5000000e+01      4.6000000e-16      0.0000000e+00
     4.5000000e+01      6.8000000e-16      0.0000000e+00
     4.5000000e+01      1.0000000e-15      0.0000000e+00
     4.5000000e+01      1.5000000e-15      0.0000000e+00
     4.5000000e+01      2.2000000e-15      0.0000000e+00
     4.5000000e+01      3.2000000e-15      0.0000000e+00
     4.5000000e+01      5.6000000e-15      0.0000000e+00
     4.5000000e+01      1.0000000e-14      0.0000000e+00
     4.5000000e+01      1.8000000e-14      0.0000000e+00
     4.5000000e+01      3.7000000e-14      0.0000000e+00
     4.5000000e+01      1.0000000e-13      0.0000000e+00
     4.5000000e+01      1.0000000e-12      0.0000000e+00
     4.5000000e+01      1.0000000e+06      0.0000000e+00
     5.0000000e+01      0.0000000e+00      0.0000000e+00
     5.0000000e+01      1.0000000e-22      0.0000000e+00
     5.0000000e+01      1.0000000e-20      0.0000000e+00
     5.0000000e+01      1.0000000e-19      0.0000000e+00
     5.0000000e+01      5.0000000e-19      0.0000000e+00
     5.0000000e+01      1.0000000e-18      0.0000000e+00
     5.0000000e+01      1.8000000e-18      0.0000000e+00
     5.0000000e+01      3.2000000e-18      0.0000000e+00
     5.0000000e+01      5.6000000e-18      0.0000000e+00
     5.0000000e+01      1.0000000e-17      0.0000000e+00
     5.0000000e+01      1.5000000e-17      0.0000000e+00
     5.0000000e+01      2.2000000e-17      0.0000000e+00
     5.0000000e+01      3.2000000e-17      0.0000000e+00
     5.0000000e+01      4.6000000e-17      0.0000000e+00
     5.0000000e+01      6.8000000e-17      0.0000000e+00
     5.0000000e+01      1.0000000e-16      0.0000000e+00
     5.0000000e+01      1.5000000e-16      0.0000000e+00
     5.0000000e+01      2.2000000e-16      0.0000000e+00
     5.0000000e+01      3.2000000e-16      0.0000000e+00
     5.0000000e+01      4.6000000e-16      0.0000000e+00
     5.0000000e+01      6.8000000e-16      0.0000000e+00
     5.0000000e+01      1.0000000e-15      0.0000000e+00
     5.0000000e+01      1.5000000e-15      0.0000000e+00
     5.0000000e+01      2.2000000e-15      0.0000000e+00
     5.0000000e+01      3.2000000e-15      0.0000000e+00
     5.0000000e+01      5.6000000e-15      0.0000000e+00
     5.0000000e+01      1.0000000e-14      0.0000000e+00
     5.0000000e+01      1.8000000e-14      0.0000000e+00
     5.0000000e+01      3.7000000e-14      0.0000000e+00
     5.0000000e+01      1.0000000e-13      0.0000000e+00
     5.0000000e+01      1.0000000e-12      0.0000000e+00
     5.0000000e+01      1.0000000e+06      0.0000000e+00
     5.5000000e+01      0.0000000e+00      0.0000000e+00
     5.5000000e+01      1.0000000e-22      0.0000000e+00
     5.5000000e+01      1.0000000e-20      0.0000000e+00
     5.5000000e+01      1.0000000e-19      0.0000000e+00
     5.5000000e+01      5.0000000e-19      0.0000000e+00
     5.5000000e+01      1.0000000e-18      0.0000000e+00
     5.5000000e+01      1.8000000e-18      0.0000000e+00
     5.5000000e+01      3.2000000e-18      0.0000000e+00
     5.5000000e+01      5.6000000e-18      0.0000000e+00
     5.5000000e+01      1.0000000e-17      0.0000000e+00
     5.5000000e+01      1.5000000e-17      0.0000000e+00
     5.5000000e+01      2.2000000e-17      0.0000000e+00
     5.5000000e+01      3.2000000e-17      0.0000000e+00
     5.5000000e+01      4.6000000e-17      0.0000000e+00
     5.5000000e+01      6.8000000e-17      0.0000000e+00
     5.5000000e+01      1.0000000e-16      0.0000000e+00
     5.5000000e+01      1.5000000e-16      0.0000000e+00
     5.5000000e+01      2.2000000e-16      0.0000000e+00
     5.5000000e+01      3.2000000e-16      0.0000000e+00
     5.5000000e+01      4.6000000e-16      0.0000000e+00
     5.5000000e+01      6.8000000e-16      0.0000000e+00
     5.5000000e+01      1.0000000e-15      0.0000000e+00
     5.5000000e+01      1.5000000e-15      0.0000000e+00
     5.5000000e+01      2.2000000e-15      0.0000000e+00
     5.5000000e+01      3.2000000e-15      0.0000000e+00
     5.5000000e+01      5.6000000e-15      0.0000000e+00
     5.5000000e+01      1.0000000e-14      0.0000000e+00
     5.5000000e+01      1.8000000e-14      0.0000000e+00
     5.5000000e+01      3.7000000e-14      0.0000000e+00
     5.5000000e+01      1.0000000e-13      0.0000000e+00
     5.5000000e+01      1.0000000e-12      0.0000000e+00
     5.5000000e+01      1.0000000e+06      0.0000000e+00
     6.0000000e+01      0.0000000e+00      0.0000000e+00
     6.0000000e+01      1.0000000e-22      0.0000000e+00
     6.0000000e+01      1.0000000e-20      0.0000000e+00
     6.0000000e+01      1.0000000e-19      0.0000000e+00
     6.0000000e+01      5.0000000e-19      0.0000000e+00
     6.0000000e+01      1.0000000e-18      0.0000000e+00
     6.0000000e+01      1.8000000e-18      0.0000000e+00
     6.0000000e+01      3.2000000e-18      0.0000000e+00
     6.0000000e+01      5.6000000e-18      0.0000000e+00
     6.0000000e+01      1.0000000e-17      0.0000000e+00
     6.0000000e+01      1.5000000e-17      0.0000000e+00
     6.0000000e+01      2.2000000e-17      0.0000000e+00
     6.0000000e+01      3.2000000e-17      0.0000000e+00
     6.0000000e+01      4.6000000e-17      0.0000000e+00
     6.0000000e+01      6.8000000e-17      0.0000000e+00
     6.0000000e+01      1.0000000e-16      0.0000000e+00
     6.0000000e+01      1.5000000e-16      0.0000000e+00
     6.0000000e+01      2.2000000e-16      0.0000000e+00
     6.0000000e+01      3.2000000e-16      0.0000000e+00
     6.0000000e+01      4.6000000e-16      0.0000000e+00
     6.0000000e+01      6.8000000e-16      0.0000000e+00
     6.0000000e+01      1.0000000e-15      0.0000000e+00
     6.0000000e+01      1.5000000e-15      0.0000000e+00
     6.0000000e+01      2.2000000e-15      0.0000000e+00
     6.0000000e+01      3.2000000e-15      0.0000000e+00
     6.0000000e+01      5.6000000e-15      0.0000000e+00
     6.0000000e+01      1.0000000e-14      0.0000000e+00
     6.0000000e+01      1.8000000e-14      0.0000000e+00
     6.0000000e+01      3.7000000e-14      0.0000000e+00
     6.0000000e+01      1.0000000e-13      0.0000000e+00
     6.0000000e+01      1.0000000e-12      0.0000000e+00
     6.0000000e+01      1.0000000e+06      0.0000000e+00
     6.5000000e+01      0.0000000e+00      0.0000000e+00
     6.5000000e+01      1.0000000e-22      0.0000000e+00
     6.5000000e+01      1.0000000e-20      0.0000000e+00
     6.5000000e+01      1.0000000e-19      0.0000000e+00
     6.5000000e+01      5.0000000e-19      0.0000000e+00
     6.5000000e+01      1.0000000e-18      0.0000000e+00
     6.5000000e+01      1.8000000e-18      0.0000000e+00
     6.5000000e+01      3.2000000e-18      0.0000000e+00
     6.5000000e+01      5.6000000e-18      0.0000000e+00
     6.5000000e+01      1.0000000e-17      0.0000000e+00
     6.5000000e+01      1.5000000e-17      0.0000000e+00
     6.5000000e+01      2.2000000e-17      0.0000000e+00
     6.5000000e+01      3.2000000e-17      0.0000000e+00
     6.5000000e+01      4.6000000e-17      0.0000000e+00
     6.5000000e+01      6.8000000e-17      0.0000000e+00
     6.5000000e+01      1.0000000e-16      0.0000000e+00
     6.5000000e+01      1.5000000e-16      0.0000000e+00
     6.5000000e+01      2.2000000e-16      0.0000000e+00
     6.5000000e+01      3.2000000e-16      0.0000000e+00
     6.5000000e+01      4.6000000e-16      0.0000000e+00
     6.5000000e+01      6.8000000e-16      0.0000000e+00
     6.5000000e+01      1.0000000e-15      0.0000000e+00
     6.5000000e+01      1.5000000e-15      0.0000000e+00
     6.5000000e+01      2.2000000e-15      0.0000000e+00
     6.5000000e+01      3.2000000e-15      0.0000000e+00
     6.5000000e+01      5.6000000e-15      0.0000000e+00
     6.5000000e+01      1.0000000e-14      0.0000000e+00
     6.5000000e+01      1.8000000e-14      0.0000000e+00
     6.5000000e+01      3.7000000e-14      0.0000000e+00
     6.5000000e+01      1.0000000e-13      0.0000000e+00
     6.5000000e+01      1.0000000e-12      0.0000000e+00
     6.5000000e+01      1.0000000e+06      0.0000000e+00
     7.5000000e+01      0.0000000e+00      0.0000000e+00
     7.5000000e+01      1.0000000e-22      0.0000000e+00
     7.5000000e+01      1.0000000e-20      0.0000000e+00
     7.5000000e+01      1.0000000e-19      0.0000000e+00
     7.5000000e+01      5.0000000e-19      0.0000000e+00
     7.5000000e+01      1.0000000e-18      0.0000000e+00
     7.5000000e+01      1.8000000e-18      0.0000000e+00
     7.5000000e+01      3.2000000e-18      0.0000000e+00
     7.5000000e+01      5.6000000e-18      0.0000000e+00
     7.5000000e+01      1.0000000e-17      0.0000000e+00
     7.5000000e+01      1.5000000e-17      0.0000000e+00
     7.5000000e+01      2.2000000e-17      0.0000000e+00
     7.5000000e+01      3.2000000e-17      0.0000000e+00
     7.5000000e+01      4.6000000e-17      0.0000000e+00
     7.5000000e+01      6.8000000e-17      0.0000000e+00
     7.5000000e+01      1.0000000e-16      0.0000000e+00
     7.5000000e+01      1.5000000e-16      0.0000000e+00
     7.5000000e+01      2.2000000e-16      0.0000000e+00
     7.5000000e+01      3.2000000e-16      0.0000000e+00
     7.5000000e+01      4.6000000e-16      0.0000000e+00
     7.5000000e+01      6.8000000e-16      0.0000000e+00
     7.5000000e+01      1.0000000e-15      0.0000000e+00
     7.5000000e+01      1.5000000e-15      0.0000000e+00
     7.5000000e+01      2.2000000e-15      0.0000000e+00
     7.5000000e+01      3.2000000e-15      0.0000000e+00
     7.5000000e+01      5.6000000e-15      0.0000000e+00
     7.5000000e+01      1.0000000e-14      0.0000000e+00
     7.5000000e+01      1.8000000e-14      0.0000000e+00
     7.5000000e+01      3.7000000e-14      0.0000000e+00
     7.5000000e+01      1.0000000e-13      0.0000000e+00
     7.5000000e+01      1.0000000e-12      0.0000000e+00
     7.5000000e+01      1.0000000e+06      0.0000000e+00
     8.0000000e+01      0.0000000e+00      0.0000000e+00
     8.0000000e+01      1.0000000e-22      0.0000000e+00
     8.0000000e+01      1.0000000e-20      0.0000000e+00
     8.0000000e+01      1.0000000e-19      0.0000000e+00
     8.0000000e+01      5.0000000e-19      0.0000000e+00
     8.0000000e+01      1.0000000e-18      0.0000000e+00
     8.0000000e+01      1.8000000e-18      0.0000000e+00
     8.0000000e+01      3.2000000e-18      0.0000000e+00
     8.0000000e+01      5.6000000e-18      0.0000000e+00
     8.0000000e+01      1.0000000e-17      0.0000000e+00
     8.0000000e+01      1.5000000e-17      0.0000000e+00
     8.0000000e+01      2.2000000e-17      0.0000000e+00
     8.0000000e+01      3.2000000e-17      0.0000000e+00
     8.0000000e+01      4.6000000e-17      0.0000000e+00
     8.0000000e+01      6.8000000e-17      0.0000000e+00
     8.0000000e+01      1.0000000e-16      0.0000000e+00
     8.0000000e+01      1.5000000e-16      0.0000000e+00
     8.0000000e+01      2.2000000e-16      0.0000000e+00
     8.0000000e+01      3.2000000e-16      0.0000000e+00
     8.0000000e+01      4.6000000e-16      0.0000000e+00
     8.0000000e+01      6.8000000e-16      0.0000000e+00
     8.0000000e+01      1.0000000e-15      0.0000000e+00
     8.0000000e+01      1.5000000e-15      0.0000000e+00
     8.0000000e+01      2.2000000e-15      0.0000000e+00
     8.0000000e+01      3.2000000e-15      0.0000000e+00
     8.0000000e+01      5.6000000e-15      0.0000000e+00
     8.0000000e+01      1.0000000e-14      0.0000000e+00
     8.0000000e+01      1.8000000e-14      0.0000000e+00
     8.0000000e+01      3.7000000e-14      0.0000000e+00
     8.0000000e+01      1.0000000e-13      0.0000000e+00
     8.0000000e+01      1.0000000e-12      0.0000000e+00
     8.0000000e+01      1.0000000e+06      0.0000000e+00
     1.0000000e+02      0.0000000e+00      0.0000000e+00
     1.0000000e+02      1.0000000e-22      0.0000000e+00
     1.0000000e+02      1.0000000e-20      0.0000000e+00
     1.0000000e+02      1.0000000e-19      0.0000000e+00
     1.0000000e+02      5.0000000e-19      0.0000000e+00
     1.0000000e+02      1.0000000e-18      0.0000000e+00
     1.0000000e+02      1.8000000e-18      0.0000000e+00
     1.0000000e+02      3.2000000e-18      0.0000000e+00
     1.0000000e+02      5.6000000e-18      0.0000000e+00
     1.0000000e+02      1.0000000e-17      0.0000000e+00
     1.0000000e+02      1.5000000e-17      0.0000000e+00
     1.0000000e+02      2.2000000e-17      0.0000000e+00
     1.0000000e+02      3.2000000e-17      0.0000000e+00
     1.0000000e+02      4.6000000e-17      0.0000000e+00
     1.0000000e+02      6.8000000e-17      0.0000000e+00
     1.0000000e+02      1.0000000e-16      0.0000000e+00
     1.0000000e+02      1.5000000e-16      0.0000000e+00
     1.0000000e+02      2.2000000e-16      0.0000000e+00
     1.0000000e+02      3.2000000e-16      0.0000000e+00
     1.0000000e+02      4.6000000e-16      0.0000000e+00
     1.0000000e+02      6.8000000e-16      0.0000000e+00
     1.0000000e+02      1.0000000e-15      0.0000000e+00
     1.0000000e+02      1.5000000e-15      0.0000000e+00
     1.0000000e+02      2.2000000e-15      0.0000000e+00
     1.0000000e+02      3.2000000e-15      0.0000000e+00
     1.0000000e+02      5.6000000e-15      0.0000000e+00
     1.0000000e+02      1.0000000e-14      0.0000000e+00
     1.0000000e+02      1.8000000e-14      0.0000000e+00
     1.0000000e+02      3.7000000e-14      0.0000000e+00
     1.0000000e+02      1.0000000e-13      0.0000000e+00
     1.0000000e+02      1.0000000e-12      0.0000000e+00
     1.0000000e+02      1.0000000e+06      0.0000000e+00
     1.2500000e+02      0.0000000e+00      0.0000000e+00
     1.2500000e+02      1.0000000e-22      0.0000000e+00
     1.2500000e+02      1.0000000e-20      0.0000000e+00
     1.2500000e+02      1.0000000e-19      0.0000000e+00
     1.2500000e+02      5.0000000e-19      0.0000000e+00
     1.2500000e+02      1.0000000e-18      0.0000000e+00
     1.2500000e+02      1.8000000e-18      0.0000000e+00
     1.2500000e+02      3.2000000e-18      0.0000000e+00
     1.2500000e+02      5.6000000e-18      0.0000000e+00
     1.2500000e+02      1.0000000e-17      0.0000000e+00
     1.2500000e+02      1.5000000e-17      0.0000000e+00
     1.2500000e+02      2.2000000e-17      0.0000000e+00
     1.2500000e+02      3.2000000e-17      0.0000000e+00
     1.2500000e+02      4.6000000e-17      0.0000000e+00
     1.2500000e+02      6.8000000e-17      0.0000000e+00
     1.2500000e+02      1.0000000e-16      0.0000000e+00
     1.2500000e+02      1.5000000e-16      0.0000000e+00
     1.2500000e+02      2.2000000e-16      0.0000000e+00
     1.2500000e+02      3.2000000e-16      0.0000000e+00
     1.2500000e+02      4.6000000e-16      0.0000000e+00
     1.2500000e+02      6.8000000e-16      0.0000000e+00
     1.2500000e+02      1.0000000e-15      0.0000000e+00
     1.2500000e+02      1.5000000e-15      0.0000000e+00
     1.2500000e+02      2.2000000e-15      0.0000000e+00
     1.2500000e+02      3.2000000e-15      0.0000000e+00
     1.2500000e+02      5.6000000e-15      0.0000000e+00
     1.2500000e+02      1.0000000e-14      0.0000000e+00
     1.2500000e+02      1.8000000e-14      0.0000000e+00
     1.2500000e+02      3.7000000e-14      0.0000000e+00
     1.2500000e+02      1.0000000e-13      0.0000000e+00
     1.2500000e+02      1.0000000e-12      0.0000000e+00
     1.2500000e+02      1.0000000e+06      0.0000000e+00
     1.5000000e+02      0.0000000e+00      0.0000000e+00
     1.5000000e+02      1.0000000e-22      0.0000000e+00
     1.5000000e+02      1.0000000e-20      0.0000000e+00
     1.5000000e+02      1.0000000e-19      0.0000000e+00
     1.5000000e+02      5.0000000e-19      0.0000000e+00
     1.5000000e+02      1.0000000e-18      0.0000000e+00
     1.5000000e+02      1.8000000e-18      0.0000000e+00
     1.5000000e+02      3.2000000e-18      0.0000000e+00
     1.5000000e+02      5.6000000e-18      0.0000000e+00
     1.5000000e+02      1.0000000e-17      0.0000000e+00
     1.5000000e+02      1.5000000e-17      0.0000000e+00
     1.5000000e+02      2.2000000e-17      0.0000000e+00
     1.5000000e+02      3.2000000e-17      0.0000000e+00
     1.5000000e+02      4.6000000e-17      0.0000000e+00
     1.5000000e+02      6.8000000e-17      0.0000000e+00
     1.5000000e+02      1.0000000e-16      0.0000000e+00
     1.5000000e+02      1.5000000e-16      0.0000000e+00
     1.5000000e+02      2.2000000e-16      0.0000000e+00
     1.5000000e+02      3.2000000e-16      0.0000000e+00
     1.5000000e+02      4.6000000e-16      0.0000000e+00
     1.5000000e+02      6.8000000e-16      0.0000000e+00
     1.5000000e+02      1.0000000e-15      0.0000000e+00
     1.5000000e+02      1.5000000e-15      0.0000000e+00
     1.5000000e+02      2.2000000e-15      0.0000000e+00
     1.5000000e+02      3.2000000e-15      0.0000000e+00
     1.5000000e+02      5.6000000e-15      0.0000000e+00
     1.5000000e+02      1.0000000e-14      0.0000000e+00
     1.5000000e+02      1.8000000e-14      0.0000000e+00
     1.5000000e+02      3.7000000e-14      0.0000000e+00
     1.5000000e+02      1.0000000e-13      0.0000000e+00
     1.5000000e+02      1.0000000e-12      0.0000000e+00
     1.5000000e+02      1.0000000e+06      0.0000000e+00
     1.7500000e+02      0.0000000e+00      3.0727021e-01
     1.7500000e+02      1.0000000e-22      3.0726906e-01
     1.7500000e+02      1.0000000e-20      3.0715551e-01
     1.7500000e+02      1.0000000e-19      3.0612446e-01
     1.7500000e+02      5.0000000e-19      3.0156937e-01
     1.7500000e+02      1.0000000e-18      2.9593944e-01
     1.7500000e+02      1.8000000e-18      2.8708311e-01
     1.7500000e+02      3.2000000e-18      2.7204753e-01
     1.7500000e+02      5.6000000e-18      2.4768807e-01
     1.7500000e+02      1.0000000e-17      2.0773104e-01
     1.7500000e+02      1.5000000e-17      1.6940242e-01
     1.7500000e+02      2.2000000e-17      1.2686667e-01
     1.7500000e+02      3.2000000e-17      8.3832394e-02
     1.7500000e+02      4.6000000e-17      4.7229076e-02
     1.7500000e+02      6.8000000e-17      1.9684072e-02
     1.7500000e+02      1.0000000e-16      5.8766763e-03
     1.7500000e+02      1.5000000e-16      1.0163777e-03
     1.7500000e+02      2.2000000e-16      1.0728319e-04
     1.7500000e+02      3.2000000e-16      5.7739095e-06
     1.7500000e+02      4.6000000e-16      1.4233124e-07
     1.7500000e+02      6.8000000e-16      8.4650187e-10
     1.7500000e+02      1.0000000e-15      1.7740795e-12
     1.7500000e+02      1.5000000e-15      5.2296077e-16
     1.7500000e+02      2.2000000e-15      1.2512917e-20
     1.7500000e+02      3.2000000e-15      4.6115443e-27
     1.7500000e+02      5.6000000e-15      3.5108955e-42
     1.7500000e+02      1.0000000e-14      1.7822048e-69
     1.7500000e+02      1.8000000e-14      1.1424721e-118
     1.7500000e+02      3.7000000e-14      4.0593104e-235
     1.7500000e+02      1.0000000e-13      0.0000000e+00
     1.7500000e+02      1.0000000e-12      0.0000000e+00
     1.7500000e+02      1.0000000e+06      0.0000000e+00
     2.0000000e+02      0.0000000e+00      3.4555614e-01
     2.0000000e+02      1.0000000e-22      3.4555487e-01
     2.0000000e+02      1.0000000e-20      3.4542913e-01
     2.0000000e+02      1.0000000e-19      3.4428730e-01
     2.0000000e+02      5.0000000e-19      3.3924025e-01
     2.0000000e+02      1.0000000e-18      3.3299672e-01
     2.0000000e+02      1.8000000e-18      3.2316329e-01
     2.0000000e+02      3.2000000e-18      3.0643803e-01
     2.0000000e+02      5.6000000e-18      2.7926753e-01
     2.0000000e+02      1.0000000e-17      2.3453376e-01
     2.0000000e+02      1.5000000e-17      1.9146488e-01
     2.0000000e+02      2.2000000e-17      1.4352139e-01
     2.0000000e+02      3.2000000e-17      9.4884306e-02
     2.0000000e+02      4.6000000e-17      5.3426813e-02
     2.0000000e+02      6.8000000e-17      2.2192419e-02
     2.0000000e+02      1.0000000e-16      6.5572908e-03
     2.0000000e+02      1.5000000e-16      1.1016353e-03
     2.0000000e+02      2.2000000e-16      1.0919472e-04
     2.0000000e+02      3.2000000e-16      5.2358458e-06
     2.0000000e+02      4.6000000e-16      1.0973596e-07
     2.0000000e+02      6.8000000e-16      5.3623343e-10
     2.0000000e+02      1.0000000e-15      7.0988590e-13
     2.0000000e+02      1.5000000e-15      5.8376882e-17
     2.0000000e+02      2.2000000e-15      2.2494557e-22
     2.0000000e+02      3.2000000e-15      1.0168373e-29
     2.0000000e+02      5.6000000e-15      1.0552153e-46
     2.0000000e+02      1.0000000e-14      2.4268257e-77
     2.0000000e+02      1.8000000e-14      1.1535667e-132
     2.0000000e+02      3.7000000e-14      9.8574967e-264
     2.0000000e+02      1.0000000e-13      0.0000000e+00
     2.0000000e+02      1.0000000e-12      0.0000000e+00
     2.0000000e+02      1.0000000e+06      0.0000000e+00
     2.2500000e+02      0.0000000e+00      3.7837979e-01
     2.2500000e+02      1.0000000e-22      3.7837840e-01
     2.2500000e+02      1.0000000e-20      3.7824073e-01
     2.2500000e+02      1.0000000e-19      3.7699052e-01
     2.2500000e+02      5.0000000e-19      3.7146336e-01
     2.2500000e+02      1.0000000e-18      3.6462363e-01
     2.2500000e+02      1.8000000e-18      3.5384666e-01
     2.2500000e+02      3.2000000e-18      3.3550586e-01
     2.2500000e+02      5.6000000e-18      3.0569027e-01
     2.2500000e+02      1.0000000e-17      2.5657524e-01
     2.2500000e+02      1.5000000e-17      2.0929325e-01
     2.2500000e+02      2.2000000e-17      1.5670669e-01
     2.2500000e+02      3.2000000e-17      1.0345255e-01
     2.2500000e+02      4.6000000e-17      5.8171741e-02
     2.2500000e+02      6.8000000e-17      2.4152099e-02
     2.2500000e+02      1.0000000e-16      7.1563191e-03
     2.2500000e+02      1.5000000e-16      1.2163540e-03
     2.2500000e+02      2.2000000e-16      1.2398576e-04
     2.2500000e+02      3.2000000e-16      6.2539953e-06
     2.2500000e+02      4.6000000e-16      1.3742428e-07
     2.2500000e+02      6.8000000e-16      6.0969235e-10
     2.2500000e+02      1.0000000e-15      5.5146192e-13
     2.2500000e+02      1.5000000e-15      2.5548830e-17
     2.2500000e+02      2.2000000e-15      3.5394871e-23
     2.2500000e+02      3.2000000e-15      1.9733977e-31
     2.2500000e+02      5.6000000e-15      6.7331622e-51
     2.2500000e+02      1.0000000e-14      1.1536726e-85
     2.2500000e+02      1.8000000e-14      6.3161903e-148
     2.2500000e+02      3.7000000e-14      3.8578954e-295
     2.2500000e+02      1.0000000e-13      0.0000000e+00
     2.2500000e+02      1.0000000e-12      0.0000000e+00
     2.2500000e+02      1.0000000e+06      0.0000000e+00
     2.5000000e+02      0.0000000e+00      4.0509721e-01
     2.5000000e+02      1.0000000e-22      4.0509574e-01
     2.5000000e+02      1.0000000e-20      4.0494993e-01
     2.5000000e+02      1.0000000e-19      4.0362568e-01
     2.5000000e+02      5.0000000e-19      3.9776752e-01
     2.5000000e+02      1.0000000e-18      3.9051024e-01
     2.5000000e+02      1.8000000e-18      3.7905867e-01
     2.5000000e+02      3.2000000e-18      3.5952745e-01
     2.5000000e+02      5.6000000e-18      3.2768023e-01
     2.5000000e+02      1.0000000e-17      2.7502232e-01
     2.5000000e+02      1.5000000e-17      2.2417902e-01
     2.5000000e+02      2.2000000e-17      1.6755251e-01
     2.5000000e+02      3.2000000e-17      1.1023013e-01
     2.5000000e+02      4.6000000e-17      6.1626665e-02
     2.5000000e+02      6.8000000e-17      2.5329916e-02
     2.5000000e+02      1.0000000e-16      7.3851710e-03
     2.5000000e+02      1.5000000e-16      1.2195539e-03
     2.5000000e+02      2.2000000e-16      1.1854654e-04
     2.5000000e+02      3.2000000e-16      5.5555606e-06
     2.5000000e+02      4.6000000e-16      1.1304422e-07
     2.5000000e+02      6.8000000e-16      5.2249610e-10
     2.5000000e+02      1.0000000e-15      6.2577523e-13
     2.5000000e+02      1.5000000e-15      4.0248990e-17
     2.5000000e+02      2.2000000e-15      7.6011324e-23
     2.5000000e+02      3.2000000e-15      6.0265801e-31
     2.5000000e+02      5.6000000e-15      3.1052941e-50
     2.5000000e+02      1.0000000e-14      2.3579366e-85
     2.5000000e+02      1.8000000e-14      6.6640700e-149
     2.5000000e+02      3.7000000e-14      2.3874185e-299
     2.5000000e+02      1.0000000e-13      0.0000000e+00
     2.5000000e+02      1.0000000e-12      0.0000000e+00
     2.5000000e+02      1.0000000e+06      0.0000000e+00
     2.7500000e+02      0.0000000e+00      4.3636536e-01
     2.7500000e+02      1.0000000e-22      4.3636378e-01
     2.7500000e+02      1.0000000e-20      4.3620735e-01
     2.7500000e+02      1.0000000e-19      4.3478651e-01
     2.7500000e+02      5.0000000e-19      4.2849988e-01
     2.7500000e+02      1.0000000e-18      4.2070924e-01
     2.7500000e+02      1.8000000e-18      4.0841086e-01
     2.7500000e+02      3.2000000e-18      3.8742272e-01
     2.7500000e+02      5.6000000e-18      3.5317340e-01
     2.7500000e+02      1.0000000e-17      2.9649793e-01
     2.7500000e+02      1.5000000e-17      2.4174975e-01
     2.7500000e+02      2.2000000e-17      1.8076910e-01
     2.7500000e+02      3.2000000e-17      1.1904512e-01
     2.7500000e+02      4.6000000e-17      6.6702288e-02
     2.7500000e+02      6.8000000e-17      2.7561440e-02
     2.7500000e+02      1.0000000e-16      8.1257168e-03
     2.7500000e+02      1.5000000e-16      1.3748368e-03
     2.7500000e+02      2.2000000e-16      1.3987198e-04
     2.7500000e+02      3.2000000e-16      7.0979348e-06
     2.7500000e+02      4.6000000e-16      1.6080842e-07
     2.7500000e+02      6.8000000e-16      8.3488769e-10
     2.7500000e+02      1.0000000e-15      1.9481142e-12
     2.7500000e+02      1.5000000e-15      1.5640212e-15
     2.7500000e+02      2.2000000e-15      1.3677611e-19
     2.7500000e+02      3.2000000e-15      2.3621382e-25
     2.7500000e+02      5.6000000e-15      4.2692370e-39
     2.7500000e+02      1.0000000e-14      4.4712042e-64
     2.7500000e+02      1.8000000e-14      3.3604022e-109
     2.7500000e+02      3.7000000e-14      6.6685765e-216
     2.7500000e+02      1.0000000e-13      0.0000000e+00
     2.7500000e+02      1.0000000e-12      0.0000000e+00
     2.7500000e+02      1.0000000e+06      0.0000000e+00
     3.0000000e+02      0.0000000e+00      4.6272705e-01
     3.0000000e+02      1.0000000e-22      4.6272540e-01
     3.0000000e+02      1.0000000e-20      4.6256221e-01
     3.0000000e+02      1.0000000e-19      4.6107980e-01
     3.0000000e+02      5.0000000e-19      4.5451710e-01
     3.0000000e+02      1.0000000e-18      4.4637624e-01
     3.0000000e+02      1.8000000e-18      4.3350768e-01
     3.0000000e+02      3.2000000e-18      4.1150122e-01
     3.0000000e+02      5.6000000e-18      3.7548132e-01
     3.0000000e+02      1.0000000e-17      3.1562815e-01
     3.0000000e+02      1.5000000e-17      2.5757365e-01
     3.0000000e+02      2.2000000e-17      1.9269672e-01
     3.0000000e+02      3.2000000e-17      1.2685993e-01
     3.0000000e+02      4.6000000e-17      7.0956802e-02
     3.0000000e+02      6.8000000e-17      2.9183654e-02
     3.0000000e+02      1.0000000e-16      8.5237038e-03
     3.0000000e+02      1.5000000e-16      1.4148061e-03
     3.0000000e+02      2.2000000e-16      1.3908131e-04
     3.0000000e+02      3.2000000e-16      6.6495144e-06
     3.0000000e+02      4.6000000e-16      1.3843008e-07
     3.0000000e+02      6.8000000e-16      6.7604667e-10
     3.0000000e+02      1.0000000e-15      1.5898414e-12
     3.0000000e+02      1.5000000e-15      9.8449593e-16
     3.0000000e+02      2.2000000e-15      7.5528773e-20
     3.0000000e+02      3.2000000e-15      2.0626122e-25
     3.0000000e+02      5.6000000e-15      2.1309179e-38
     3.0000000e+02      1.0000000e-14      3.8810992e-62
     3.0000000e+02      1.8000000e-14      2.7306644e-105
     3.0000000e+02      3.7000000e-14      9.7772670e-208
     3.0000000e+02      1.0000000e-13      0.0000000e+00
     3.0000000e+02      1.0000000e-12      0.0000000e+00
     3.0000000e+02      1.0000000e+06      0.0000000e+00
     3.2500000e+02      0.0000000e+00      4.8911778e-01
     3.2500000e+02      1.0000000e-22      4.8911604e-01
     3.2500000e+02      1.0000000e-20      4.8894379e-01
     3.2500000e+02      1.0000000e-19      4.8737900e-01
     3.2500000e+02      5.0000000e-19      4.8044941e-01
     3.2500000e+02      1.0000000e-18      4.7184886e-01
     3.2500000e+02      1.8000000e-18      4.5824433e-01
     3.2500000e+02      3.2000000e-18      4.3495683e-01
     3.2500000e+02      5.6000000e-18      3.9679405e-01
     3.2500000e+02      1.0000000e-17      3.3330706e-01
     3.2500000e+02      1.5000000e-17      2.7170491e-01
     3.2500000e+02      2.2000000e-17      2.0290899e-01
     3.2500000e+02      3.2000000e-17      1.3322379e-01
     3.2500000e+02      4.6000000e-17      7.4238659e-02
     3.2500000e+02      6.8000000e-17      3.0366511e-02
     3.2500000e+02      1.0000000e-16      8.8061473e-03
     3.2500000e+02      1.5000000e-16      1.4482172e-03
     3.2500000e+02      2.2000000e-16      1.4119178e-04
     3.2500000e+02      3.2000000e-16      6.7465443e-06
     3.2500000e+02      4.6000000e-16      1.4282706e-07
     3.2500000e+02      6.8000000e-16      7.2746515e-10
     3.2500000e+02      1.0000000e-15      1.9306201e-12
     3.2500000e+02      1.5000000e-15      1.5554994e-15
     3.2500000e+02      2.2000000e-15      1.4519888e-19
     3.2500000e+02      3.2000000e-15      2.9822102e-25
     3.2500000e+02      5.6000000e-15      7.7123706e-39
     3.2500000e+02      1.0000000e-14      1.2263704e-63
     3.2500000e+02      1.8000000e-14      1.5478445e-108
     3.2500000e+02      3.7000000e-14      8.7050196e-215
     3.2500000e+02      1.0000000e-13      0.0000000e+00
     3.2500000e+02      1.0000000e-12      0.0000000e+00
     3.2500000e+02      1.0000000e+06      0.0000000e+00
     3.5000000e+02      0.0000000e+00      5.1173644e-01
     3.5000000e+02      1.0000000e-22      5.1173462e-01
     3.5000000e+02      1.0000000e-20      5.1155454e-01
     3.5000000e+02      1.0000000e-19      5.0991856e-01
     3.5000000e+02      5.0000000e-19      5.0267341e-01
     3.5000000e+02      1.0000000e-18      4.9368051e-01
     3.5000000e+02      1.8000000e-18      4.7945384e-01
     3.5000000e+02      3.2000000e-18      4.5509734e-01
     3.5000000e+02      5.6000000e-18      4.1517267e-01
     3.5000000e+02      1.0000000e-17      3.4873106e-01
     3.5000000e+02      1.5000000e-17      2.8424019e-01
     3.5000000e+02      2.2000000e-17      2.1220303e-01
     3.5000000e+02      3.2000000e-17      1.3923604e-01
     3.5000000e+02      4.6000000e-17      7.7501782e-02
     3.5000000e+02      6.8000000e-17      3.1641053e-02
     3.5000000e+02      1.0000000e-16      9.1535915e-03
     3.5000000e+02      1.5000000e-16      1.5017184e-03
     3.5000000e+02      2.2000000e-16      1.4614556e-04
     3.5000000e+02      3.2000000e-16      6.9577073e-06
     3.5000000e+02      4.6000000e-16      1.4545268e-07
     3.5000000e+02      6.8000000e-16      6.9538873e-10
     3.5000000e+02      1.0000000e-15      1.2770389e-12
     3.5000000e+02      1.5000000e-15      5.2508984e-16
     3.5000000e+02      2.2000000e-15      2.4026505e-20
     3.5000000e+02      3.2000000e-15      1.8266214e-26
     3.5000000e+02      5.6000000e-15      4.4419196e-41
     3.5000000e+02      1.0000000e-14      1.0077004e-67
     3.5000000e+02      1.8000000e-14      5.9224341e-116
     3.5000000e+02      3.7000000e-14      3.1878910e-230
     3.5000000e+02      1.0000000e-13      0.0000000e+00
     3.5000000e+02      1.0000000e-12      0.0000000e+00
     3.5000000e+02      1.0000000e+06      0.0000000e+00
     3.7500000e+02      0.0000000e+00      5.3346355e-01
     3.7500000e+02      1.0000000e-22      5.3346168e-01
     3.7500000e+02      1.0000000e-20      5.3327650e-01
     3.7500000e+02      1.0000000e-19      5.3159400e-01
     3.7500000e+02      5.0000000e-19      5.2413867e-01
     3.7500000e+02      1.0000000e-18      5.1487583e-01
     3.7500000e+02      1.8000000e-18      5.0020301e-01
     3.7500000e+02      3.2000000e-18      4.7503382e-01
     3.7500000e+02      5.6000000e-18      4.3366370e-01
     3.7500000e+02      1.0000000e-17      3.6457486e-01
     3.7500000e+02      1.5000000e-17      2.9730520e-01
     3.7500000e+02      2.2000000e-17      2.2200104e-01
     3.7500000e+02      3.2000000e-17      1.4562184e-01
     3.7500000e+02      4.6000000e-17      8.0977693e-02
     3.7500000e+02      6.8000000e-17      3.2990864e-02
     3.7500000e+02      1.0000000e-16      9.5083391e-03
     3.7500000e+02      1.5000000e-16      1.5486607e-03
     3.7500000e+02      2.2000000e-16      1.4889935e-04
     3.7500000e+02      3.2000000e-16      6.9578262e-06
     3.7500000e+02      4.6000000e-16      1.4139489e-07
     3.7500000e+02      6.8000000e-16      6.2466023e-10
     3.7500000e+02      1.0000000e-15      8.3486083e-13
     3.7500000e+02      1.5000000e-15      1.6763710e-16
     3.7500000e+02      2.2000000e-15      3.5032150e-21
     3.7500000e+02      3.2000000e-15      9.8221047e-28
     3.7500000e+02      5.6000000e-15      2.2307510e-43
     3.7500000e+02      1.0000000e-14      6.4988389e-72
     3.7500000e+02      1.8000000e-14      1.3619331e-123
     3.7500000e+02      3.7000000e-14      5.1063030e-246
     3.7500000e+02      1.0000000e-13      0.0000000e+00
     3.7500000e+02      1.0000000e-12      0.0000000e+00
     3.7500000e+02      1.0000000e+06      0.0000000e+00
     4.0000000e+02      0.0000000e+00      5.5366983e-01
     4.0000000e+02      1.0000000e-22      5.5366789e-01
     4.0000000e+02      1.0000000e-20      5.5347545e-01
     4.0000000e+02      1.0000000e-19      5.5172693e-01
     4.0000000e+02      5.0000000e-19      5.4397770e-01
     4.0000000e+02      1.0000000e-18      5.3434687e-01
     4.0000000e+02      1.8000000e-18      5.1908541e-01
     4.0000000e+02      3.2000000e-18      4.9289274e-01
     4.0000000e+02      5.6000000e-18      4.4981292e-01
     4.0000000e+02      1.0000000e-17      3.7783031e-01
     4.0000000e+02      1.5000000e-17      3.0774454e-01
     4.0000000e+02      2.2000000e-17      2.2935048e-01
     4.0000000e+02      3.2000000e-17      1.4998489e-01
     4.0000000e+02      4.6000000e-17      8.3031742e-02
     4.0000000e+02      6.8000000e-17      3.3590071e-02
     4.0000000e+02      1.0000000e-16      9.5859756e-03
     4.0000000e+02      1.5000000e-16      1.5391919e-03
     4.0000000e+02      2.2000000e-16      1.4535144e-04
     4.0000000e+02      3.2000000e-16      6.6384794e-06
     4.0000000e+02      4.6000000e-16      1.3148236e-07
     4.0000000e+02      6.8000000e-16      5.6459986e-10
     4.0000000e+02      1.0000000e-15      6.4736308e-13
     4.0000000e+02      1.5000000e-15      6.5262919e-17
     4.0000000e+02      2.2000000e-15      5.0234916e-22
     4.0000000e+02      3.2000000e-15      4.6610524e-29
     4.0000000e+02      5.6000000e-15      9.1319357e-46
     4.0000000e+02      1.0000000e-14      3.1923714e-76
     4.0000000e+02      1.8000000e-14      2.2450893e-131
     4.0000000e+02      3.7000000e-14      5.3203061e-262
     4.0000000e+02      1.0000000e-13      0.0000000e+00
     4.0000000e+02      1.0000000e-12      0.0000000e+00
     4.0000000e+02      1.0000000e+06      0.0000000e+00
     4.2500000e+02      0.0000000e+00      5.7624954e-01
     4.2500000e+02      1.0000000e-22      5.7624752e-01
     4.2500000e+02      1.0000000e-20      5.7604809e-01
     4.2500000e+02      1.0000000e-19      5.7423598e-01
     4.2500000e+02      5.0000000e-19      5.6620275e-01
     4.2500000e+02      1.0000000e-18      5.5621430e-01
     4.2500000e+02      1.8000000e-18      5.4037636e-01
     4.2500000e+02      3.2000000e-18      5.1316975e-01
     4.2500000e+02      5.6000000e-18      4.6836728e-01
     4.2500000e+02      1.0000000e-17      3.9339752e-01
     4.2500000e+02      1.5000000e-17      3.2032447e-01
     4.2500000e+02      2.2000000e-17      2.3855490e-01
     4.2500000e+02      3.2000000e-17      1.5579899e-01
     4.2500000e+02      4.6000000e-17      8.6074500e-02
     4.2500000e+02      6.8000000e-17      3.4710932e-02
     4.2500000e+02      1.0000000e-16      9.8647168e-03
     4.2500000e+02      1.5000000e-16      1.5746688e-03
     4.2500000e+02      2.2000000e-16      1.4742807e-04
     4.2500000e+02      3.2000000e-16      6.6343307e-06
     4.2500000e+02      4.6000000e-16      1.2799928e-07
     4.2500000e+02      6.8000000e-16      5.1459659e-10
     4.2500000e+02      1.0000000e-15      4.9258918e-13
     4.2500000e+02      1.5000000e-15      3.1564117e-17
     4.2500000e+02      2.2000000e-15      9.9720042e-23
     4.2500000e+02      3.2000000e-15      2.8603557e-30
     4.2500000e+02      5.6000000e-15      5.2330676e-48
     4.2500000e+02      1.0000000e-14      2.6418985e-80
     4.2500000e+02      1.8000000e-14      8.3082696e-139
     4.2500000e+02      3.7000000e-14      1.9799403e-277
     4.2500000e+02      1.0000000e-13      0.0000000e+00
     4.2500000e+02      1.0000000e-12      0.0000000e+00
     4.2500000e+02      1.0000000e+06      0.0000000e+00
     4.5000000e+02      0.0000000e+00      5.9036566e-01
     4.5000000e+02      1.0000000e-22      5.9036360e-01
     4.5000000e+02      1.0000000e-20      5.9015966e-01
     4.5000000e+02      1.0000000e-19      5.8830653e-01
     4.5000000e+02      5.0000000e-19      5.8008960e-01
     4.5000000e+02      1.0000000e-18      5.6986873e-01
     4.5000000e+02      1.8000000e-18      5.5365402e-01
     4.5000000e+02      3.2000000e-18      5.2577988e-01
     4.5000000e+02      5.6000000e-18      4.7983451e-01
     4.5000000e+02      1.0000000e-17      4.0287452e-01
     4.5000000e+02      1.5000000e-17      3.2781994e-01
     4.5000000e+02      2.2000000e-17      2.4384434e-01
     4.5000000e+02      3.2000000e-17      1.5893784e-01
     4.5000000e+02      4.6000000e-17      8.7546450e-02
     4.5000000e+02      6.8000000e-17      3.5136696e-02
     4.5000000e+02      1.0000000e-16      9.9197445e-03
     4.5000000e+02      1.5000000e-16      1.5689304e-03
     4.5000000e+02      2.2000000e-16      1.4534765e-04
     4.5000000e+02      3.2000000e-16      6.4595723e-06
     4.5000000e+02      4.6000000e-16      1.2204805e-07
     4.5000000e+02      6.8000000e-16      4.5883882e-10
     4.5000000e+02      1.0000000e-15      3.7237040e-13
     4.5000000e+02      1.5000000e-15      1.8073143e-17
     4.5000000e+02      2.2000000e-15      3.2124834e-23
     4.5000000e+02      3.2000000e-15      2.8941875e-31
     4.5000000e+02      5.6000000e-15      3.1091722e-50
     4.5000000e+02      1.0000000e-14      1.5907859e-84
     4.5000000e+02      1.8000000e-14      1.7914827e-146
     4.5000000e+02      3.7000000e-14      2.9503718e-293
     4.5000000e+02      1.0000000e-13      0.0000000e+00
     4.5000000e+02      1.0000000e-12      0.0000000e+00
     4.5000000e+02      1.0000000e+06      0.0000000e+00
     4.7500000e+02      0.0000000e+00      6.0640538e-01
     4.7500000e+02      1.0000000e-22      6.0640328e-01
     4.7500000e+02      1.0000000e-20      6.0619494e-01
     4.7500000e+02      1.0000000e-19      6.0430163e-01
     4.7500000e+02      5.0000000e-19      5.9590299e-01
     4.7500000e+02      1.0000000e-18      5.8544842e-01
     4.7500000e+02      1.8000000e-18      5.6884712e-01
     4.7500000e+02      3.2000000e-18      5.4026931e-01
     4.7500000e+02      5.6000000e-18      4.9307928e-01
     4.7500000e+02      1.0000000e-17      4.1387769e-01
     4.7500000e+02      1.5000000e-17      3.3653889e-01
     4.7500000e+02      2.2000000e-17      2.4998996e-01
     4.7500000e+02      3.2000000e-17      1.6256480e-01
     4.7500000e+02      4.6000000e-17      8.9227467e-02
     4.7500000e+02      6.8000000e-17      3.5608723e-02
     4.7500000e+02      1.0000000e-16      9.9721924e-03
     4.7500000e+02      1.5000000e-16      1.5582469e-03
     4.7500000e+02      2.2000000e-16      1.4204799e-04
     4.7500000e+02      3.2000000e-16      6.1764861e-06
     4.7500000e+02      4.6000000e-16      1.1316551e-07
     4.7500000e+02      6.8000000e-16      4.0168179e-10
     4.7500000e+02      1.0000000e-15      2.9652260e-13
     4.7500000e+02      1.5000000e-15      1.2913002e-17
     4.7500000e+02      2.2000000e-15      2.0164717e-23
     4.7500000e+02      3.2000000e-15      1.4607821e-31
     4.7500000e+02      5.6000000e-15      7.6899348e-51
     4.7500000e+02      1.0000000e-14      6.9122868e-86
     4.7500000e+02      1.8000000e-14      2.4764386e-149
     4.7500000e+02      3.7000000e-14      1.2352848e-299
     4.7500000e+02      1.0000000e-13      0.0000000e+00
     4.7500000e+02      1.0000000e-12      0.0000000e+00
     4.7500000e+02      1.0000000e+06      0.0000000e+00
     5.0000000e+02      0.0000000e+00      6.1845238e-01
     5.0000000e+02      1.0000000e-22      6.1845023e-01
     5.0000000e+02      1.0000000e-20      6.1823720e-01
     5.0000000e+02      1.0000000e-19      6.1630122e-01
     5.0000000e+02      5.0000000e-19      6.0771198e-01
     5.0000000e+02      1.0000000e-18      5.9701738e-01
     5.0000000e+02      1.8000000e-18      5.8002943e-01
     5.0000000e+02      3.2000000e-18      5.5077320e-01
     5.0000000e+02      5.6000000e-18      5.0243904e-01
     5.0000000e+02      1.0000000e-17      4.2129274e-01
     5.0000000e+02      1.5000000e-17      3.4207992e-01
     5.0000000e+02      2.2000000e-17      2.5353466e-01
     5.0000000e+02      3.2000000e-17      1.6429936e-01
     5.0000000e+02      4.6000000e-17      8.9731792e-02
     5.0000000e+02      6.8000000e-17      3.5539471e-02
     5.0000000e+02      1.0000000e-16      9.8533961e-03
     5.0000000e+02      1.5000000e-16      1.5193393e-03
     5.0000000e+02      2.2000000e-16      1.3647884e-04
     5.0000000e+02      3.2000000e-16      5.8422634e-06
     5.0000000e+02      4.6000000e-16      1.0532006e-07
     5.0000000e+02      6.8000000e-16      3.6722971e-10
     5.0000000e+02      1.0000000e-15      2.7231935e-13
     5.0000000e+02      1.5000000e-15      1.2462043e-17
     5.0000000e+02      2.2000000e-15      2.0563223e-23
     5.0000000e+02      3.2000000e-15      1.5574098e-31
     5.0000000e+02      5.6000000e-15      8.5025121e-51
     5.0000000e+02      1.0000000e-14      8.0065680e-86
     5.0000000e+02      1.8000000e-14      3.2437608e-149
     5.0000000e+02      3.7000000e-14      2.1341725e-299
     5.0000000e+02      1.0000000e-13      0.0000000e+00
     5.0000000e+02      1.0000000e-12      0.0000000e+00
     5.0000000e+02      1.0000000e+06      0.0000000e+00
     5.5000000e+02      0.0000000e+00      6.3896452e-01
     5.5000000e+02      1.0000000e-22      6.3896227e-01
     5.5000000e+02      1.0000000e-20      6.3873962e-01
     5.5000000e+02      1.0000000e-19      6.3671609e-01
     5.5000000e+02      5.0000000e-19      6.2773743e-01
     5.5000000e+02      1.0000000e-18      6.1655596e-01
     5.5000000e+02      1.8000000e-18      5.9879130e-01
     5.5000000e+02      3.2000000e-18      5.6819277e-01
     5.5000000e+02      5.6000000e-18      5.1764628e-01
     5.5000000e+02      1.0000000e-17      4.3286866e-01
     5.5000000e+02      1.5000000e-17      3.5030094e-01
     5.5000000e+02      2.2000000e-17      2.5835039e-01
     5.5000000e+02      3.2000000e-17      1.6622730e-01
     5.5000000e+02      4.6000000e-17      8.9899669e-02
     5.5000000e+02      6.8000000e-17      3.5093224e-02
     5.5000000e+02      1.0000000e-16      9.5441969e-03
     5.5000000e+02      1.5000000e-16      1.4325585e-03
     5.5000000e+02      2.2000000e-16      1.2437671e-04
     5.5000000e+02      3.2000000e-16      5.0893352e-06
     5.5000000e+02      4.6000000e-16      8.6715517e-08
     5.5000000e+02      6.8000000e-16      2.8443359e-10
     5.5000000e+02      1.0000000e-15      1.9906253e-13
     5.5000000e+02      1.5000000e-15      8.1332778e-18
     5.5000000e+02      2.2000000e-15      1.1397596e-23
     5.5000000e+02      3.2000000e-15      6.9746078e-32
     5.5000000e+02      5.6000000e-15      2.6798589e-51
     5.5000000e+02      1.0000000e-14      1.8931765e-86
     5.5000000e+02      1.8000000e-14      6.1855047e-150
     5.5000000e+02      3.7000000e-14      3.8598382e-300
     5.5000000e+02      1.0000000e-13      0.0000000e+00
     5.5000000e+02      1.0000000e-12      0.0000000e+00
     5.5000000e+02      1.0000000e+06      0.0000000e+00
     6.0000000e+02      0.0000000e+00      6.5626170e-01
     6.0000000e+02      1.0000000e-22      6.5625936e-01
     6.0000000e+02      1.0000000e-20      6.5602835e-01
     6.0000000e+02      1.0000000e-19      6.5392886e-01
     6.0000000e+02      5.0000000e-19      6.4461329e-01
     6.0000000e+02      1.0000000e-18      6.3301282e-01
     6.0000000e+02      1.8000000e-18      6.1458426e-01
     6.0000000e+02      3.2000000e-18      5.8284925e-01
     6.0000000e+02      5.6000000e-18      5.3045287e-01
     6.0000000e+02      1.0000000e-17      4.4268069e-01
     6.0000000e+02      1.5000000e-17      3.5737313e-01
     6.0000000e+02      2.2000000e-17      2.6264954e-01
     6.0000000e+02      3.2000000e-17      1.6815834e-01
     6.0000000e+02      4.6000000e-17      9.0341968e-02
     6.0000000e+02      6.8000000e-17      3.4932748e-02
     6.0000000e+02      1.0000000e-16      9.3894149e-03
     6.0000000e+02      1.5000000e-16      1.3891941e-03
     6.0000000e+02      2.2000000e-16      1.1893178e-04
     6.0000000e+02      3.2000000e-16      4.8077051e-06
     6.0000000e+02      4.6000000e-16      8.0604109e-08
     6.0000000e+02      6.8000000e-16      2.4333308e-10
     6.0000000e+02      1.0000000e-15      1.2890569e-13
     6.0000000e+02      1.5000000e-15      3.8845762e-18
     6.0000000e+02      2.2000000e-15      5.1048419e-24
     6.0000000e+02      3.2000000e-15      3.2536040e-32
     6.0000000e+02      5.6000000e-15      1.3526361e-51
     6.0000000e+02      1.0000000e-14      8.8063964e-87
     6.0000000e+02      1.8000000e-14      2.1623773e-150
     6.0000000e+02      3.7000000e-14      6.5482188e-301
     6.0000000e+02      1.0000000e-13      0.0000000e+00
     6.0000000e+02      1.0000000e-12      0.0000000e+00
     6.0000000e+02      1.0000000e+06      0.0000000e+00
     6.5000000e+02      0.0000000e+00      6.6600007e-01
     6.5000000e+02      1.0000000e-22      6.6599766e-01
     6.5000000e+02      1.0000000e-20      6.6575896e-01
     6.5000000e+02      1.0000000e-19      6.6358977e-01
     6.5000000e+02      5.0000000e-19      6.5396746e-01
     6.5000000e+02      1.0000000e-18      6.4199066e-01
     6.5000000e+02      1.8000000e-18      6.2297690e-01
     6.5000000e+02      3.2000000e-18      5.9026956e-01
     6.5000000e+02      5.6000000e-18      5.3636332e-01
     6.5000000e+02      1.0000000e-17      4.4632636e-01
     6.5000000e+02      1.5000000e-17      3.5914858e-01
     6.5000000e+02      2.2000000e-17      2.6277955e-01
     6.5000000e+02      3.2000000e-17      1.6720882e-01
     6.5000000e+02      4.6000000e-17      8.9101433e-02
     6.5000000e+02      6.8000000e-17      3.4047867e-02
     6.5000000e+02      1.0000000e-16      9.0112422e-03
     6.5000000e+02      1.5000000e-16      1.3052623e-03
     6.5000000e+02      2.2000000e-16      1.0890218e-04
     6.5000000e+02      3.2000000e-16      4.2621798e-06
     6.5000000e+02      4.6000000e-16      6.8430610e-08
     6.5000000e+02      6.8000000e-16      1.9139047e-10
     6.5000000e+02      1.0000000e-15      8.9877789e-14
     6.5000000e+02      1.5000000e-15      2.4964451e-18
     6.5000000e+02      2.2000000e-15      3.3337239e-24
     6.5000000e+02      3.2000000e-15      2.2038205e-32
     6.5000000e+02      5.6000000e-15      1.0206629e-51
     6.5000000e+02      1.0000000e-14      8.0253762e-87
     6.5000000e+02      1.8000000e-14      2.3149988e-150
     6.5000000e+02      3.7000000e-14      6.3262107e-301
     6.5000000e+02      1.0000000e-13      0.0000000e+00
     6.5000000e+02      1.0000000e-12      0.0000000e+00
     6.5000000e+02      1.0000000e+06      0.0000000e+00
     7.0000000e+02      0.0000000e+00      6.7285915e-01
     7.0000000e+02      1.0000000e-22      6.7285666e-01
     7.0000000e+02      1.0000000e-20      6.7260976e-01
     7.0000000e+02      1.0000000e-19      6.7036621e-01
     7.0000000e+02      5.0000000e-19      6.6041774e-01
     7.0000000e+02      1.0000000e-18      6.4804333e-01
     7.0000000e+02      1.8000000e-18      6.2841681e-01
     7.0000000e+02      3.2000000e-18      5.9470669e-01
     7.0000000e+02      5.6000000e-18      5.3928373e-01
     7.0000000e+02      1.0000000e-17      4.4708101e-01
     7.0000000e+02      1.5000000e-17      3.5825444e-01
     7.0000000e+02      2.2000000e-17      2.6063206e-01
     7.0000000e+02      3.2000000e-17      1.6454439e-01
     7.0000000e+02      4.6000000e-17      8.6773941e-02
     7.0000000e+02      6.8000000e-17      3.2662613e-02
     7.0000000e+02      1.0000000e-16      8.4773531e-03
     7.0000000e+02      1.5000000e-16      1.1961393e-03
     7.0000000e+02      2.2000000e-16      9.6741200e-05
     7.0000000e+02      3.2000000e-16      3.6408756e-06
     7.0000000e+02      4.6000000e-16      5.5622890e-08
     7.0000000e+02      6.8000000e-16      1.4758408e-10
     7.0000000e+02      1.0000000e-15      7.2971831e-14
     7.0000000e+02      1.5000000e-15      2.6942296e-18
     7.0000000e+02      2.2000000e-15      4.6512370e-24
     7.0000000e+02      3.2000000e-15      3.7758520e-32
     7.0000000e+02      5.6000000e-15      2.2778785e-51
     7.0000000e+02      1.0000000e-14      2.3447374e-86
     7.0000000e+02      1.8000000e-14      9.7107444e-150
     7.0000000e+02      3.7000000e-14      4.9937544e-300
     7.0000000e+02      1.0000000e-13      0.0000000e+00
     7.0000000e+02      1.0000000e-12      0.0000000e+00
     7.0000000e+02      1.0000000e+06      0.0000000e+00
     7.5000000e+02      0.0000000e+00      6.7425746e-01
     7.5000000e+02      1.0000000e-22      6.7425487e-01
     7.5000000e+02      1.0000000e-20      6.7399919e-01
     7.5000000e+02      1.0000000e-19      6.7167607e-01
     7.5000000e+02      5.0000000e-19      6.6138146e-01
     7.5000000e+02      1.0000000e-18      6.4859124e-01
     7.5000000e+02      1.8000000e-18      6.2833733e-01
     7.5000000e+02      3.2000000e-18      5.9363648e-01
     7.5000000e+02      5.6000000e-18      5.3680652e-01
     7.5000000e+02      1.0000000e-17      4.4283059e-01
     7.5000000e+02      1.5000000e-17      3.5294801e-01
     7.5000000e+02      2.2000000e-17      2.5494762e-01
     7.5000000e+02      3.2000000e-17      1.5943572e-01
     7.5000000e+02      4.6000000e-17      8.3070914e-02
     7.5000000e+02      6.8000000e-17      3.0754817e-02
     7.5000000e+02      1.0000000e-16      7.8236264e-03
     7.5000000e+02      1.5000000e-16      1.0769157e-03
     7.5000000e+02      2.2000000e-16      8.4838182e-05
     7.5000000e+02      3.2000000e-16      3.1026889e-06
     7.5000000e+02      4.6000000e-16      4.5920671e-08
     7.5000000e+02      6.8000000e-16      1.1809972e-10
     7.5000000e+02      1.0000000e-15      5.6881907e-14
     7.5000000e+02      1.5000000e-15      1.7462285e-18
     7.5000000e+02      2.2000000e-15      2.0456601e-24
     7.5000000e+02      3.2000000e-15      9.1678680e-33
     7.5000000e+02      5.6000000e-15      1.2838282e-52
     7.5000000e+02      1.0000000e-14      9.0657296e-89
     7.5000000e+02      1.8000000e-14      2.9631501e-154
     7.5000000e+02      3.7000000e-14      1.9537634e-309
     7.5000000e+02      1.0000000e-13      0.0000000e+00
     7.5000000e+02      1.0000000e-12      0.0000000e+00
     7.5000000e+02      1.0000000e+06      0.0000000e+00
     8.0000000e+02      0.0000000e+00      6.7092838e-01
     8.0000000e+02      1.0000000e-22      6.7092572e-01
     8.0000000e+02      1.0000000e-20      6.7066273e-01
     8.0000000e+02      1.0000000e-19      6.6827368e-01
     8.0000000e+02      5.0000000e-19      6.5769523e-01
     8.0000000e+02      1.0000000e-18      6.4457071e-01
     8.0000000e+02      1.8000000e-18      6.2382696e-01
     8.0000000e+02      3.2000000e-18      5.8839168e-01
     8.0000000e+02      5.6000000e-18      5.3061781e-01
     8.0000000e+02      1.0000000e-17      4.3570738e-01
     8.0000000e+02      1.5000000e-17      3.4560148e-01
     8.0000000e+02      2.2000000e-17      2.4810026e-01
     8.0000000e+02      3.2000000e-17      1.5391042e-01
     8.0000000e+02      4.6000000e-17      7.9382890e-02
     8.0000000e+02      6.8000000e-17      2.8979616e-02
     8.0000000e+02      1.0000000e-16      7.2448850e-03
     8.0000000e+02      1.5000000e-16      9.7550182e-04
     8.0000000e+02      2.2000000e-16      7.5022969e-05
     8.0000000e+02      3.2000000e-16      2.6719839e-06
     8.0000000e+02      4.6000000e-16      3.8457301e-08
     8.0000000e+02      6.8000000e-16      9.5279146e-11
     8.0000000e+02      1.0000000e-15      4.1735978e-14
     8.0000000e+02      1.5000000e-15      1.1741764e-18
     8.0000000e+02      2.2000000e-15      1.7603346e-24
     8.0000000e+02      3.2000000e-15      1.4181384e-32
     8.0000000e+02      5.6000000e-15      8.2547070e-52
     8.0000000e+02      1.0000000e-14      6.6872127e-87
     8.0000000e+02      1.8000000e-14      1.8872470e-150
     8.0000000e+02      3.7000000e-14      5.9330043e-301
     8.0000000e+02      1.0000000e-13      0.0000000e+00
     8.0000000e+02      1.0000000e-12      0.0000000e+00
     8.0000000e+02      1.0000000e+06      0.0000000e+00
     8.5000000e+02      0.0000000e+00      6.5935424e-01
     8.5000000e+02      1.0000000e-22      6.5935152e-01
     8.5000000e+02      1.0000000e-20      6.5908226e-01
     8.5000000e+02      1.0000000e-19      6.5663685e-01
     8.5000000e+02      5.0000000e-19      6.4582157e-01
     8.5000000e+02      1.0000000e-18      6.3243099e-01
     8.5000000e+02      1.8000000e-18      6.1132579e-01
     8.5000000e+02      3.2000000e-18      5.7542663e-01
     8.5000000e+02      5.6000000e-18      5.1726353e-01
     8.5000000e+02      1.0000000e-17      4.2255373e-01
     8.5000000e+02      1.5000000e-17      3.3347335e-01
     8.5000000e+02      2.2000000e-17      2.3792802e-01
     8.5000000e+02      3.2000000e-17      1.4649634e-01
     8.5000000e+02      4.6000000e-17      7.4890228e-02
     8.5000000e+02      6.8000000e-17      2.7026214e-02
     8.5000000e+02      1.0000000e-16      6.6664539e-03
     8.5000000e+02      1.5000000e-16      8.8296065e-04
     8.5000000e+02      2.2000000e-16      6.6662073e-05
     8.5000000e+02      3.2000000e-16      2.3219073e-06
     8.5000000e+02      4.6000000e-16      3.2482234e-08
     8.5000000e+02      6.8000000e-16      7.6425188e-11
     8.5000000e+02      1.0000000e-15      3.0002646e-14
     8.5000000e+02      1.5000000e-15      7.1933051e-19
     8.5000000e+02      2.2000000e-15      8.6594071e-25
     8.5000000e+02      3.2000000e-15      4.5128462e-33
     8.5000000e+02      5.6000000e-15      9.8140950e-53
     8.5000000e+02      1.0000000e-14      3.3065930e-88
     8.5000000e+02      1.8000000e-14      7.1435790e-152
     8.5000000e+02      3.7000000e-14      1.2157621e-302
     8.5000000e+02      1.0000000e-13      0.0000000e+00
     8.5000000e+02      1.0000000e-12      0.0000000e+00
     8.5000000e+02      1.0000000e+06      0.0000000e+00
     9.0000000e+02      0.0000000e+00      6.4786651e-01
     9.0000000e+02      1.0000000e-22      6.4786372e-01
     9.0000000e+02      1.0000000e-20      6.4758734e-01
     9.0000000e+02      1.0000000e-19      6.4507781e-01
     9.0000000e+02      5.0000000e-19      6.3399141e-01
     9.0000000e+02      1.0000000e-18      6.2029250e-01
     9.0000000e+02      1.8000000e-18      5.9875990e-01
     9.0000000e+02      3.2000000e-18      5.6228779e-01
     9.0000000e+02      5.6000000e-18      5.0357153e-01
     9.0000000e+02      1.0000000e-17      4.0884452e-01
     9.0000000e+02      1.5000000e-17      3.2065874e-01
     9.0000000e+02      2.2000000e-17      2.2703089e-01
     9.0000000e+02      3.2000000e-17      1.3844734e-01
     9.0000000e+02      4.6000000e-17      6.9952975e-02
     9.0000000e+02      6.8000000e-17      2.4852217e-02
     9.0000000e+02      1.0000000e-16      6.0143415e-03
     9.0000000e+02      1.5000000e-16      7.7716844e-04
     9.0000000e+02      2.2000000e-16      5.7007214e-05
     9.0000000e+02      3.2000000e-16      1.9177889e-06
     9.0000000e+02      4.6000000e-16      2.5802861e-08
     9.0000000e+02      6.8000000e-16      5.8556138e-11
     9.0000000e+02      1.0000000e-15      2.3472714e-14
     9.0000000e+02      1.5000000e-15      7.2848558e-19
     9.0000000e+02      2.2000000e-15      1.3463906e-24
     9.0000000e+02      3.2000000e-15      1.2168488e-32
     9.0000000e+02      5.6000000e-15      7.5563649e-52
     9.0000000e+02      1.0000000e-14      5.8876343e-87
     9.0000000e+02      1.8000000e-14      1.2921774e-150
     9.0000000e+02      3.7000000e-14      1.8739423e-301
     9.0000000e+02      1.0000000e-13      0.0000000e+00
     9.0000000e+02      1.0000000e-12      0.0000000e+00
     9.0000000e+02      1.0000000e+06      0.0000000e+00
     9.5000000e+02      0.0000000e+00      6.2841865e-01
     9.5000000e+02      1.0000000e-22      6.2841579e-01
     9.5000000e+02      1.0000000e-20      6.2813316e-01
     9.5000000e+02      1.0000000e-19      6.2556765e-01
     9.5000000e+02      5.0000000e-19      6.1425100e-01
     9.5000000e+02      1.0000000e-18      6.0030486e-01
     9.5000000e+02      1.8000000e-18      5.7846297e-01
     9.5000000e+02      3.2000000e-18      5.4167302e-01
     9.5000000e+02      5.6000000e-18      4.8293652e-01
     9.5000000e+02      1.0000000e-17      3.8929287e-01
     9.5000000e+02      1.5000000e-17      3.0321035e-01
     9.5000000e+02      2.2000000e-17      2.1289776e-01
     9.5000000e+02      3.2000000e-17      1.2852464e-01
     9.5000000e+02      4.6000000e-17      6.4166178e-02
     9.5000000e+02      6.8000000e-17      2.2439972e-02
     9.5000000e+02      1.0000000e-16      5.3298677e-03
     9.5000000e+02      1.5000000e-16      6.7301774e-04
     9.5000000e+02      2.2000000e-16      4.8118146e-05
     9.5000000e+02      3.2000000e-16      1.5671389e-06
     9.5000000e+02      4.6000000e-16      2.0148022e-08
     9.5000000e+02      6.8000000e-16      4.3033278e-11
     9.5000000e+02      1.0000000e-15      1.7620035e-14
     9.5000000e+02      1.5000000e-15      5.8835151e-19
     9.5000000e+02      2.2000000e-15      8.7920019e-25
     9.5000000e+02      3.2000000e-15      5.3653139e-33
     9.5000000e+02      5.6000000e-15      1.5020791e-52
     9.5000000e+02      1.0000000e-14      4.0674351e-88
     9.5000000e+02      1.8000000e-14      1.7639156e-152
     9.5000000e+02      3.7000000e-14      5.1033249e-305
     9.5000000e+02      1.0000000e-13      0.0000000e+00
     9.5000000e+02      1.0000000e-12      0.0000000e+00
     9.5000000e+02      1.0000000e+06      0.0000000e+00
     1.0000000e+03      0.0000000e+00      6.0566513e-01
     1.0000000e+03      1.0000000e-22      6.0566225e-01
     1.0000000e+03      1.0000000e-20      6.0537715e-01
     1.0000000e+03      1.0000000e-19      6.0278997e-01
     1.0000000e+03      5.0000000e-19      5.9139266e-01
     1.0000000e+03      1.0000000e-18      5.7737974e-01
     1.0000000e+03      1.8000000e-18      5.5550262e-01
     1.0000000e+03      3.2000000e-18      5.1883335e-01
     1.0000000e+03      5.6000000e-18      4.6071771e-01
     1.0000000e+03      1.0000000e-17      3.6902970e-01
     1.0000000e+03      1.5000000e-17      2.8568244e-01
     1.0000000e+03      2.2000000e-17      1.9915023e-01
     1.0000000e+03      3.2000000e-17      1.1919177e-01
     1.0000000e+03      4.6000000e-17      5.8905890e-02
     1.0000000e+03      6.8000000e-17      2.0328565e-02
     1.0000000e+03      1.0000000e-16      4.7527493e-03
     1.0000000e+03      1.5000000e-16      5.8844140e-04
     1.0000000e+03      2.2000000e-16      4.1130046e-05
     1.0000000e+03      3.2000000e-16      1.2992819e-06
     1.0000000e+03      4.6000000e-16      1.5878756e-08
     1.0000000e+03      6.8000000e-16      3.0293782e-11
     1.0000000e+03      1.0000000e-15      9.6718576e-15
     1.0000000e+03      1.5000000e-15      2.1241531e-19
     1.0000000e+03      2.2000000e-15      2.2349460e-25
     1.0000000e+03      3.2000000e-15      9.2901155e-34
     1.0000000e+03      5.6000000e-15      1.0998917e-53
     1.0000000e+03      1.0000000e-14      5.1110922e-90
     1.0000000e+03      1.8000000e-14      6.5012275e-156
     1.0000000e+03      3.7000000e-14      3.7472788e-312
     1.0000000e+03      1.0000000e-13      0.0000000e+00
     1.0000000e+03      1.0000000e-12      0.0000000e+00
     1.0000000e+03      1.0000000e+06      0.0000000e+00
     1.1000000e+03      0.0000000e+00      5.5724776e-01
     1.1000000e+03      1.0000000e-22      5.5724486e-01
     1.1000000e+03      1.0000000e-20      5.5695853e-01
     1.1000000e+03      1.0000000e-19      5.5436144e-01
     1.1000000e+03      5.0000000e-19      5.4294726e-01
     1.1000000e+03      1.0000000e-18      5.2897223e-01
     1.1000000e+03      1.8000000e-18      5.0727937e-01
     1.1000000e+03      3.2000000e-18      4.7124528e-01
     1.1000000e+03      5.6000000e-18      4.1491858e-01
     1.1000000e+03      1.0000000e-17      3.2783858e-01
     1.1000000e+03      1.5000000e-17      2.5044045e-01
     1.1000000e+03      2.2000000e-17      1.7181929e-01
     1.1000000e+03      3.2000000e-17      1.0086588e-01
     1.1000000e+03      4.6000000e-17      4.8721363e-02
     1.1000000e+03      6.8000000e-17      1.6314716e-02
     1.1000000e+03      1.0000000e-16      3.6785868e-03
     1.1000000e+03      1.5000000e-16      4.3474899e-04
     1.1000000e+03      2.2000000e-16      2.8731085e-05
     1.1000000e+03      3.2000000e-16      8.4189466e-07
     1.1000000e+03      4.6000000e-16      9.3056206e-09
     1.1000000e+03      6.8000000e-16      1.5433894e-11
     1.1000000e+03      1.0000000e-15      3.6535847e-15
     1.1000000e+03      1.5000000e-15      2.6805427e-20
     1.1000000e+03      2.2000000e-15      5.5599918e-27
     1.1000000e+03      3.2000000e-15      3.3187547e-36
     1.1000000e+03      5.6000000e-15      5.0874605e-58
     1.1000000e+03      1.0000000e-14      9.9366651e-98
     1.1000000e+03      1.8000000e-14      1.0784024e-169
     1.1000000e+03      3.7000000e-14      0.0000000e+00
     1.1000000e+03      1.0000000e-13      0.0000000e+00
     1.1000000e+03      1.0000000e-12      0.0000000e+00
     1.1000000e+03      1.0000000e+06      0.0000000e+00
     1.2000000e+03      0.0000000e+00      5.0894702e-01
     1.2000000e+03      1.0000000e-22      5.0894415e-01
     1.2000000e+03      1.0000000e-20      5.0865994e-01
     1.2000000e+03      1.0000000e-19      5.0608328e-01
     1.2000000e+03      5.0000000e-19      4.9478387e-01
     1.2000000e+03      1.0000000e-18      4.8100399e-01
     1.2000000e+03      1.8000000e-18      4.5973050e-01
     1.2000000e+03      3.2000000e-18      4.2469598e-01
     1.2000000e+03      5.6000000e-18      3.7065455e-01
     1.2000000e+03      1.0000000e-17      2.8874320e-01
     1.2000000e+03      1.5000000e-17      2.1753724e-01
     1.2000000e+03      2.2000000e-17      1.4676358e-01
     1.2000000e+03      3.2000000e-17      8.4398464e-02
     1.2000000e+03      4.6000000e-17      3.9759951e-02
     1.2000000e+03      6.8000000e-17      1.2866783e-02
     1.2000000e+03      1.0000000e-16      2.7781650e-03
     1.2000000e+03      1.5000000e-16      3.0925224e-04
     1.2000000e+03      2.2000000e-16      1.8925023e-05
     1.2000000e+03      3.2000000e-16      4.9922492e-07
     1.2000000e+03      4.6000000e-16      4.7332172e-09
     1.2000000e+03      6.8000000e-16      5.8122180e-12
     1.2000000e+03      1.0000000e-15      7.9102062e-16
     1.2000000e+03      1.5000000e-15      2.3583840e-21
     1.2000000e+03      2.2000000e-15      1.2799616e-28
     1.2000000e+03      3.2000000e-15      1.1480947e-38
     1.2000000e+03      5.6000000e-15      2.2877082e-62
     1.2000000e+03      1.0000000e-14      1.6139180e-105
     1.2000000e+03      1.8000000e-14      8.6949799e-184
     1.2000000e+03      3.7000000e-14      0.0000000e+00
     1.2000000e+03      1.0000000e-13      0.0000000e+00
     1.2000000e+03      1.0000000e-12      0.0000000e+00
     1.2000000e+03      1.0000000e+06      0.0000000e+00
     1.3000000e+03      0.0000000e+00      4.3305553e-01
     1.3000000e+03      1.0000000e-22      4.3305287e-01
     1.3000000e+03      1.0000000e-20      4.3278883e-01
     1.3000000e+03      1.0000000e-19      4.3039606e-01
     1.3000000e+03      5.0000000e-19      4.1992528e-01
     1.3000000e+03      1.0000000e-18      4.0720470e-01
     1.3000000e+03      1.8000000e-18      3.8767126e-01
     1.3000000e+03      3.2000000e-18      3.5577741e-01
     1.3000000e+03      5.6000000e-18      3.0724738e-01
     1.3000000e+03      1.0000000e-17      2.3523516e-01
     1.3000000e+03      1.5000000e-17      1.7419060e-01
     1.3000000e+03      2.2000000e-17      1.1507238e-01
     1.3000000e+03      3.2000000e-17      6.4494392e-02
     1.3000000e+03      4.6000000e-17      2.9471609e-02
     1.3000000e+03      6.8000000e-17      9.1618525e-03
     1.3000000e+03      1.0000000e-16      1.8820245e-03
     1.3000000e+03      1.5000000e-16      1.9515356e-04
     1.3000000e+03      2.2000000e-16      1.0831520e-05
     1.3000000e+03      3.2000000e-16      2.4935712e-07
     1.3000000e+03      4.6000000e-16      2.0133018e-09
     1.3000000e+03      6.8000000e-16      2.2732096e-12
     1.3000000e+03      1.0000000e-15      4.0712950e-16
     1.3000000e+03      1.5000000e-15      1.7805552e-21
     1.3000000e+03      2.2000000e-15      9.0189766e-29
     1.3000000e+03      3.2000000e-15      4.5040361e-39
     1.3000000e+03      5.6000000e-15      1.4255212e-63
     1.3000000e+03      1.0000000e-14      3.0879101e-108
     1.3000000e+03      1.8000000e-14      2.7925968e-189
     1.3000000e+03      3.7000000e-14      0.0000000e+00
     1.3000000e+03      1.0000000e-13      0.0000000e+00
     1.3000000e+03      1.0000000e-12      0.0000000e+00
     1.3000000e+03      1.0000000e+06      0.0000000e+00
     1.4000000e+03      0.0000000e+00      3.0590493e-01
     1.4000000e+03      1.0000000e-22      3.0590285e-01
     1.4000000e+03      1.0000000e-20      3.0569688e-01
     1.4000000e+03      1.0000000e-19      3.0383142e-01
     1.4000000e+03      5.0000000e-19      2.9569091e-01
     1.4000000e+03      1.0000000e-18      2.8585111e-01
     1.4000000e+03      1.8000000e-18      2.7084733e-01
     1.4000000e+03      3.2000000e-18      2.4662416e-01
     1.4000000e+03      5.6000000e-18      2.1041508e-01
     1.4000000e+03      1.0000000e-17      1.5811701e-01
     1.4000000e+03      1.5000000e-17      1.1511928e-01
     1.4000000e+03      2.2000000e-17      7.4665356e-02
     1.4000000e+03      3.2000000e-17      4.1041248e-02
     1.4000000e+03      4.6000000e-17      1.8382786e-02
     1.4000000e+03      6.8000000e-17      5.5791951e-03
     1.4000000e+03      1.0000000e-16      1.1131890e-03
     1.4000000e+03      1.5000000e-16      1.1099165e-04
     1.4000000e+03      2.2000000e-16      5.9275247e-06
     1.4000000e+03      3.2000000e-16      1.3428862e-07
     1.4000000e+03      4.6000000e-16      1.1119932e-09
     1.4000000e+03      6.8000000e-16      1.2643317e-12
     1.4000000e+03      1.0000000e-15      1.7829082e-16
     1.4000000e+03      1.5000000e-15      5.2226472e-22
     1.4000000e+03      2.2000000e-15      2.0546538e-29
     1.4000000e+03      3.2000000e-15      9.1920387e-40
     1.4000000e+03      5.6000000e-15      2.6155557e-64
     1.4000000e+03      1.0000000e-14      4.0636656e-109
     1.4000000e+03      1.8000000e-14      1.7618546e-190
     1.4000000e+03      3.7000000e-14      0.0000000e+00
     1.4000000e+03      1.0000000e-13      0.0000000e+00
     1.4000000e+03      1.0000000e-12      0.0000000e+00
     1.4000000e+03      1.0000000e+06      0.0000000e+00
     1.5000000e+03      0.0000000e+00      2.3527469e-01
     1.5000000e+03      1.0000000e-22      2.3527302e-01
     1.5000000e+03      1.0000000e-20      2.3510835e-01
     1.5000000e+03      1.0000000e-19      2.3361739e-01
     1.5000000e+03      5.0000000e-19      2.2712045e-01
     1.5000000e+03      1.0000000e-18      2.1928752e-01
     1.5000000e+03      1.8000000e-18      2.0738623e-01
     1.5000000e+03      3.2000000e-18      1.8827892e-01
     1.5000000e+03      5.6000000e-18      1.5995835e-01
     1.5000000e+03      1.0000000e-17      1.1953981e-01
     1.5000000e+03      1.5000000e-17      8.6699657e-02
     1.5000000e+03      2.2000000e-17      5.6070722e-02
     1.5000000e+03      3.2000000e-17      3.0756720e-02
     1.5000000e+03      4.6000000e-17      1.3740619e-02
     1.5000000e+03      6.8000000e-17      4.1425947e-03
     1.5000000e+03      1.0000000e-16      8.1543604e-04
     1.5000000e+03      1.5000000e-16      7.9690086e-05
     1.5000000e+03      2.2000000e-16      4.1711053e-06
     1.5000000e+03      3.2000000e-16      9.1627638e-08
     1.5000000e+03      4.6000000e-16      7.0333804e-10
     1.5000000e+03      6.8000000e-16      6.6507446e-13
     1.5000000e+03      1.0000000e-15      7.2228022e-17
     1.5000000e+03      1.5000000e-15      1.7585020e-22
     1.5000000e+03      2.2000000e-15      6.0502936e-30
     1.5000000e+03      3.2000000e-15      2.0163055e-40
     1.5000000e+03      5.6000000e-15      2.2506425e-65
     1.5000000e+03      1.0000000e-14      6.5564261e-111
     1.5000000e+03      1.8000000e-14      1.9195672e-193
     1.5000000e+03      3.7000000e-14      0.0000000e+00
     1.5000000e+03      1.0000000e-13      0.0000000e+00
     1.5000000e+03      1.0000000e-12      0.0000000e+00
     1.5000000e+03      1.0000000e+06      0.0000000e+00
     1.6000000e+03      0.0000000e+00      2.1215717e-01
     1.6000000e+03      1.0000000e-22      2.1215563e-01
     1.6000000e+03      1.0000000e-20      2.1200342e-01
     1.6000000e+03      1.0000000e-19      2.1062541e-01
     1.6000000e+03      5.0000000e-19      2.0462472e-01
     1.6000000e+03      1.0000000e-18      1.9739885e-01
     1.6000000e+03      1.8000000e-18      1.8643826e-01
     1.6000000e+03      3.2000000e-18      1.6888773e-01
     1.6000000e+03      5.6000000e-18      1.4298080e-01
     1.6000000e+03      1.0000000e-17      1.0623143e-01
     1.6000000e+03      1.5000000e-17      7.6578850e-02
     1.6000000e+03      2.2000000e-17      4.9118647e-02
     1.6000000e+03      3.2000000e-17      2.6624202e-02
     1.6000000e+03      4.6000000e-17      1.1689600e-02
     1.6000000e+03      6.8000000e-17      3.4256084e-03
     1.6000000e+03      1.0000000e-16      6.4665005e-04
     1.6000000e+03      1.5000000e-16      5.9241655e-05
     1.6000000e+03      2.2000000e-16      2.8428905e-06
     1.6000000e+03      3.2000000e-16      5.5899077e-08
     1.6000000e+03      4.6000000e-16      3.7975701e-10
     1.6000000e+03      6.8000000e-16      3.0540060e-13
     1.6000000e+03      1.0000000e-15      2.4007971e-17
     1.6000000e+03      1.5000000e-15      3.4821295e-23
     1.6000000e+03      2.2000000e-15      8.7297453e-31
     1.6000000e+03      3.2000000e-15      2.6255871e-41
     1.6000000e+03      5.6000000e-15      6.7582526e-66
     1.6000000e+03      1.0000000e-14      2.2329522e-110
     1.6000000e+03      1.8000000e-14      3.4235256e-191
     1.6000000e+03      3.7000000e-14      0.0000000e+00
     1.6000000e+03      1.0000000e-13      0.0000000e+00
     1.6000000e+03      1.0000000e-12      0.0000000e+00
     1.6000000e+03      1.0000000e+06      0.0000000e+00
     1.7000000e+03      0.0000000e+00      1.9165281e-01
     1.7000000e+03      1.0000000e-22      1.9165136e-01
     1.7000000e+03      1.0000000e-20      1.9150837e-01
     1.7000000e+03      1.0000000e-19      1.9021403e-01
     1.7000000e+03      5.0000000e-19      1.8458167e-01
     1.7000000e+03      1.0000000e-18      1.7780811e-01
     1.7000000e+03      1.8000000e-18      1.6755255e-01
     1.7000000e+03      3.2000000e-18      1.5118100e-01
     1.7000000e+03      5.6000000e-18      1.2713774e-01
     1.7000000e+03      1.0000000e-17      9.3329375e-02
     1.7000000e+03      1.5000000e-17      6.6375525e-02
     1.7000000e+03      2.2000000e-17      4.1783310e-02
     1.7000000e+03      3.2000000e-17      2.2054410e-02
     1.7000000e+03      4.6000000e-17      9.3340690e-03
     1.7000000e+03      6.8000000e-17      2.5853008e-03
     1.7000000e+03      1.0000000e-16      4.5083438e-04
     1.7000000e+03      1.5000000e-16      3.6715275e-05
     1.7000000e+03      2.2000000e-16      1.5130745e-06
     1.7000000e+03      3.2000000e-16      2.4548926e-08
     1.7000000e+03      4.6000000e-16      1.3268807e-10
     1.7000000e+03      6.8000000e-16      7.7500511e-14
     1.7000000e+03      1.0000000e-15      3.7228103e-18
     1.7000000e+03      1.5000000e-15      2.0779820e-24
     1.7000000e+03      2.2000000e-15      1.1776302e-32
     1.7000000e+03      3.2000000e-15      3.6417864e-44
     1.7000000e+03      5.6000000e-15      1.1574715e-71
     1.7000000e+03      1.0000000e-14      4.8640266e-122
     1.7000000e+03      1.8000000e-14      1.3513740e-213
     1.7000000e+03      3.7000000e-14      0.0000000e+00
     1.7000000e+03      1.0000000e-13      0.0000000e+00
     1.7000000e+03      1.0000000e-12      0.0000000e+00
     1.7000000e+03      1.0000000e+06      0.0000000e+00
     1.8000000e+03      0.0000000e+00      1.3810245e-01
     1.8000000e+03      1.0000000e-22      1.3810137e-01
     1.8000000e+03      1.0000000e-20      1.3799488e-01
     1.8000000e+03      1.0000000e-19      1.3703101e-01
     1.8000000e+03      5.0000000e-19      1.3283812e-01
     1.8000000e+03      1.0000000e-18      1.2779887e-01
     1.8000000e+03      1.8000000e-18      1.2017638e-01
     1.8000000e+03      3.2000000e-18      1.0802887e-01
     1.8000000e+03      5.6000000e-18      9.0246465e-02
     1.8000000e+03      1.0000000e-17      6.5405179e-02
     1.8000000e+03      1.5000000e-17      4.5811787e-02
     1.8000000e+03      2.2000000e-17      2.8208408e-02
     1.8000000e+03      3.2000000e-17      1.4417791e-02
     1.8000000e+03      4.6000000e-17      5.8330058e-03
     1.8000000e+03      6.8000000e-17      1.5068642e-03
     1.8000000e+03      1.0000000e-16      2.3824405e-04
     1.8000000e+03      1.5000000e-16      1.6807433e-05
     1.8000000e+03      2.2000000e-16      5.8138673e-07
     1.8000000e+03      3.2000000e-16      7.8049622e-09
     1.8000000e+03      4.6000000e-16      3.5955558e-11
     1.8000000e+03      6.8000000e-16      1.8383297e-14
     1.8000000e+03      1.0000000e-15      6.8577569e-19
     1.8000000e+03      1.5000000e-15      1.8624877e-25
     1.8000000e+03      2.2000000e-15      3.1935951e-34
     1.8000000e+03      3.2000000e-15      1.8964376e-46
     1.8000000e+03      5.6000000e-15      1.2041994e-75
     1.8000000e+03      1.0000000e-14      4.0374060e-129
     1.8000000e+03      1.8000000e-14      2.8893661e-226
     1.8000000e+03      3.7000000e-14      0.0000000e+00
     1.8000000e+03      1.0000000e-13      0.0000000e+00
     1.8000000e+03      1.0000000e-12      0.0000000e+00
     1.8000000e+03      1.0000000e+06      0.0000000e+00
     1.9000000e+03      0.0000000e+00      7.5643545e-02
     1.9000000e+03      1.0000000e-22      7.5642936e-02
     1.9000000e+03      1.0000000e-20      7.5582678e-02
     1.9000000e+03      1.0000000e-19      7.5037297e-02
     1.9000000e+03      5.0000000e-19      7.2665258e-02
     1.9000000e+03      1.0000000e-18      6.9815412e-02
     1.9000000e+03      1.8000000e-18      6.5507248e-02
     1.9000000e+03      3.2000000e-18      5.8650041e-02
     1.9000000e+03      5.6000000e-18      4.8639292e-02
     1.9000000e+03      1.0000000e-17      3.4744441e-02
     1.9000000e+03      1.5000000e-17      2.3911922e-02
     1.9000000e+03      2.2000000e-17      1.4349608e-02
     1.9000000e+03      3.2000000e-17      7.0630979e-03
     1.9000000e+03      4.6000000e-17      2.7098459e-03
     1.9000000e+03      6.8000000e-17      6.4428990e-04
     1.9000000e+03      1.0000000e-16      9.0329928e-05
     1.9000000e+03      1.5000000e-16      5.3043536e-06
     1.9000000e+03      2.2000000e-16      1.4773842e-07
     1.9000000e+03      3.2000000e-16      1.6972275e-09
     1.9000000e+03      4.6000000e-16      7.7451326e-12
     1.9000000e+03      6.8000000e-16      3.8187204e-15
     1.9000000e+03      1.0000000e-15      1.1092222e-19
     1.9000000e+03      1.5000000e-15      2.4871532e-26
     1.9000000e+03      2.2000000e-15      4.7890361e-35
     1.9000000e+03      3.2000000e-15      2.5646938e-47
     1.9000000e+03      5.6000000e-15      9.5017479e-77
     1.9000000e+03      1.0000000e-14      1.0495075e-130
     1.9000000e+03      1.8000000e-14      8.2853611e-229
     1.9000000e+03      3.7000000e-14      0.0000000e+00
     1.9000000e+03      1.0000000e-13      0.0000000e+00
     1.9000000e+03      1.0000000e-12      0.0000000e+00
     1.9000000e+03      1.0000000e+06      0.0000000e+00
     2.0000000e+03      0.0000000e+00      3.5692099e-02
     2.0000000e+03      1.0000000e-22      3.5691804e-02
     2.0000000e+03      1.0000000e-20      3.5662602e-02
     2.0000000e+03      1.0000000e-19      3.5398304e-02
     2.0000000e+03      5.0000000e-19      3.4248929e-02
     2.0000000e+03      1.0000000e-18      3.2868403e-02
     2.0000000e+03      1.8000000e-18      3.0782437e-02
     2.0000000e+03      3.2000000e-18      2.7465711e-02
     2.0000000e+03      5.6000000e-18      2.2635271e-02
     2.0000000e+03      1.0000000e-17      1.5969337e-02
     2.0000000e+03      1.5000000e-17      1.0826623e-02
     2.0000000e+03      2.2000000e-17      6.3571384e-03
     2.0000000e+03      3.2000000e-17      3.0321412e-03
     2.0000000e+03      4.6000000e-17      1.1136488e-03
     2.0000000e+03      6.8000000e-17      2.4758153e-04
     2.0000000e+03      1.0000000e-16      3.1507781e-05
     2.0000000e+03      1.5000000e-16      1.5827473e-06
     2.0000000e+03      2.2000000e-16      3.5340720e-08
     2.0000000e+03      3.2000000e-16      3.2868870e-10
     2.0000000e+03      4.6000000e-16      1.4103833e-12
     2.0000000e+03      6.8000000e-16      6.6087279e-16
     2.0000000e+03      1.0000000e-15      2.0780285e-20
     2.0000000e+03      1.5000000e-15      5.7245383e-27
     2.0000000e+03      2.2000000e-15      6.4884271e-36
     2.0000000e+03      3.2000000e-15      1.3140385e-48
     2.0000000e+03      5.6000000e-15      6.8785104e-79
     2.0000000e+03      1.0000000e-14      3.2426167e-134
     2.0000000e+03      1.8000000e-14      1.0214735e-234
     2.0000000e+03      3.7000000e-14      0.0000000e+00
     2.0000000e+03      1.0000000e-13      0.0000000e+00
     2.0000000e+03      1.0000000e-12      0.0000000e+00
     2.0000000e+03      1.0000000e+06      0.0000000e+00
     2.1000000e+03      0.0000000e+00      1.8371087e-02
     2.1000000e+03      1.0000000e-22      1.8370932e-02
     2.1000000e+03      1.0000000e-20      1.8355556e-02
     2.1000000e+03      1.0000000e-19      1.8216407e-02
     2.1000000e+03      5.0000000e-19      1.7611523e-02
     2.1000000e+03      1.0000000e-18      1.6885544e-02
     2.1000000e+03      1.8000000e-18      1.5789823e-02
     2.1000000e+03      3.2000000e-18      1.4050986e-02
     2.1000000e+03      5.6000000e-18      1.1527308e-02
     2.1000000e+03      1.0000000e-17      8.0665818e-03
     2.1000000e+03      1.5000000e-17      5.4205408e-03
     2.1000000e+03      2.2000000e-17      3.1458974e-03
     2.1000000e+03      3.2000000e-17      1.4777829e-03
     2.1000000e+03      4.6000000e-17      5.3264902e-04
     2.1000000e+03      6.8000000e-17      1.1571589e-04
     2.1000000e+03      1.0000000e-16      1.4521421e-05
     2.1000000e+03      1.5000000e-16      7.6200354e-07
     2.1000000e+03      2.2000000e-16      2.0761582e-08
     2.1000000e+03      3.2000000e-16      2.6297908e-10
     2.1000000e+03      4.6000000e-16      1.2007579e-12
     2.1000000e+03      6.8000000e-16      5.3545400e-16
     2.1000000e+03      1.0000000e-15      2.4311019e-20
     2.1000000e+03      1.5000000e-15      1.0947257e-26
     2.1000000e+03      2.2000000e-15      1.7400698e-35
     2.1000000e+03      3.2000000e-15      4.7617232e-48
     2.1000000e+03      5.6000000e-15      3.3922485e-78
     2.1000000e+03      1.0000000e-14      1.8679284e-133
     2.1000000e+03      1.8000000e-14      6.7805604e-234
     2.1000000e+03      3.7000000e-14      0.0000000e+00
     2.1000000e+03      1.0000000e-13      0.0000000e+00
     2.1000000e+03      1.0000000e-12      0.0000000e+00
     2.1000000e+03      1.0000000e+06      0.0000000e+00
     2.2000000e+03      0.0000000e+00      1.2917906e-02
     2.2000000e+03      1.0000000e-22      1.2917797e-02
     2.2000000e+03      1.0000000e-20      1.2906992e-02
     2.2000000e+03      1.0000000e-19      1.2809223e-02
     2.2000000e+03      5.0000000e-19      1.2384382e-02
     2.2000000e+03      1.0000000e-18      1.1874843e-02
     2.2000000e+03      1.8000000e-18      1.1106510e-02
     2.2000000e+03      3.2000000e-18      9.8888945e-03
     2.2000000e+03      5.6000000e-18      8.1249188e-03
     2.2000000e+03      1.0000000e-17      5.7099465e-03
     2.2000000e+03      1.5000000e-17      3.8625627e-03
     2.2000000e+03      2.2000000e-17      2.2674248e-03
     2.2000000e+03      3.2000000e-17      1.0850102e-03
     2.2000000e+03      4.6000000e-17      4.0199677e-04
     2.2000000e+03      6.8000000e-17      9.1361860e-05
     2.2000000e+03      1.0000000e-16      1.2318172e-05
     2.2000000e+03      1.5000000e-16      7.2897266e-07
     2.2000000e+03      2.2000000e-16      2.2090703e-08
     2.2000000e+03      3.2000000e-16      2.6239751e-10
     2.2000000e+03      4.6000000e-16      9.2677035e-13
     2.2000000e+03      6.8000000e-16      2.5762007e-16
     2.2000000e+03      1.0000000e-15      4.5733597e-21
     2.2000000e+03      1.5000000e-15      4.9349944e-28
     2.2000000e+03      2.2000000e-15      1.2872299e-37
     2.2000000e+03      3.2000000e-15      2.7940096e-51
     2.2000000e+03      5.6000000e-15      4.7135418e-84
     2.2000000e+03      1.0000000e-14      4.3552392e-144
     2.2000000e+03      1.8000000e-14      3.8218672e-253
     2.2000000e+03      3.7000000e-14      0.0000000e+00
     2.2000000e+03      1.0000000e-13      0.0000000e+00
     2.2000000e+03      1.0000000e-12      0.0000000e+00
     2.2000000e+03      1.0000000e+06      0.0000000e+00
     2.3000000e+03      0.0000000e+00      1.1698436e-02
     2.3000000e+03      1.0000000e-22      1.1698335e-02
     2.3000000e+03      1.0000000e-20      1.1688418e-02
     2.3000000e+03      1.0000000e-19      1.1598695e-02
     2.3000000e+03      5.0000000e-19      1.1209165e-02
     2.3000000e+03      1.0000000e-18      1.0742713e-02
     2.3000000e+03      1.8000000e-18      1.0040858e-02
     2.3000000e+03      3.2000000e-18      8.9322491e-03
     2.3000000e+03      5.6000000e-18      7.3338249e-03
     2.3000000e+03      1.0000000e-17      5.1584205e-03
     2.3000000e+03      1.5000000e-17      3.5012355e-03
     2.3000000e+03      2.2000000e-17      2.0702304e-03
     2.3000000e+03      3.2000000e-17      1.0031686e-03
     2.3000000e+03      4.6000000e-17      3.7849937e-04
     2.3000000e+03      6.8000000e-17      8.8269704e-05
     2.3000000e+03      1.0000000e-16      1.2248127e-05
     2.3000000e+03      1.5000000e-16      7.4091832e-07
     2.3000000e+03      2.2000000e-16      2.2145609e-08
     2.3000000e+03      3.2000000e-16      2.4325869e-10
     2.3000000e+03      4.6000000e-16      7.2937782e-13
     2.3000000e+03      6.8000000e-16      1.4276465e-16
     2.3000000e+03      1.0000000e-15      1.2878881e-21
     2.3000000e+03      1.5000000e-15      5.4284539e-29
     2.3000000e+03      2.2000000e-15      5.5032287e-39
     2.3000000e+03      3.2000000e-15      3.5494944e-53
     2.3000000e+03      5.6000000e-15      3.3541806e-87
     2.3000000e+03      1.0000000e-14      1.5865243e-149
     2.3000000e+03      1.8000000e-14      9.5909816e-263
     2.3000000e+03      3.7000000e-14      0.0000000e+00
     2.3000000e+03      1.0000000e-13      0.0000000e+00
     2.3000000e+03      1.0000000e-12      0.0000000e+00
     2.3000000e+03      1.0000000e+06      0.0000000e+00
     2.4000000e+03      0.0000000e+00      1.0913413e-02
     2.4000000e+03      1.0000000e-22      1.0913318e-02
     2.4000000e+03      1.0000000e-20      1.0903930e-02
     2.4000000e+03      1.0000000e-19      1.0819005e-02
     2.4000000e+03      5.0000000e-19      1.0450524e-02
     2.4000000e+03      1.0000000e-18      1.0009746e-02
     2.4000000e+03      1.8000000e-18      9.3474940e-03
     2.4000000e+03      3.2000000e-18      8.3038529e-03
     2.4000000e+03      5.6000000e-18      6.8043828e-03
     2.4000000e+03      1.0000000e-17      4.7737531e-03
     2.4000000e+03      1.5000000e-17      3.2344616e-03
     2.4000000e+03      2.2000000e-17      1.9099973e-03
     2.4000000e+03      3.2000000e-17      9.2455302e-04
     2.4000000e+03      4.6000000e-17      3.4814330e-04
     2.4000000e+03      6.8000000e-17      8.0590932e-05
     2.4000000e+03      1.0000000e-16      1.0917106e-05
     2.4000000e+03      1.5000000e-16      6.1336397e-07
     2.4000000e+03      2.2000000e-16      1.5471844e-08
     2.4000000e+03      3.2000000e-16      1.2442983e-10
     2.4000000e+03      4.6000000e-16      2.3953109e-13
     2.4000000e+03      6.8000000e-16      2.4385690e-17
     2.4000000e+03      1.0000000e-15      7.5184012e-23
     2.4000000e+03      1.5000000e-15      4.4061147e-31
     2.4000000e+03      2.2000000e-15      2.8432157e-42
     2.4000000e+03      3.2000000e-15      4.0086755e-58
     2.4000000e+03      5.6000000e-15      4.0765720e-96
     2.4000000e+03      1.0000000e-14      9.1720551e-166
     2.4000000e+03      1.8000000e-14      2.1385476e-292
     2.4000000e+03      3.7000000e-14      0.0000000e+00
     2.4000000e+03      1.0000000e-13      0.0000000e+00
     2.4000000e+03      1.0000000e-12      0.0000000e+00
     2.4000000e+03      1.0000000e+06      0.0000000e+00
     2.5000000e+03      0.0000000e+00      9.8105288e-03
     2.5000000e+03      1.0000000e-22      9.8104427e-03
     2.5000000e+03      1.0000000e-20      9.8019293e-03
     2.5000000e+03      1.0000000e-19      9.7249190e-03
     2.5000000e+03      5.0000000e-19      9.3908777e-03
     2.5000000e+03      1.0000000e-18      8.9915117e-03
     2.5000000e+03      1.8000000e-18      8.3919256e-03
     2.5000000e+03      3.2000000e-18      7.4481516e-03
     2.5000000e+03      5.6000000e-18      6.0946342e-03
     2.5000000e+03      1.0000000e-17      4.2665364e-03
     2.5000000e+03      1.5000000e-17      2.8847675e-03
     2.5000000e+03      2.2000000e-17      1.6989392e-03
     2.5000000e+03      3.2000000e-17      8.1909137e-04
     2.5000000e+03      4.6000000e-17      3.0632257e-04
     2.5000000e+03      6.8000000e-17      6.9877707e-05
     2.5000000e+03      1.0000000e-16      9.1849579e-06
     2.5000000e+03      1.5000000e-16      4.8391502e-07
     2.5000000e+03      2.2000000e-16      1.0955911e-08
     2.5000000e+03      3.2000000e-16      7.5430063e-11
     2.5000000e+03      4.6000000e-16      1.1935731e-13
     2.5000000e+03      6.8000000e-16      9.1927784e-18
     2.5000000e+03      1.0000000e-15      2.0109166e-23
     2.5000000e+03      1.5000000e-15      8.3324400e-32
     2.5000000e+03      2.2000000e-15      3.6831995e-43
     2.5000000e+03      3.2000000e-15      2.9381351e-59
     2.5000000e+03      5.6000000e-15      7.3163751e-98
     2.5000000e+03      1.0000000e-14      1.2376739e-168
     2.5000000e+03      1.8000000e-14      2.6110289e-297
     2.5000000e+03      3.7000000e-14      0.0000000e+00
     2.5000000e+03      1.0000000e-13      0.0000000e+00
     2.5000000e+03      1.0000000e-12      0.0000000e+00
     2.5000000e+03      1.0000000e+06      0.0000000e+00
     2.6000000e+03      0.0000000e+00      8.5245787e-03
     2.6000000e+03      1.0000000e-22      8.5245029e-03
     2.6000000e+03      1.0000000e-20      8.5170009e-03
     2.6000000e+03      1.0000000e-19      8.4491452e-03
     2.6000000e+03      5.0000000e-19      8.1549228e-03
     2.6000000e+03      1.0000000e-18      7.8033993e-03
     2.6000000e+03      1.8000000e-18      7.2761375e-03
     2.6000000e+03      3.2000000e-18      6.4474574e-03
     2.6000000e+03      5.6000000e-18      5.2618558e-03
     2.6000000e+03      1.0000000e-17      3.6665869e-03
     2.6000000e+03      1.5000000e-17      2.4664764e-03
     2.6000000e+03      2.2000000e-17      1.4421020e-03
     2.6000000e+03      3.2000000e-17      6.8773301e-04
     2.6000000e+03      4.6000000e-17      2.5298201e-04
     2.6000000e+03      6.8000000e-17      5.6057575e-05
     2.6000000e+03      1.0000000e-16      7.0122530e-06
     2.6000000e+03      1.5000000e-16      3.3588062e-07
     2.6000000e+03      2.2000000e-16      6.4873800e-09
     2.6000000e+03      3.2000000e-16      3.5385810e-11
     2.6000000e+03      4.6000000e-16      4.3605885e-14
     2.6000000e+03      6.8000000e-16      2.9954367e-18
     2.6000000e+03      1.0000000e-15      8.2022915e-24
     2.6000000e+03      1.5000000e-15      3.9813629e-32
     2.6000000e+03      2.2000000e-15      1.1884684e-43
     2.6000000e+03      3.2000000e-15      4.2447807e-60
     2.6000000e+03      5.6000000e-15      1.4451741e-99
     2.6000000e+03      1.0000000e-14      6.4932183e-172
     2.6000000e+03      1.8000000e-14      2.0017794e-303
     2.6000000e+03      3.7000000e-14      0.0000000e+00
     2.6000000e+03      1.0000000e-13      0.0000000e+00
     2.6000000e+03      1.0000000e-12      0.0000000e+00
     2.6000000e+03      1.0000000e+06      0.0000000e+00
     2.8000000e+03      0.0000000e+00      5.0445467e-03
     2.8000000e+03      1.0000000e-22      5.0445010e-03
     2.8000000e+03      1.0000000e-20      5.0399782e-03
     2.8000000e+03      1.0000000e-19      4.9990674e-03
     2.8000000e+03      5.0000000e-19      4.8216263e-03
     2.8000000e+03      1.0000000e-18      4.6095230e-03
     2.8000000e+03      1.8000000e-18      4.2911876e-03
     2.8000000e+03      3.2000000e-18      3.7904928e-03
     2.8000000e+03      5.6000000e-18      3.0737967e-03
     2.8000000e+03      1.0000000e-17      2.1110392e-03
     2.8000000e+03      1.5000000e-17      1.3918716e-03
     2.8000000e+03      2.2000000e-17      7.8764732e-04
     2.8000000e+03      3.2000000e-17      3.5643567e-04
     2.8000000e+03      4.6000000e-17      1.2113712e-04
     2.8000000e+03      6.8000000e-17      2.3596566e-05
     2.8000000e+03      1.0000000e-16      2.4485727e-06
     2.8000000e+03      1.5000000e-16      8.8673965e-08
     2.8000000e+03      2.2000000e-16      1.1975122e-09
     2.8000000e+03      3.2000000e-16      4.1549639e-12
     2.8000000e+03      4.6000000e-16      2.6897287e-15
     2.8000000e+03      6.8000000e-16      4.7556000e-20
     2.8000000e+03      1.0000000e-15      8.7861695e-27
     2.8000000e+03      1.5000000e-15      3.6904912e-37
     2.8000000e+03      2.2000000e-15      1.4775655e-51
     2.8000000e+03      3.2000000e-15      5.2282707e-72
     2.8000000e+03      5.6000000e-15      7.1120118e-121
     2.8000000e+03      1.0000000e-14      3.3384889e-210
     2.8000000e+03      1.8000000e-14      0.0000000e+00
     2.8000000e+03      3.7000000e-14      0.0000000e+00
     2.8000000e+03      1.0000000e-13      0.0000000e+00
     2.8000000e+03      1.0000000e-12      0.0000000e+00
     2.8000000e+03      1.0000000e+06      0.0000000e+00
     3.0000000e+03      0.0000000e+00      1.5079089e-03
     3.0000000e+03      1.0000000e-22      1.5078940e-03
     3.0000000e+03      1.0000000e-20      1.5064265e-03
     3.0000000e+03      1.0000000e-19      1.4931534e-03
     3.0000000e+03      5.0000000e-19      1.4356264e-03
     3.0000000e+03      1.0000000e-18      1.3669597e-03
     3.0000000e+03      1.8000000e-18      1.2641361e-03
     3.0000000e+03      3.2000000e-18      1.1031235e-03
     3.0000000e+03      5.6000000e-18      8.7475737e-04
     3.0000000e+03      1.0000000e-17      5.7423966e-04
     3.0000000e+03      1.5000000e-17      3.5783209e-04
     3.0000000e+03      2.2000000e-17      1.8586063e-04
     3.0000000e+03      3.2000000e-17      7.3724760e-05
     3.0000000e+03      4.6000000e-17      2.0591569e-05
     3.0000000e+03      6.8000000e-17      2.9050508e-06
     3.0000000e+03      1.0000000e-16      1.8849174e-07
     3.0000000e+03      1.5000000e-16      3.5280922e-09
     3.0000000e+03      2.2000000e-16      2.3895144e-11
     3.0000000e+03      3.2000000e-16      5.3428646e-14
     3.0000000e+03      4.6000000e-16      3.1918921e-17
     3.0000000e+03      6.8000000e-16      4.4006294e-22
     3.0000000e+03      1.0000000e-15      4.1073826e-29
     3.0000000e+03      1.5000000e-15      4.3683142e-40
     3.0000000e+03      2.2000000e-15      1.9100369e-55
     3.0000000e+03      3.2000000e-15      2.1975053e-77
     3.0000000e+03      5.6000000e-15      5.0212386e-130
     3.0000000e+03      1.0000000e-14      1.7342816e-226
     3.0000000e+03      1.8000000e-14      0.0000000e+00
     3.0000000e+03      3.7000000e-14      0.0000000e+00
     3.0000000e+03      1.0000000e-13      0.0000000e+00
     3.0000000e+03      1.0000000e-12      0.0000000e+00
     3.0000000e+03      1.0000000e+06      0.0000000e+00
     3.5000000e+03      0.0000000e+00      0.0000000e+00
     3.5000000e+03      1.0000000e-22      0.0000000e+00
     3.5000000e+03      1.0000000e-20      0.0000000e+00
     3.5000000e+03      1.0000000e-19      0.0000000e+00
     3.5000000e+03      5.0000000e-19      0.0000000e+00
     3.5000000e+03      1.0000000e-18      0.0000000e+00
     3.5000000e+03      1.8000000e-18      0.0000000e+00
     3.5000000e+03      3.2000000e-18      0.0000000e+00
     3.5000000e+03      5.6000000e-18      0.0000000e+00
     3.5000000e+03      1.0000000e-17      0.0000000e+00
     3.5000000e+03      1.5000000e-17      0.0000000e+00
     3.5000000e+03      2.2000000e-17      0.0000000e+00
     3.5000000e+03      3.2000000e-17      0.0000000e+00
     3.5000000e+03      4.6000000e-17      0.0000000e+00
     3.5000000e+03      6.8000000e-17      0.0000000e+00
     3.5000000e+03      1.0000000e-16      0.0000000e+00
     3.5000000e+03      1.5000000e-16      0.0000000e+00
     3.5000000e+03      2.2000000e-16      0.0000000e+00
     3.5000000e+03      3.2000000e-16      0.0000000e+00
     3.5000000e+03      4.6000000e-16      0.0000000e+00
     3.5000000e+03      6.8000000e-16      0.0000000e+00
     3.5000000e+03      1.0000000e-15      0.0000000e+00
     3.5000000e+03      1.5000000e-15      0.0000000e+00
     3.5000000e+03      2.2000000e-15      0.0000000e+00
     3.5000000e+03      3.2000000e-15      0.0000000e+00
     3.5000000e+03      5.6000000e-15      0.0000000e+00
     3.5000000e+03      1.0000000e-14      0.0000000e+00
     3.5000000e+03      1.8000000e-14      0.0000000e+00
     3.5000000e+03      3.7000000e-14      0.0000000e+00
     3.5000000e+03      1.0000000e-13      0.0000000e+00
     3.5000000e+03      1.0000000e-12      0.0000000e+00
     3.5000000e+03      1.0000000e+06      0.0000000e+00
