#            mhscp              width               c000
     4.5000000e+01      0.0000000e+00      1.2828787e-08
     4.5000000e+01      3.2000000e-18      1.2656060e-08
     4.5000000e+01      4.6000000e-17      1.0559634e-08
     4.5000000e+01      6.8000000e-17      9.6224706e-09
     4.5000000e+01      1.0000000e+06      0.0000000e+00
     5.0000000e+01      0.0000000e+00      8.8590105e-07
     5.0000000e+01      1.8000000e-18      8.4226217e-07
     5.0000000e+01      1.0000000e-17      6.7119683e-07
     5.0000000e+01      6.8000000e-17      1.6696126e-07
     5.0000000e+01      1.0000000e-16      9.6695013e-08
     5.0000000e+01      1.5000000e-16      5.5503605e-08
     5.0000000e+01      2.2000000e-16      3.4788265e-08
     5.0000000e+01      3.2000000e-16      2.0714974e-08
     5.0000000e+01      6.8000000e-16      3.5802794e-09
     5.0000000e+01      1.0000000e+06      0.0000000e+00
     5.5000000e+01      0.0000000e+00      1.2442197e-04
     5.5000000e+01      1.8000000e-18      1.1735919e-04
     5.5000000e+01      1.0000000e-17      8.9939796e-05
     5.5000000e+01      4.6000000e-17      2.8051975e-05
     5.5000000e+01      6.8000000e-17      1.3816349e-05
     5.5000000e+01      1.0000000e-16      4.9781880e-06
     5.5000000e+01      1.5000000e-16      1.0606965e-06
     5.5000000e+01      2.2000000e-16      1.6383467e-07
     5.5000000e+01      3.2000000e-16      3.8781346e-08
     5.5000000e+01      4.6000000e-16      1.6045194e-08
     5.5000000e+01      6.8000000e-16      4.9453828e-09
     5.5000000e+01      1.0000000e+06      0.0000000e+00
     6.0000000e+01      0.0000000e+00      4.1536393e-04
     6.0000000e+01      1.8000000e-18      3.9117438e-04
     6.0000000e+01      1.0000000e-17      2.9767701e-04
     6.0000000e+01      4.6000000e-17      9.0107936e-05
     6.0000000e+01      6.8000000e-17      4.3583343e-05
     6.0000000e+01      1.0000000e-16      1.5263266e-05
     6.0000000e+01      1.5000000e-16      3.0498316e-06
     6.0000000e+01      2.2000000e-16      3.7479463e-07
     6.0000000e+01      3.2000000e-16      4.9632872e-08
     6.0000000e+01      4.6000000e-16      1.6003426e-08
     6.0000000e+01      6.8000000e-16      4.4225726e-09
     6.0000000e+01      1.0000000e+06      0.0000000e+00
     6.5000000e+01      0.0000000e+00      1.0236343e-03
     6.5000000e+01      1.8000000e-18      9.6346127e-04
     6.5000000e+01      1.0000000e-17      7.3138260e-04
     6.5000000e+01      4.6000000e-17      2.1986247e-04
     6.5000000e+01      6.8000000e-17      1.0622207e-04
     6.5000000e+01      1.0000000e-16      3.7287450e-05
     6.5000000e+01      1.5000000e-16      7.5234941e-06
     6.5000000e+01      2.2000000e-16      9.0741770e-07
     6.5000000e+01      3.2000000e-16      8.2823131e-08
     6.5000000e+01      4.6000000e-16      1.6365226e-08
     6.5000000e+01      6.8000000e-16      3.7996862e-09
     6.5000000e+01      1.0000000e+06      0.0000000e+00
     7.5000000e+01      0.0000000e+00      1.3291895e-02
     7.5000000e+01      1.0000000e-22      1.3291849e-02
     7.5000000e+01      1.8000000e-18      1.2484398e-02
     7.5000000e+01      1.0000000e-17      9.3929888e-03
     7.5000000e+01      4.6000000e-17      2.7475678e-03
     7.5000000e+01      6.8000000e-17      1.3177490e-03
     7.5000000e+01      1.0000000e-16      4.6317856e-04
     7.5000000e+01      1.5000000e-16      9.5798896e-05
     7.5000000e+01      2.2000000e-16      1.1962868e-05
     7.5000000e+01      3.2000000e-16      8.0515782e-07
     7.5000000e+01      4.6000000e-16      3.6355528e-08
     7.5000000e+01      6.8000000e-16      2.2987718e-09
     7.5000000e+01      1.0000000e+06      0.0000000e+00
     8.0000000e+01      0.0000000e+00      3.6253107e-02
     8.0000000e+01      1.0000000e-22      3.6252976e-02
     8.0000000e+01      1.8000000e-18      3.3971800e-02
     8.0000000e+01      1.0000000e-17      2.5302545e-02
     8.0000000e+01      4.6000000e-17      7.1458027e-03
     8.0000000e+01      6.8000000e-17      3.3803277e-03
     8.0000000e+01      1.0000000e-16      1.1768522e-03
     8.0000000e+01      1.5000000e-16      2.4521763e-04
     8.0000000e+01      2.2000000e-16      3.1864102e-05
     8.0000000e+01      3.2000000e-16      2.2490143e-06
     8.0000000e+01      4.6000000e-16      8.7124806e-08
     8.0000000e+01      6.8000000e-16      2.9554628e-09
     8.0000000e+01      1.0000000e+06      0.0000000e+00
     1.0000000e+02      0.0000000e+00      1.0165011e-01
     1.0000000e+02      1.0000000e-19      1.0124085e-01
     1.0000000e+02      3.2000000e-18      8.9361295e-02
     1.0000000e+02      1.0000000e-17      6.8072574e-02
     1.0000000e+02      4.6000000e-17      1.6740178e-02
     1.0000000e+02      6.8000000e-17      7.3230188e-03
     1.0000000e+02      1.0000000e-16      2.2871395e-03
     1.0000000e+02      1.5000000e-16      4.0378824e-04
     1.0000000e+02      2.2000000e-16      4.1307533e-05
     1.0000000e+02      3.2000000e-16      2.0417966e-06
     1.0000000e+02      4.6000000e-16      5.1710857e-08
     1.0000000e+02      6.8000000e-16      1.3531883e-09
     1.0000000e+02      1.0000000e+06      0.0000000e+00
     1.2500000e+02      0.0000000e+00      1.4407229e-01
     1.2500000e+02      1.0000000e-19      1.4344014e-01
     1.2500000e+02      3.2000000e-18      1.2521741e-01
     1.2500000e+02      1.0000000e-17      9.3228990e-02
     1.2500000e+02      4.6000000e-17      2.0875298e-02
     1.2500000e+02      6.8000000e-17      8.7825796e-03
     1.2500000e+02      1.0000000e-16      2.6369365e-03
     1.2500000e+02      1.5000000e-16      4.4935419e-04
     1.2500000e+02      2.2000000e-16      4.4984990e-05
     1.2500000e+02      3.2000000e-16      2.2060900e-06
     1.2500000e+02      4.6000000e-16      5.2999645e-08
     1.2500000e+02      6.8000000e-16      7.2455491e-10
     1.2500000e+02      1.0000000e+06      0.0000000e+00
     1.5000000e+02      0.0000000e+00      1.6805763e-01
     1.5000000e+02      1.0000000e-18      1.6053213e-01
     1.5000000e+02      5.6000000e-18      1.3024261e-01
     1.5000000e+02      2.2000000e-17      6.3106699e-02
     1.5000000e+02      4.6000000e-17      2.3040817e-02
     1.5000000e+02      6.8000000e-17      9.5901755e-03
     1.5000000e+02      1.0000000e-16      2.8628158e-03
     1.5000000e+02      1.5000000e-16      4.8948891e-04
     1.5000000e+02      2.2000000e-16      4.9661876e-05
     1.5000000e+02      3.2000000e-16      2.4627902e-06
     1.5000000e+02      4.6000000e-16      5.5534203e-08
     1.5000000e+02      6.8000000e-16      4.5839977e-10
     1.5000000e+02      1.0000000e+06      0.0000000e+00
     1.7500000e+02      0.0000000e+00      1.8431505e-01
     1.7500000e+02      1.0000000e-18      1.7581789e-01
     1.7500000e+02      5.6000000e-18      1.4177877e-01
     1.7500000e+02      2.2000000e-17      6.7455878e-02
     1.7500000e+02      4.6000000e-17      2.4179425e-02
     1.7500000e+02      6.8000000e-17      9.9657226e-03
     1.7500000e+02      1.0000000e-16      2.9618693e-03
     1.7500000e+02      1.5000000e-16      5.1245435e-04
     1.7500000e+02      2.2000000e-16      5.4296630e-05
     1.7500000e+02      3.2000000e-16      2.9406128e-06
     1.7500000e+02      4.6000000e-16      7.2918614e-08
     1.7500000e+02      6.8000000e-16      4.3028754e-10
     1.7500000e+02      1.0000000e+06      0.0000000e+00
     2.0000000e+02      0.0000000e+00      2.1027239e-01
     2.0000000e+02      1.0000000e-18      2.0050718e-01
     2.0000000e+02      5.6000000e-18      1.6143921e-01
     2.0000000e+02      2.2000000e-17      7.6459827e-02
     2.0000000e+02      4.6000000e-17      2.7247182e-02
     2.0000000e+02      6.8000000e-17      1.1159338e-02
     2.0000000e+02      1.0000000e-16      3.2734107e-03
     2.0000000e+02      1.5000000e-16      5.4836609e-04
     2.0000000e+02      2.2000000e-16      5.4320658e-05
     2.0000000e+02      3.2000000e-16      2.6051297e-06
     2.0000000e+02      4.6000000e-16      5.4654643e-08
     2.0000000e+02      6.8000000e-16      2.6779745e-10
     2.0000000e+02      1.0000000e+06      0.0000000e+00
     2.2500000e+02      0.0000000e+00      2.3138935e-01
     2.2500000e+02      1.0000000e-18      2.2057372e-01
     2.2500000e+02      5.6000000e-18      1.7735472e-01
     2.2500000e+02      2.2000000e-17      8.3688078e-02
     2.2500000e+02      4.6000000e-17      2.9742497e-02
     2.2500000e+02      6.8000000e-17      1.2179407e-02
     2.2500000e+02      1.0000000e-16      3.5841026e-03
     2.2500000e+02      1.5000000e-16      6.0777329e-04
     2.2500000e+02      2.2000000e-16      6.1943145e-05
     2.2500000e+02      3.2000000e-16      3.1237697e-06
     2.2500000e+02      4.6000000e-16      6.8517225e-08
     2.2500000e+02      6.8000000e-16      3.0257106e-10
     2.2500000e+02      1.0000000e+06      0.0000000e+00
     2.5000000e+02      0.0000000e+00      2.5112736e-01
     2.5000000e+02      1.0000000e-18      2.3927734e-01
     2.5000000e+02      5.6000000e-18      1.9198277e-01
     2.5000000e+02      2.2000000e-17      8.9913202e-02
     2.5000000e+02      4.6000000e-17      3.1608616e-02
     2.5000000e+02      6.8000000e-17      1.2811238e-02
     2.5000000e+02      1.0000000e-16      3.7096899e-03
     2.5000000e+02      1.5000000e-16      6.1102136e-04
     2.5000000e+02      2.2000000e-16      5.9354081e-05
     2.5000000e+02      3.2000000e-16      2.7828647e-06
     2.5000000e+02      4.6000000e-16      5.6827583e-08
     2.5000000e+02      6.8000000e-16      2.6612806e-10
     2.5000000e+02      1.0000000e+06      0.0000000e+00
     2.7500000e+02      0.0000000e+00      2.6999469e-01
     2.7500000e+02      1.0000000e-18      2.5724579e-01
     2.7500000e+02      5.6000000e-18      2.0639357e-01
     2.7500000e+02      2.2000000e-17      9.6794008e-02
     2.7500000e+02      4.6000000e-17      3.4206299e-02
     2.7500000e+02      6.8000000e-17      1.3966398e-02
     2.7500000e+02      1.0000000e-16      4.1015914e-03
     2.7500000e+02      1.5000000e-16      6.9519907e-04
     2.7500000e+02      2.2000000e-16      7.1035661e-05
     2.7500000e+02      3.2000000e-16      3.6198806e-06
     2.7500000e+02      4.6000000e-16      8.2108391e-08
     2.7500000e+02      6.8000000e-16      4.2853911e-10
     2.7500000e+02      1.0000000e+06      0.0000000e+00
     3.0000000e+02      0.0000000e+00      2.9075009e-01
     3.0000000e+02      1.0000000e-18      2.7699404e-01
     3.0000000e+02      5.6000000e-18      2.2212071e-01
     3.0000000e+02      2.2000000e-17      1.0388139e-01
     3.0000000e+02      4.6000000e-17      3.6493937e-02
     3.0000000e+02      6.8000000e-17      1.4798511e-02
     3.0000000e+02      1.0000000e-16      4.2943902e-03
     3.0000000e+02      1.5000000e-16      7.1159211e-04
     3.0000000e+02      2.2000000e-16      6.9973424e-05
     3.0000000e+02      3.2000000e-16      3.3466985e-06
     3.0000000e+02      4.6000000e-16      6.9568847e-08
     3.0000000e+02      6.8000000e-16      3.3573044e-10
     3.0000000e+02      1.0000000e+06      0.0000000e+00
     3.2500000e+02      0.0000000e+00      3.0970709e-01
     3.2500000e+02      1.0000000e-18      2.9491170e-01
     3.2500000e+02      5.6000000e-18      2.3597845e-01
     3.2500000e+02      2.2000000e-17      1.0959447e-01
     3.2500000e+02      4.6000000e-17      3.8168845e-02
     3.2500000e+02      6.8000000e-17      1.5372134e-02
     3.2500000e+02      1.0000000e-16      4.4221967e-03
     3.2500000e+02      1.5000000e-16      7.2462428e-04
     3.2500000e+02      2.2000000e-16      7.0536754e-05
     3.2500000e+02      3.2000000e-16      3.3676096e-06
     3.2500000e+02      4.6000000e-16      7.1172395e-08
     3.2500000e+02      6.8000000e-16      3.5941303e-10
     3.2500000e+02      1.0000000e+06      0.0000000e+00
     3.5000000e+02      0.0000000e+00      3.2384562e-01
     3.5000000e+02      1.0000000e-18      3.0834815e-01
     3.5000000e+02      5.6000000e-18      2.4663162e-01
     3.5000000e+02      2.2000000e-17      1.1437796e-01
     3.5000000e+02      4.6000000e-17      3.9752944e-02
     3.5000000e+02      6.8000000e-17      1.5983730e-02
     3.5000000e+02      1.0000000e-16      4.5901848e-03
     3.5000000e+02      1.5000000e-16      7.5118758e-04
     3.5000000e+02      2.2000000e-16      7.3047823e-05
     3.5000000e+02      3.2000000e-16      3.4723242e-06
     3.5000000e+02      4.6000000e-16      7.2429813e-08
     3.5000000e+02      6.8000000e-16      3.4620927e-10
     3.5000000e+02      1.0000000e+06      0.0000000e+00
     3.7500000e+02      0.0000000e+00      3.4071462e-01
     3.7500000e+02      1.0000000e-18      3.2436784e-01
     3.7500000e+02      5.6000000e-18      2.5929235e-01
     3.7500000e+02      2.2000000e-17      1.2000938e-01
     3.7500000e+02      4.6000000e-17      4.1594663e-02
     3.7500000e+02      6.8000000e-17      1.6681003e-02
     3.7500000e+02      1.0000000e-16      4.7706247e-03
     3.7500000e+02      1.5000000e-16      7.7482292e-04
     3.7500000e+02      2.2000000e-16      7.4438898e-05
     3.7500000e+02      3.2000000e-16      3.4747532e-06
     3.7500000e+02      4.6000000e-16      7.0490818e-08
     3.7500000e+02      6.8000000e-16      3.1215646e-10
     3.7500000e+02      1.0000000e+06      0.0000000e+00
     4.0000000e+02      0.0000000e+00      3.5563343e-01
     4.0000000e+02      1.0000000e-18      3.3844501e-01
     4.0000000e+02      5.6000000e-18      2.7008840e-01
     4.0000000e+02      2.2000000e-17      1.2428499e-01
     4.0000000e+02      4.6000000e-17      4.2737180e-02
     4.0000000e+02      6.8000000e-17      1.7023153e-02
     4.0000000e+02      1.0000000e-16      4.8236268e-03
     4.0000000e+02      1.5000000e-16      7.7312432e-04
     4.0000000e+02      2.2000000e-16      7.3047937e-05
     4.0000000e+02      3.2000000e-16      3.3376608e-06
     4.0000000e+02      4.6000000e-16      6.5967943e-08
     4.0000000e+02      6.8000000e-16      2.8056373e-10
     4.0000000e+02      1.0000000e+06      0.0000000e+00
     4.2500000e+02      0.0000000e+00      3.7175954e-01
     4.2500000e+02      5.0000000e-19      3.6261455e-01
     4.2500000e+02      3.2000000e-18      3.1722714e-01
     4.2500000e+02      1.0000000e-17      2.2779375e-01
     4.2500000e+02      3.2000000e-17      8.1986844e-02
     4.2500000e+02      4.6000000e-17      4.4276846e-02
     4.2500000e+02      6.8000000e-17      1.7578804e-02
     4.2500000e+02      1.0000000e-16      4.9613086e-03
     4.2500000e+02      1.5000000e-16      7.9094829e-04
     4.2500000e+02      2.2000000e-16      7.4159305e-05
     4.2500000e+02      3.2000000e-16      3.3449356e-06
     4.2500000e+02      4.6000000e-16      6.4725752e-08
     4.2500000e+02      6.8000000e-16      2.6123724e-10
     4.2500000e+02      1.0000000e+06      0.0000000e+00
     4.5000000e+02      0.0000000e+00      3.8324406e-01
     4.5000000e+02      5.0000000e-19      3.7376352e-01
     4.5000000e+02      3.2000000e-18      3.2673017e-01
     4.5000000e+02      1.0000000e-17      2.3416598e-01
     4.5000000e+02      3.2000000e-17      8.3764393e-02
     4.5000000e+02      4.6000000e-17      4.5066260e-02
     4.5000000e+02      6.8000000e-17      1.7791310e-02
     4.5000000e+02      1.0000000e-16      4.9837002e-03
     4.5000000e+02      1.5000000e-16      7.8669519e-04
     4.5000000e+02      2.2000000e-16      7.2994691e-05
     4.5000000e+02      3.2000000e-16      3.2546171e-06
     4.5000000e+02      4.6000000e-16      6.1647388e-08
     4.5000000e+02      6.8000000e-16      2.3111162e-10
     4.5000000e+02      1.0000000e+06      0.0000000e+00
     4.7500000e+02      0.0000000e+00      3.9537213e-01
     4.7500000e+02      5.0000000e-19      3.8552967e-01
     4.7500000e+02      3.2000000e-18      3.3672695e-01
     4.7500000e+02      1.0000000e-17      2.4082667e-01
     4.7500000e+02      3.2000000e-17      8.5612842e-02
     4.7500000e+02      4.6000000e-17      4.5892988e-02
     4.7500000e+02      6.8000000e-17      1.8019103e-02
     4.7500000e+02      1.0000000e-16      5.0088698e-03
     4.7500000e+02      1.5000000e-16      7.8118110e-04
     4.7500000e+02      2.2000000e-16      7.1231349e-05
     4.7500000e+02      3.2000000e-16      3.0980740e-06
     4.7500000e+02      4.6000000e-16      5.6785956e-08
     4.7500000e+02      6.8000000e-16      2.0221794e-10
     4.7500000e+02      1.0000000e+06      0.0000000e+00
     5.0000000e+02      0.0000000e+00      4.0440677e-01
     5.0000000e+02      5.0000000e-19      3.9427751e-01
     5.0000000e+02      3.2000000e-18      3.4407373e-01
     5.0000000e+02      1.0000000e-17      2.4554403e-01
     5.0000000e+02      3.2000000e-17      8.6658465e-02
     5.0000000e+02      4.6000000e-17      4.6238555e-02
     5.0000000e+02      6.8000000e-17      1.8025734e-02
     5.0000000e+02      1.0000000e-16      4.9617806e-03
     5.0000000e+02      1.5000000e-16      7.6327886e-04
     5.0000000e+02      2.2000000e-16      6.8484645e-05
     5.0000000e+02      3.2000000e-16      2.9242704e-06
     5.0000000e+02      4.6000000e-16      5.2525105e-08
     5.0000000e+02      6.8000000e-16      1.8385000e-10
     5.0000000e+02      1.0000000e+06      0.0000000e+00
     5.5000000e+02      0.0000000e+00      4.1872542e-01
     5.5000000e+02      5.0000000e-19      4.0805329e-01
     5.5000000e+02      3.2000000e-18      3.5523557e-01
     5.5000000e+02      1.0000000e-17      2.5200725e-01
     5.5000000e+02      3.2000000e-17      8.7360696e-02
     5.5000000e+02      4.6000000e-17      4.6127784e-02
     5.5000000e+02      6.8000000e-17      1.7710691e-02
     5.5000000e+02      1.0000000e-16      4.7785037e-03
     5.5000000e+02      1.5000000e-16      7.1512761e-04
     5.5000000e+02      2.2000000e-16      6.2036042e-05
     5.5000000e+02      3.2000000e-16      2.5372502e-06
     5.5000000e+02      4.6000000e-16      4.3246202e-08
     5.5000000e+02      6.8000000e-16      1.4263376e-10
     5.5000000e+02      1.0000000e+06      0.0000000e+00
     6.0000000e+02      0.0000000e+00      4.3161631e-01
     6.0000000e+02      5.0000000e-19      4.2050878e-01
     6.0000000e+02      3.2000000e-18      3.6557908e-01
     6.0000000e+02      1.0000000e-17      2.5846662e-01
     6.0000000e+02      3.2000000e-17      8.8673310e-02
     6.0000000e+02      4.6000000e-17      4.6537202e-02
     6.0000000e+02      6.8000000e-17      1.7713977e-02
     6.0000000e+02      1.0000000e-16      4.7284543e-03
     6.0000000e+02      1.5000000e-16      6.9852846e-04
     6.0000000e+02      2.2000000e-16      5.9865870e-05
     6.0000000e+02      3.2000000e-16      2.4256470e-06
     6.0000000e+02      4.6000000e-16      4.0805213e-08
     6.0000000e+02      6.8000000e-16      1.2349773e-10
     6.0000000e+02      1.0000000e+06      0.0000000e+00
     6.5000000e+02      0.0000000e+00      4.3651212e-01
     6.5000000e+02      5.0000000e-19      4.2513457e-01
     6.5000000e+02      3.2000000e-18      3.6892936e-01
     6.5000000e+02      1.0000000e-17      2.5966601e-01
     6.5000000e+02      3.2000000e-17      8.7872575e-02
     6.5000000e+02      4.6000000e-17      4.5745383e-02
     6.5000000e+02      6.8000000e-17      1.7207488e-02
     6.5000000e+02      1.0000000e-16      4.5218477e-03
     6.5000000e+02      1.5000000e-16      6.5372001e-04
     6.5000000e+02      2.2000000e-16      5.4592417e-05
     6.5000000e+02      3.2000000e-16      2.1439247e-06
     6.5000000e+02      4.6000000e-16      3.4657651e-08
     6.5000000e+02      6.8000000e-16      9.7827074e-11
     6.5000000e+02      1.0000000e+06      0.0000000e+00
     7.0000000e+02      0.0000000e+00      4.3859334e-01
     7.0000000e+02      1.0000000e-18      4.1575716e-01
     7.0000000e+02      5.6000000e-18      3.2588610e-01
     7.0000000e+02      3.2000000e-17      8.6370670e-02
     7.0000000e+02      4.6000000e-17      4.4549652e-02
     7.0000000e+02      6.8000000e-17      1.6526278e-02
     7.0000000e+02      1.0000000e-16      4.2619523e-03
     7.0000000e+02      1.5000000e-16      6.0008659e-04
     7.0000000e+02      2.2000000e-16      4.8485794e-05
     7.0000000e+02      3.2000000e-16      1.8228570e-06
     7.0000000e+02      4.6000000e-16      2.7857875e-08
     7.0000000e+02      6.8000000e-16      7.4192901e-11
     7.0000000e+02      1.0000000e+06      0.0000000e+00
     7.5000000e+02      0.0000000e+00      4.3638845e-01
     7.5000000e+02      1.0000000e-18      4.1326408e-01
     7.5000000e+02      5.6000000e-18      3.2249937e-01
     7.5000000e+02      3.2000000e-17      8.3480267e-02
     7.5000000e+02      4.6000000e-17      4.2581736e-02
     7.5000000e+02      6.8000000e-17      1.5550932e-02
     7.5000000e+02      1.0000000e-16      3.9339459e-03
     7.5000000e+02      1.5000000e-16      5.4086282e-04
     7.5000000e+02      2.2000000e-16      4.2615192e-05
     7.5000000e+02      3.2000000e-16      1.5588083e-06
     7.5000000e+02      4.6000000e-16      2.3087689e-08
     7.5000000e+02      6.8000000e-16      5.9467107e-11
     7.5000000e+02      1.0000000e+06      0.0000000e+00
     8.0000000e+02      0.0000000e+00      4.2952929e-01
     8.0000000e+02      1.0000000e-18      4.0645532e-01
     8.0000000e+02      5.6000000e-18      3.1607140e-01
     8.0000000e+02      3.2000000e-17      8.0253525e-02
     8.0000000e+02      4.6000000e-17      4.0551000e-02
     8.0000000e+02      6.8000000e-17      1.4608816e-02
     8.0000000e+02      1.0000000e-16      3.6323319e-03
     8.0000000e+02      1.5000000e-16      4.8855626e-04
     8.0000000e+02      2.2000000e-16      3.7591435e-05
     8.0000000e+02      3.2000000e-16      1.3396455e-06
     8.0000000e+02      4.6000000e-16      1.9291108e-08
     8.0000000e+02      6.8000000e-16      4.7706703e-11
     8.0000000e+02      1.0000000e+06      0.0000000e+00
     8.5000000e+02      0.0000000e+00      4.1680761e-01
     8.5000000e+02      1.0000000e-18      3.9415301e-01
     8.5000000e+02      5.6000000e-18      3.0557224e-01
     8.5000000e+02      3.2000000e-17      7.6336565e-02
     8.5000000e+02      4.6000000e-17      3.8276823e-02
     8.5000000e+02      6.8000000e-17      1.3642113e-02
     8.5000000e+02      1.0000000e-16      3.3476693e-03
     8.5000000e+02      1.5000000e-16      4.4294023e-04
     8.5000000e+02      2.2000000e-16      3.3458419e-05
     8.5000000e+02      3.2000000e-16      1.1657283e-06
     8.5000000e+02      4.6000000e-16      1.6290965e-08
     8.5000000e+02      6.8000000e-16      3.8061636e-11
     8.5000000e+02      1.0000000e+06      0.0000000e+00
     9.0000000e+02      0.0000000e+00      4.0208803e-01
     9.0000000e+02      1.0000000e-18      3.7992126e-01
     9.0000000e+02      5.6000000e-18      2.9344031e-01
     9.0000000e+02      3.2000000e-17      7.1851802e-02
     9.0000000e+02      4.6000000e-17      3.5682109e-02
     9.0000000e+02      6.8000000e-17      1.2541428e-02
     9.0000000e+02      1.0000000e-16      3.0225621e-03
     9.0000000e+02      1.5000000e-16      3.9027805e-04
     9.0000000e+02      2.2000000e-16      2.8625550e-05
     9.0000000e+02      3.2000000e-16      9.6168525e-07
     9.0000000e+02      4.6000000e-16      1.2885516e-08
     9.0000000e+02      6.8000000e-16      2.9070613e-11
     9.0000000e+02      1.0000000e+06      0.0000000e+00
     9.5000000e+02      0.0000000e+00      3.8174788e-01
     9.5000000e+02      1.0000000e-18      3.6038858e-01
     9.5000000e+02      5.6000000e-18      2.7724919e-01
     9.5000000e+02      3.2000000e-17      6.6431987e-02
     9.5000000e+02      4.6000000e-17      3.2644938e-02
     9.5000000e+02      6.8000000e-17      1.1301902e-02
     9.5000000e+02      1.0000000e-16      2.6724935e-03
     9.5000000e+02      1.5000000e-16      3.3683131e-04
     9.5000000e+02      2.2000000e-16      2.4051854e-05
     9.5000000e+02      3.2000000e-16      7.8217464e-07
     9.5000000e+02      4.6000000e-16      1.0029078e-08
     9.5000000e+02      1.0000000e+06      0.0000000e+00
     1.0000000e+03      0.0000000e+00      3.6060882e-01
     1.0000000e+03      1.0000000e-18      3.4019092e-01
     1.0000000e+03      5.6000000e-18      2.6086257e-01
     1.0000000e+03      3.2000000e-17      6.1404226e-02
     1.0000000e+03      4.6000000e-17      2.9916226e-02
     1.0000000e+03      6.8000000e-17      1.0232325e-02
     1.0000000e+03      1.0000000e-16      2.3839490e-03
     1.0000000e+03      1.5000000e-16      2.9506459e-04
     1.0000000e+03      2.2000000e-16      2.0657709e-05
     1.0000000e+03      3.2000000e-16      6.5490929e-07
     1.0000000e+03      4.6000000e-16      8.0481185e-09
     1.0000000e+03      1.0000000e+06      0.0000000e+00
     1.1000000e+03      0.0000000e+00      3.1837288e-01
     1.1000000e+03      1.0000000e-18      2.9985716e-01
     1.1000000e+03      5.6000000e-18      2.2822872e-01
     1.1000000e+03      3.2000000e-17      5.1590507e-02
     1.1000000e+03      4.6000000e-17      2.4646269e-02
     1.1000000e+03      6.8000000e-17      8.1958985e-03
     1.1000000e+03      1.0000000e-16      1.8425406e-03
     1.1000000e+03      1.5000000e-16      2.1752415e-04
     1.1000000e+03      2.2000000e-16      1.4362300e-05
     1.1000000e+03      3.2000000e-16      4.1981172e-07
     1.1000000e+03      4.6000000e-16      4.6130407e-09
     1.1000000e+03      1.0000000e+06      0.0000000e+00
     1.2000000e+03      0.0000000e+00      2.8012615e-01
     1.2000000e+03      1.0000000e-18      2.6336235e-01
     1.2000000e+03      5.6000000e-18      1.9881290e-01
     1.2000000e+03      3.2000000e-17      4.2951861e-02
     1.2000000e+03      4.6000000e-17      2.0066602e-02
     1.2000000e+03      6.8000000e-17      6.4596040e-03
     1.2000000e+03      1.0000000e-16      1.3917848e-03
     1.2000000e+03      1.5000000e-16      1.5488521e-04
     1.2000000e+03      2.2000000e-16      9.4820812e-06
     1.2000000e+03      3.2000000e-16      2.5003618e-07
     1.2000000e+03      4.6000000e-16      2.3658322e-09
     1.2000000e+03      1.0000000e+06      0.0000000e+00
     1.3000000e+03      0.0000000e+00      2.2914594e-01
     1.3000000e+03      1.0000000e-22      2.2914446e-01
     1.3000000e+03      1.0000000e-18      2.1487640e-01
     1.3000000e+03      5.6000000e-18      1.6032669e-01
     1.3000000e+03      3.2000000e-17      3.2617695e-02
     1.3000000e+03      4.6000000e-17      1.4827394e-02
     1.3000000e+03      6.8000000e-17      4.5949693e-03
     1.3000000e+03      1.0000000e-16      9.4337798e-04
     1.3000000e+03      1.5000000e-16      9.8012857e-05
     1.3000000e+03      2.2000000e-16      5.4616896e-06
     1.3000000e+03      3.2000000e-16      1.2640539e-07
     1.3000000e+03      4.6000000e-16      1.0265764e-09
     1.3000000e+03      1.0000000e+06      0.0000000e+00
     1.4000000e+03      0.0000000e+00      1.5051443e-01
     1.4000000e+03      1.0000000e-22      1.5051344e-01
     1.4000000e+03      1.0000000e-18      1.4091893e-01
     1.4000000e+03      5.6000000e-18      1.0441135e-01
     1.4000000e+03      1.5000000e-17      5.7479894e-02
     1.4000000e+03      3.2000000e-17      2.0546066e-02
     1.4000000e+03      4.6000000e-17      9.2065153e-03
     1.4000000e+03      6.8000000e-17      2.7957335e-03
     1.4000000e+03      1.0000000e-16      5.5847300e-04
     1.4000000e+03      1.5000000e-16      5.5779979e-05
     1.4000000e+03      2.2000000e-16      2.9819222e-06
     1.4000000e+03      3.2000000e-16      6.7427801e-08
     1.4000000e+03      4.6000000e-16      5.5392098e-10
     1.4000000e+03      1.0000000e+06      0.0000000e+00
     1.5000000e+03      0.0000000e+00      1.1089710e-01
     1.5000000e+03      1.0000000e-22      1.1089637e-01
     1.5000000e+03      1.0000000e-18      1.0391054e-01
     1.5000000e+03      5.6000000e-18      7.7250967e-02
     1.5000000e+03      3.2000000e-17      1.5347543e-02
     1.5000000e+03      4.6000000e-17      6.8714653e-03
     1.5000000e+03      6.8000000e-17      2.0726850e-03
     1.5000000e+03      1.0000000e-16      4.0784711e-04
     1.5000000e+03      1.5000000e-16      3.9829565e-05
     1.5000000e+03      2.2000000e-16      2.0829424e-06
     1.5000000e+03      3.2000000e-16      4.5719938e-08
     1.5000000e+03      4.6000000e-16      3.5113179e-10
     1.5000000e+03      1.0000000e+06      0.0000000e+00
     1.6000000e+03      0.0000000e+00      9.9322087e-02
     1.6000000e+03      1.0000000e-22      9.9321431e-02
     1.6000000e+03      1.0000000e-18      9.2984501e-02
     1.6000000e+03      5.6000000e-18      6.8838901e-02
     1.6000000e+03      1.5000000e-17      3.7735470e-02
     1.6000000e+03      3.2000000e-17      1.3283174e-02
     1.6000000e+03      4.6000000e-17      5.8441573e-03
     1.6000000e+03      6.8000000e-17      1.7133440e-03
     1.6000000e+03      1.0000000e-16      3.2333586e-04
     1.6000000e+03      1.5000000e-16      2.9605615e-05
     1.6000000e+03      2.2000000e-16      1.4195256e-06
     1.6000000e+03      3.2000000e-16      2.7882145e-08
     1.6000000e+03      4.6000000e-16      1.8943084e-10
     1.6000000e+03      1.0000000e+06      0.0000000e+00
     1.7000000e+03      0.0000000e+00      8.9251767e-02
     1.7000000e+03      1.0000000e-22      8.9251154e-02
     1.7000000e+03      1.0000000e-18      8.3330962e-02
     1.7000000e+03      5.6000000e-18      6.0930873e-02
     1.7000000e+03      1.5000000e-17      3.2569445e-02
     1.7000000e+03      3.2000000e-17      1.0961378e-02
     1.7000000e+03      4.6000000e-17      4.6507738e-03
     1.7000000e+03      6.8000000e-17      1.2894620e-03
     1.7000000e+03      1.0000000e-16      2.2492872e-04
     1.7000000e+03      1.5000000e-16      1.8319469e-05
     1.7000000e+03      2.2000000e-16      7.5507436e-07
     1.7000000e+03      3.2000000e-16      1.2262857e-08
     1.7000000e+03      4.6000000e-16      6.6598167e-11
     1.7000000e+03      1.0000000e+06      0.0000000e+00
     1.8000000e+03      0.0000000e+00      6.5222756e-02
     1.8000000e+03      1.0000000e-19      6.4753349e-02
     1.8000000e+03      1.8000000e-18      5.7289764e-02
     1.8000000e+03      5.6000000e-18      4.3667531e-02
     1.8000000e+03      2.2000000e-17      1.4001772e-02
     1.8000000e+03      3.2000000e-17      7.1841544e-03
     1.8000000e+03      4.6000000e-17      2.9116769e-03
     1.8000000e+03      6.8000000e-17      7.5273125e-04
     1.8000000e+03      1.0000000e-16      1.1909193e-04
     1.8000000e+03      1.5000000e-16      8.4185472e-06
     1.8000000e+03      2.2000000e-16      2.9259954e-07
     1.8000000e+03      3.2000000e-16      3.9678381e-09
     1.8000000e+03      1.0000000e+06      0.0000000e+00
     1.9000000e+03      0.0000000e+00      3.6501951e-02
     1.9000000e+03      1.0000000e-19      3.6224494e-02
     1.9000000e+03      1.8000000e-18      3.1828386e-02
     1.9000000e+03      5.6000000e-18      2.3889756e-02
     1.9000000e+03      2.2000000e-17      7.1746842e-03
     1.9000000e+03      3.2000000e-17      3.5396251e-03
     1.9000000e+03      4.6000000e-17      1.3588348e-03
     1.9000000e+03      6.8000000e-17      3.2291083e-04
     1.9000000e+03      1.0000000e-16      4.5245698e-05
     1.9000000e+03      1.5000000e-16      2.6600272e-06
     1.9000000e+03      2.2000000e-16      7.4432700e-08
     1.9000000e+03      3.2000000e-16      8.5829830e-10
     1.9000000e+03      1.0000000e+06      0.0000000e+00
     2.0000000e+03      0.0000000e+00      1.7401973e-02
     2.0000000e+03      1.0000000e-19      1.7263529e-02
     2.0000000e+03      1.8000000e-18      1.5076904e-02
     2.0000000e+03      5.6000000e-18      1.1165689e-02
     2.0000000e+03      2.2000000e-17      3.1706629e-03
     2.0000000e+03      3.2000000e-17      1.5136915e-03
     2.0000000e+03      4.6000000e-17      5.5568853e-04
     2.0000000e+03      6.8000000e-17      1.2332914e-04
     2.0000000e+03      1.0000000e-16      1.5656533e-05
     2.0000000e+03      1.5000000e-16      7.8394889e-07
     2.0000000e+03      2.2000000e-16      1.7456898e-08
     2.0000000e+03      3.2000000e-16      1.6429096e-10
     2.0000000e+03      1.0000000e+06      0.0000000e+00
     2.1000000e+03      0.0000000e+00      8.8676177e-03
     2.1000000e+03      1.0000000e-19      8.7958374e-03
     2.1000000e+03      1.8000000e-18      7.6635246e-03
     2.1000000e+03      5.6000000e-18      5.6457044e-03
     2.1000000e+03      2.2000000e-17      1.5683838e-03
     2.1000000e+03      3.2000000e-17      7.3934375e-04
     2.1000000e+03      4.6000000e-17      2.6704849e-04
     2.1000000e+03      6.8000000e-17      5.8102258e-05
     2.1000000e+03      1.0000000e-16      7.3082727e-06
     2.1000000e+03      1.5000000e-16      3.8538056e-07
     2.1000000e+03      2.2000000e-16      1.0542496e-08
     2.1000000e+03      3.2000000e-16      1.3363987e-10
     2.1000000e+03      1.0000000e+06      0.0000000e+00
     2.2000000e+03      0.0000000e+00      5.9053082e-03
     2.2000000e+03      1.0000000e-19      5.8591238e-03
     2.2000000e+03      1.8000000e-18      5.1286376e-03
     2.2000000e+03      5.6000000e-18      3.8165438e-03
     2.2000000e+03      2.2000000e-17      1.1027602e-03
     2.2000000e+03      3.2000000e-17      5.3111787e-04
     2.2000000e+03      4.6000000e-17      1.9734922e-04
     2.2000000e+03      6.8000000e-17      4.4876184e-05
     2.2000000e+03      1.0000000e-16      6.0582626e-06
     2.2000000e+03      1.5000000e-16      3.6095863e-07
     2.2000000e+03      2.2000000e-16      1.1073463e-08
     2.2000000e+03      3.2000000e-16      1.3294834e-10
     2.2000000e+03      1.0000000e+06      0.0000000e+00
     2.3000000e+03      0.0000000e+00      5.1767457e-03
     2.3000000e+03      1.0000000e-19      5.1375567e-03
     2.3000000e+03      1.8000000e-18      4.5161831e-03
     2.3000000e+03      5.6000000e-18      3.3918583e-03
     2.3000000e+03      2.2000000e-17      1.0155781e-03
     2.3000000e+03      3.2000000e-17      4.9844921e-04
     2.3000000e+03      4.6000000e-17      1.8957623e-04
     2.3000000e+03      6.8000000e-17      4.4412095e-05
     2.3000000e+03      1.0000000e-16      6.1712374e-06
     2.3000000e+03      1.5000000e-16      3.7229765e-07
     2.3000000e+03      2.2000000e-16      1.1040212e-08
     2.3000000e+03      3.2000000e-16      1.1998812e-10
     2.3000000e+03      1.0000000e+06      0.0000000e+00
     2.4000000e+03      0.0000000e+00      4.6910581e-03
     2.4000000e+03      1.0000000e-19      4.6556687e-03
     2.4000000e+03      1.8000000e-18      4.0943811e-03
     2.4000000e+03      5.6000000e-18      3.0779167e-03
     2.4000000e+03      2.2000000e-17      9.2425979e-04
     2.4000000e+03      3.2000000e-17      4.5394432e-04
     2.4000000e+03      4.6000000e-17      1.7251765e-04
     2.4000000e+03      6.8000000e-17      4.0165062e-05
     2.4000000e+03      1.0000000e-16      5.4569806e-06
     2.4000000e+03      1.5000000e-16      3.0650473e-07
     2.4000000e+03      2.2000000e-16      7.6949379e-09
     2.4000000e+03      1.0000000e+06      0.0000000e+00
     2.5000000e+03      0.0000000e+00      4.2378898e-03
     2.5000000e+03      1.0000000e-19      4.2058456e-03
     2.5000000e+03      1.8000000e-18      3.6976309e-03
     2.5000000e+03      5.6000000e-18      2.7774194e-03
     2.5000000e+03      2.2000000e-17      8.2967775e-04
     2.5000000e+03      3.2000000e-17      4.0562470e-04
     2.5000000e+03      4.6000000e-17      1.5289496e-04
     2.5000000e+03      6.8000000e-17      3.5000171e-05
     2.5000000e+03      1.0000000e-16      4.6041364e-06
     2.5000000e+03      1.5000000e-16      2.4259907e-07
     2.5000000e+03      2.2000000e-16      5.4937208e-09
     2.5000000e+03      1.0000000e+06      0.0000000e+00
     2.6000000e+03      0.0000000e+00      3.6959879e-03
     2.6000000e+03      1.0000000e-19      3.6676440e-03
     2.6000000e+03      1.8000000e-18      3.2185177e-03
     2.6000000e+03      5.6000000e-18      2.4075126e-03
     2.6000000e+03      2.2000000e-17      7.0603318e-04
     2.6000000e+03      3.2000000e-17      3.4116286e-04
     2.6000000e+03      4.6000000e-17      1.2642079e-04
     2.6000000e+03      6.8000000e-17      2.8113894e-05
     2.6000000e+03      1.0000000e-16      3.5238578e-06
     2.6000000e+03      1.5000000e-16      1.6931930e-07
     2.6000000e+03      2.2000000e-16      3.2892466e-09
     2.6000000e+03      1.0000000e+06      0.0000000e+00
     2.8000000e+03      0.0000000e+00      2.3285452e-03
     2.8000000e+03      1.0000000e-19      2.3094279e-03
     2.8000000e+03      1.8000000e-18      2.0078490e-03
     2.8000000e+03      5.6000000e-18      1.4706524e-03
     2.8000000e+03      2.2000000e-17      3.9264921e-04
     2.8000000e+03      3.2000000e-17      1.7883590e-04
     2.8000000e+03      4.6000000e-17      6.0908416e-05
     2.8000000e+03      6.8000000e-17      1.1844343e-05
     2.8000000e+03      1.0000000e-16      1.2229524e-06
     2.8000000e+03      1.5000000e-16      4.3967692e-08
     2.8000000e+03      2.2000000e-16      5.9234784e-10
     2.8000000e+03      1.0000000e+06      0.0000000e+00
     3.0000000e+03      0.0000000e+00      7.1999979e-04
     3.0000000e+03      5.0000000e-19      6.8686613e-04
     3.0000000e+03      3.2000000e-18      5.3273276e-04
     3.0000000e+03      1.0000000e-17      2.8152422e-04
     3.0000000e+03      2.2000000e-17      9.2120068e-05
     3.0000000e+03      3.2000000e-17      3.6647327e-05
     3.0000000e+03      4.6000000e-17      1.0246249e-05
     3.0000000e+03      6.8000000e-17      1.4449906e-06
     3.0000000e+03      1.0000000e-16      9.3654318e-08
     3.0000000e+03      1.5000000e-16      1.7590192e-09
     3.0000000e+03      1.0000000e+06      0.0000000e+00
     3.5000000e+03      0.0000000e+00      0.0000000e+00
     3.5000000e+03      1.0000000e+06      0.0000000e+00
