100.0   0.0   0.0000000
100.0   40.0   0.0000000
100.0   80.0   0.0000000
1000.0   120.0   0.0001414
1000.0   160.0   0.0001598
1000.0   240.0   0.0001243
1000.0   280.0   0.0001951
1000.0   320.0   0.0001600
1000.0   360.0   0.0000709
1000.0   400.0   0.0001771
1000.0   440.0   0.0002296
1000.0   680.0   0.0001417
1000   0   0.0001595
1000   40   0.0001946
1000   80   0.0001777
1000   480   0.0000890
1000   520   0.0001239
1000   560   0.0000710
1000   600   0.0000712
1000   640   0.0000354
1000   720   0.0000707
1050.0   560.0   0.0001764
1050.0   640.0   0.0001053
1050.0   680.0   0.0001227
1050   80   0.0002114
1050   120   0.0001405
1050   160   0.0001752
1050   200   0.0001942
1050   240   0.0000879
1050   280   0.0001229
1050   320   0.0001234
1050   360   0.0001405
1050   400   0.0001060
1050   440   0.0001413
1050   480   0.0001054
1050   520   0.0001236
1050   600   0.0001403
1050   720   0.0001232
1050   0   0.0003521
1050   40   0.0002115
1100.0   560.0   0.0002273
1100.0   640.0   0.0001403
1100.0   680.0   0.0001223
1100   0   0.0002101
1100   40   0.0001049
1100   80   0.0001398
1100   120   0.0001922
1100   160   0.0001051
1100   200   0.0002100
1100   240   0.0002114
1100   280   0.0001048
1100   320   0.0001051
1100   360   0.0001747
1100   400   0.0001746
1100   440   0.0000873
1100   480   0.0001396
1100   520   0.0000875
1100   600   0.0001048
1100   720   0.0002113
1150.0   560.0   0.0001390
1150.0   640.0   0.0001735
1150.0   680.0   0.0001727
1150   0   0.0001559
1150   40   0.0001908
1150   80   0.0000519
1150   120   0.0001738
1150   160   0.0001740
1150   200   0.0001041
1150   240   0.0000693
1150   280   0.0001043
1150   320   0.0001039
1150   360   0.0001561
1150   400   0.0001899
1150   440   0.0001567
1150   480   0.0001738
1150   520   0.0001048
1150   600   0.0000867
1150   720   0.0001728
1200.0   0.0   0.0001201
1200.0   40.0   0.0000515
1200.0   80.0   0.0000690
1200.0   120.0   0.0000689
1200.0   160.0   0.0001550
1200.0   200.0   0.0000517
1200.0   240.0   0.0000688
1200.0   280.0   0.0000860
1200.0   320.0   0.0001722
1200.0   360.0   0.0000515
1200.0   400.0   0.0001198
1200.0   440.0   0.0001034
1200.0   480.0   0.0000173
1200.0   520.0   0.0002067
1200.0   560.0   0.0001035
1200.0   600.0   0.0001723
1200.0   640.0   0.0000863
1200.0   680.0   0.0001892
1200   0   0.0001031
1250.0   120.0   0.0000851
1250.0   160.0   0.0000856
1250.0   200.0   0.0001189
1250.0   240.0   0.0000851
1250.0   280.0   0.0001706
1250.0   320.0   0.0001192
1250.0   360.0   0.0001029
1250.0   400.0   0.0000856
1250.0   440.0   0.0001193
1250.0   480.0   0.0000850
1250.0   520.0   0.0001025
1250.0   560.0   0.0001537
1250.0   600.0   0.0001195
1250.0   640.0   0.0000855
1250.0   680.0   0.0001022
1300.0   0.0   0.0000680
1300.0   40.0   0.0001358
1300.0   80.0   0.0001187
1300.0   120.0   0.0001525
1300.0   160.0   0.0000678
1300.0   240.0   0.0001695
1300.0   280.0   0.0000680
1300.0   320.0   0.0001020
1300.0   360.0   0.0000846
1300.0   400.0   0.0001020
1300.0   440.0   0.0001188
1300.0   480.0   0.0000339
1300.0   520.0   0.0000677
1300.0   560.0   0.0001185
1300.0   600.0   0.0001013
1300.0   640.0   0.0001860
1300.0   680.0   0.0002193
1350.0   0.0   0.0000674
1350.0   40.0   0.0001512
1350.0   80.0   0.0000845
1350.0   120.0   0.0000676
1350.0   160.0   0.0001011
1350.0   200.0   0.0000336
1350.0   240.0   0.0001177
1350.0   280.0   0.0000839
1350.0   320.0   0.0001010
1350.0   360.0   0.0000842
1350.0   400.0   0.0000672
1350.0   440.0   0.0001345
1350.0   480.0   0.0002022
1350.0   520.0   0.0000844
1350.0   560.0   0.0000505
1350.0   600.0   0.0000841
1350.0   640.0   0.0000505
1350.0   680.0   0.0001351
1400.0   0.0   0.0001337
1400.0   40.0   0.0001163
1400.0   80.0   0.0001492
1400.0   120.0   0.0000500
1400.0   160.0   0.0001173
1400.0   200.0   0.0000670
1400.0   240.0   0.0000666
1400.0   280.0   0.0000499
1400.0   320.0   0.0001004
1400.0   360.0   0.0000672
1400.0   400.0   0.0001333
1400.0   440.0   0.0000669
1400.0   480.0   0.0000668
1400.0   520.0   0.0000665
1400.0   560.0   0.0000837
1400.0   600.0   0.0000834
1400.0   640.0   0.0001003
1400.0   680.0   0.0000670
1450.0   0.0   0.0001161
1450.0   40.0   0.0000993
1450.0   80.0   0.0001327
1450.0   120.0   0.0000828
1450.0   160.0   0.0000498
1450.0   200.0   0.0000995
1450.0   240.0   0.0000332
1450.0   280.0   0.0001826
1450.0   320.0   0.0000499
1450.0   360.0   0.0000663
1450.0   400.0   0.0000998
1450.0   440.0   0.0000500
1450.0   480.0   0.0000497
1450.0   520.0   0.0002157
1450.0   560.0   0.0000497
1450.0   600.0   0.0000996
1450.0   640.0   0.0001157
1450.0   680.0   0.0001159
150.0   80.0   0.0000000
150.0   120.0   0.0000000
1500.0   0.0   0.0000490
1500.0   40.0   0.0000655
1500.0   80.0   0.0000330
1500.0   120.0   0.0000823
1500.0   160.0   0.0000659
1500.0   200.0   0.0000329
1500.0   240.0   0.0001152
1500.0   280.0   0.0000329
1500.0   320.0   0.0000820
1500.0   360.0   0.0000986
1500.0   400.0   0.0000492
1500.0   440.0   0.0000329
1500.0   480.0   0.0000165
1500.0   520.0   0.0000657
1500.0   560.0   0.0000656
1500.0   600.0   0.0001315
1500.0   640.0   0.0000328
1500.0   680.0   0.0000821
150   0   0.0000000
150   40   0.0000000
1550.0   0.0   0.0000979
1550.0   40.0   0.0000652
1550.0   80.0   0.0001142
1550.0   120.0   0.0000653
1550.0   160.0   0.0000981
1550.0   200.0   0.0000816
1550.0   240.0   0.0000980
1550.0   280.0   0.0000000
1550.0   320.0   0.0001140
1550.0   360.0   0.0000654
1550.0   400.0   0.0000491
1550.0   440.0   0.0000327
1550.0   480.0   0.0000000
1550.0   520.0   0.0001145
1550.0   560.0   0.0000163
1550.0   600.0   0.0000650
1550.0   640.0   0.0001144
1550.0   680.0   0.0000983
1600.0   0.0   0.0000974
1600.0   40.0   0.0001297
1600.0   80.0   0.0000974
1600.0   120.0   0.0001138
1600.0   160.0   0.0000487
1600.0   200.0   0.0000163
1600.0   240.0   0.0001135
1600.0   280.0   0.0000648
1600.0   320.0   0.0000325
1600.0   360.0   0.0000807
1600.0   400.0   0.0000485
1600.0   440.0   0.0000488
1600.0   480.0   0.0001135
1600.0   520.0   0.0000486
1600.0   560.0   0.0000486
1600.0   600.0   0.0000651
1600.0   640.0   0.0000973
1600.0   680.0   0.0000650
1650.0   0.0   0.0000161
1650.0   40.0   0.0000321
1650.0   80.0   0.0000641
1650.0   120.0   0.0000643
1650.0   160.0   0.0000161
1650.0   200.0   0.0000965
1650.0   240.0   0.0000803
1650.0   280.0   0.0000640
1650.0   320.0   0.0001614
1650.0   360.0   0.0000967
1650.0   400.0   0.0000484
1650.0   440.0   0.0000323
1650.0   480.0   0.0000965
1650.0   520.0   0.0000322
1650.0   560.0   0.0000803
1650.0   600.0   0.0000322
1650.0   640.0   0.0000645
1650.0   680.0   0.0000484
1700.0   0.0   0.0000958
1700.0   40.0   0.0000320
1700.0   80.0   0.0000641
1700.0   120.0   0.0000638
1700.0   160.0   0.0000319
1700.0   200.0   0.0000318
1700.0   240.0   0.0000479
1700.0   280.0   0.0000319
1700.0   320.0   0.0000480
1700.0   360.0   0.0000640
1700.0   400.0   0.0000481
1700.0   440.0   0.0000639
1700.0   480.0   0.0000479
1700.0   520.0   0.0000480
1700.0   560.0   0.0000000
1700.0   600.0   0.0000480
1700.0   640.0   0.0000801
1700.0   680.0   0.0000479
200.0   120.0   0.0000000
200   0   0.0000000
200   40   0.0000000
200   80   0.0000154
250.0   160.0   0.0000000
250.0   200.0   0.0000000
250   0   0.0000163
250   40   0.0000000
250   80   0.0000000
250   120   0.0000000
300.0   200.0   0.0000000
300.0   240.0   0.0000000
300.0   280.0   0.0000000
300   0   0.0000341
300   40   0.0000341
300   80   0.0000170
300   120   0.0000170
300   160   0.0000000
350.0   280.0   0.0000000
350.0   320.0   0.0000000
350   0   0.0001051
350   40   0.0000525
350   80   0.0000175
350   120   0.0000176
350   160   0.0000000
350   200   0.0000000
350   240   0.0000000
400.0   120.0   0.0000178
400.0   160.0   0.0000714
400.0   240.0   0.0000179
400.0   280.0   0.0000179
400.0   320.0   0.0000000
400.0   360.0   0.0000000
400   0   0.0000535
400   40   0.0001072
400   80   0.0000356
400   120   0.0000536
400   160   0.0000178
400   200   0.0000534
400   240   0.0000359
400   280   0.0000178
450.0   160.0   0.0000363
450.0   200.0   0.0000181
450.0   240.0   0.0000722
450.0   320.0   0.0000181
450.0   360.0   0.0000000
450.0   400.0   0.0000000
450   0   0.0001263
450   40   0.0000724
450   80   0.0000903
450   120   0.0000543
450   160   0.0000900
450   200   0.0000544
450   240   0.0000181
450   280   0.0000362
450   320   0.0000000
50.0   0.0   0.0000000
500.0   280.0   0.0000364
500.0   360.0   0.0000366
500.0   400.0   0.0000183
500.0   440.0   0.0000000
500.0   480.0   0.0000000
500   0   0.0001278
500   40   0.0000548
500   80   0.0000911
500   120   0.0001277
500   160   0.0001822
500   200   0.0001097
500   240   0.0000731
500   280   0.0000366
500   320   0.0000183
500   360   0.0000731
550.0   280.0   0.0000554
550.0   480.0   0.0000000
550.0   520.0   0.0000000
550   0   0.0001649
550   40   0.0000183
550   80   0.0001651
550   120   0.0000551
550   160   0.0000737
550   200   0.0000736
550   240   0.0000734
550   280   0.0000552
550   320   0.0000734
550   360   0.0000734
550   400   0.0000184
550   440   0.0000368
600.0   0.0   0.0001653
600.0   520.0   0.0000184
600.0   560.0   0.0000000
600   0   0.0000920
600   40   0.0001105
600   80   0.0001288
600   120   0.0001847
600   160   0.0001475
600   200   0.0001099
600   240   0.0001292
600   280   0.0001660
600   320   0.0001652
600   360   0.0000924
600   400   0.0001108
600   440   0.0000553
600   480   0.0000184
650.0   560.0   0.0000000
650.0   600.0   0.0000000
650   0   0.0002575
650   40   0.0002396
650   80   0.0000736
650   120   0.0002212
650   160   0.0000369
650   200   0.0000738
650   240   0.0001470
650   280   0.0001470
650   320   0.0001099
650   360   0.0000549
650   400   0.0000550
650   440   0.0000367
650   480   0.0000367
650   520   0.0000000
700.0   600.0   0.0000000
700.0   640.0   0.0000000
700.0   680.0   0.0000000
700   0   0.0002020
700   40   0.0001650
700   80   0.0002204
700   120   0.0001290
700   160   0.0000552
700   200   0.0002020
700   240   0.0001841
700   280   0.0000366
700   320   0.0001099
700   360   0.0001658
700   400   0.0001473
700   440   0.0000914
700   480   0.0000917
700   520   0.0000369
700   560   0.0000552
750.0   680.0   0.0000183
750   0   0.0000731
750   40   0.0001835
750   80   0.0001648
750   120   0.0001095
750   160   0.0002556
750   200   0.0002187
750   240   0.0002373
750   280   0.0001470
750   320   0.0002200
750   360   0.0000916
750   400   0.0001818
750   440   0.0001825
750   480   0.0000911
750   520   0.0000910
750   560   0.0000000
750   600   0.0000549
750   640   0.0000000
800   0   0.0001091
800   40   0.0002186
800   80   0.0002373
800   120   0.0001276
800   160   0.0001454
800   200   0.0001456
800   240   0.0001460
800   280   0.0001277
800   320   0.0002001
800   360   0.0001455
800   400   0.0001452
800   440   0.0001271
800   480   0.0001088
800   520   0.0001266
800   560   0.0000547
800   600   0.0000727
800   640   0.0000000
800   680   0.0000000
850.0   80.0   0.0001444
850   0   0.0001442
850   40   0.0001449
850   120   0.0002544
850   160   0.0001262
850   200   0.0001451
850   240   0.0001263
850   280   0.0001453
850   320   0.0002165
850   360   0.0001090
850   400   0.0002185
850   440   0.0002168
850   480   0.0001819
850   520   0.0001087
850   560   0.0000906
850   600   0.0001258
850   640   0.0000903
850   680   0.0000362
850   720   0.0000000
900.0   560.0   0.0002514
900.0   640.0   0.0000180
900   0   0.0000719
900   40   0.0001627
900   80   0.0001434
900   120   0.0001977
900   160   0.0002525
900   200   0.0001257
900   240   0.0001438
900   280   0.0001609
900   320   0.0000902
900   360   0.0001614
900   400   0.0001255
900   440   0.0001078
900   480   0.0001791
900   520   0.0001615
900   600   0.0001257
900   680   0.0000180
900   720   0.0000000
950.0   560.0   0.0001782
950.0   640.0   0.0001605
950.0   680.0   0.0001246
950   0   0.0001777
950   40   0.0001256
950   80   0.0000715
950   120   0.0002142
950   160   0.0000711
950   200   0.0001250
950   240   0.0001250
950   280   0.0002137
950   320   0.0001069
950   360   0.0002151
950   400   0.0001254
950   440   0.0002157
950   480   0.0001247
950   520   0.0001965
950   600   0.0001070
950   720   0.0000537
