100.0   0.0   0.0000000
100.0   40.0   0.0000000
100.0   80.0   0.0000000
1000.0   120.0   0.0009366
1000.0   160.0   0.0009410
1000.0   240.0   0.0009412
1000.0   280.0   0.0007096
1000.0   320.0   0.0007822
1000.0   360.0   0.0007265
1000.0   400.0   0.0006905
1000.0   440.0   0.0006181
1000.0   680.0   0.0007615
1000   0   0.0010632
1000   40   0.0010970
1000   80   0.0009064
1000   480   0.0006941
1000   520   0.0005664
1000   560   0.0007636
1000   600   0.0006944
1000   640   0.0004778
1000   720   0.0005656
1050.0   560.0   0.0005999
1050.0   640.0   0.0007193
1050.0   680.0   0.0005261
1050   80   0.0012509
1050   120   0.0010184
1050   160   0.0008937
1050   200   0.0010944
1050   240   0.0009318
1050   280   0.0008957
1050   320   0.0006698
1050   360   0.0005795
1050   400   0.0006184
1050   440   0.0007419
1050   480   0.0007204
1050   520   0.0005825
1050   600   0.0007016
1050   720   0.0007218
1050   0   0.0013380
1050   40   0.0009695
1100.0   560.0   0.0006645
1100.0   640.0   0.0006314
1100.0   680.0   0.0008037
1100   0   0.0011033
1100   40   0.0008394
1100   80   0.0008215
1100   120   0.0009085
1100   160   0.0008932
1100   200   0.0008750
1100   240   0.0007927
1100   280   0.0009781
1100   320   0.0005778
1100   360   0.0007338
1100   400   0.0004888
1100   440   0.0008559
1100   480   0.0005062
1100   520   0.0006999
1100   600   0.0005939
1100   720   0.0005987
1150.0   560.0   0.0006777
1150.0   640.0   0.0005206
1150.0   680.0   0.0004662
1150   0   0.0009354
1150   40   0.0011275
1150   80   0.0008128
1150   120   0.0008514
1150   160   0.0009573
1150   200   0.0009541
1150   240   0.0009013
1150   280   0.0007476
1150   320   0.0006924
1150   360   0.0005550
1150   400   0.0007425
1150   440   0.0007312
1150   480   0.0005389
1150   520   0.0006286
1150   600   0.0005898
1150   720   0.0007258
1200.0   0.0   0.0011148
1200.0   40.0   0.0008583
1200.0   80.0   0.0010349
1200.0   120.0   0.0009823
1200.0   160.0   0.0007403
1200.0   200.0   0.0006548
1200.0   240.0   0.0007570
1200.0   280.0   0.0007053
1200.0   320.0   0.0007575
1200.0   360.0   0.0006176
1200.0   400.0   0.0004108
1200.0   440.0   0.0006723
1200.0   480.0   0.0005360
1200.0   520.0   0.0007062
1200.0   560.0   0.0006035
1200.0   600.0   0.0004826
1200.0   640.0   0.0007936
1200.0   680.0   0.0008770
1200   0   0.0010482
1250.0   120.0   0.0009187
1250.0   160.0   0.0009411
1250.0   200.0   0.0009855
1250.0   240.0   0.0009196
1250.0   280.0   0.0008529
1250.0   320.0   0.0005958
1250.0   360.0   0.0004458
1250.0   400.0   0.0005306
1250.0   440.0   0.0006137
1250.0   480.0   0.0006120
1250.0   520.0   0.0004099
1250.0   560.0   0.0005636
1250.0   600.0   0.0004953
1250.0   640.0   0.0005811
1250.0   680.0   0.0005794
1300.0   0.0   0.0010704
1300.0   40.0   0.0011206
1300.0   80.0   0.0007969
1300.0   120.0   0.0008983
1300.0   160.0   0.0006781
1300.0   240.0   0.0005934
1300.0   280.0   0.0007478
1300.0   320.0   0.0006972
1300.0   360.0   0.0006093
1300.0   400.0   0.0004760
1300.0   440.0   0.0005600
1300.0   480.0   0.0006607
1300.0   520.0   0.0004398
1300.0   560.0   0.0007112
1300.0   600.0   0.0003884
1300.0   640.0   0.0005919
1300.0   680.0   0.0007252
1350.0   0.0   0.0008756
1350.0   40.0   0.0010755
1350.0   80.0   0.0008620
1350.0   120.0   0.0006756
1350.0   160.0   0.0007076
1350.0   200.0   0.0008076
1350.0   240.0   0.0007732
1350.0   280.0   0.0006212
1350.0   320.0   0.0005722
1350.0   360.0   0.0005222
1350.0   400.0   0.0004703
1350.0   440.0   0.0006390
1350.0   480.0   0.0006235
1350.0   520.0   0.0004387
1350.0   560.0   0.0004883
1350.0   600.0   0.0003365
1350.0   640.0   0.0004380
1350.0   680.0   0.0004727
1400.0   0.0   0.0010030
1400.0   40.0   0.0008471
1400.0   80.0   0.0008126
1400.0   120.0   0.0006335
1400.0   160.0   0.0008716
1400.0   200.0   0.0008707
1400.0   240.0   0.0006830
1400.0   280.0   0.0005985
1400.0   320.0   0.0005691
1400.0   360.0   0.0005876
1400.0   400.0   0.0005831
1400.0   440.0   0.0004347
1400.0   480.0   0.0005347
1400.0   520.0   0.0004157
1400.0   560.0   0.0003849
1400.0   600.0   0.0004501
1400.0   640.0   0.0005348
1400.0   680.0   0.0006871
1450.0   0.0   0.0012935
1450.0   40.0   0.0009431
1450.0   80.0   0.0006802
1450.0   120.0   0.0009276
1450.0   160.0   0.0008136
1450.0   200.0   0.0007128
1450.0   240.0   0.0006807
1450.0   280.0   0.0006475
1450.0   320.0   0.0006481
1450.0   360.0   0.0005805
1450.0   400.0   0.0007153
1450.0   440.0   0.0006004
1450.0   480.0   0.0005134
1450.0   520.0   0.0005642
1450.0   560.0   0.0005628
1450.0   600.0   0.0004483
1450.0   640.0   0.0004792
1450.0   680.0   0.0003973
150.0   80.0   0.0000285
150.0   120.0   0.0000000
1500.0   0.0   0.0010608
1500.0   40.0   0.0009503
1500.0   80.0   0.0008257
1500.0   120.0   0.0007408
1500.0   160.0   0.0006096
1500.0   200.0   0.0007069
1500.0   240.0   0.0006255
1500.0   280.0   0.0005596
1500.0   320.0   0.0006067
1500.0   360.0   0.0006572
1500.0   400.0   0.0003775
1500.0   440.0   0.0003780
1500.0   480.0   0.0004461
1500.0   520.0   0.0003615
1500.0   560.0   0.0006891
1500.0   600.0   0.0004603
1500.0   640.0   0.0004762
1500.0   680.0   0.0002627
150   0   0.0000000
150   40   0.0000000
1550.0   0.0   0.0008485
1550.0   40.0   0.0010440
1550.0   80.0   0.0007012
1550.0   120.0   0.0006039
1550.0   160.0   0.0005558
1550.0   200.0   0.0008158
1550.0   240.0   0.0005391
1550.0   280.0   0.0006045
1550.0   320.0   0.0004236
1550.0   360.0   0.0004744
1550.0   400.0   0.0004579
1550.0   440.0   0.0006214
1550.0   480.0   0.0004245
1550.0   520.0   0.0004417
1550.0   560.0   0.0005711
1550.0   600.0   0.0003900
1550.0   640.0   0.0003758
1550.0   680.0   0.0002786
1600.0   0.0   0.0006496
1600.0   40.0   0.0009728
1600.0   80.0   0.0007141
1600.0   120.0   0.0008620
1600.0   160.0   0.0007952
1600.0   200.0   0.0007192
1600.0   240.0   0.0005838
1600.0   280.0   0.0007781
1600.0   320.0   0.0006167
1600.0   360.0   0.0005651
1600.0   400.0   0.0005986
1600.0   440.0   0.0005046
1600.0   480.0   0.0004053
1600.0   520.0   0.0005018
1600.0   560.0   0.0005344
1600.0   600.0   0.0003744
1600.0   640.0   0.0004704
1600.0   680.0   0.0005523
1650.0   0.0   0.0009160
1650.0   40.0   0.0008514
1650.0   80.0   0.0008812
1650.0   120.0   0.0010295
1650.0   160.0   0.0008701
1650.0   200.0   0.0006919
1650.0   240.0   0.0006427
1650.0   280.0   0.0007201
1650.0   320.0   0.0006779
1650.0   360.0   0.0005478
1650.0   400.0   0.0005812
1650.0   440.0   0.0004034
1650.0   480.0   0.0005147
1650.0   520.0   0.0004350
1650.0   560.0   0.0003532
1650.0   600.0   0.0004835
1650.0   640.0   0.0003872
1650.0   680.0   0.0003712
1700.0   0.0   0.0010218
1700.0   40.0   0.0008471
1700.0   80.0   0.0007852
1700.0   120.0   0.0007337
1700.0   160.0   0.0007815
1700.0   200.0   0.0005882
1700.0   240.0   0.0005429
1700.0   280.0   0.0004939
1700.0   320.0   0.0005603
1700.0   360.0   0.0005923
1700.0   400.0   0.0005928
1700.0   440.0   0.0004949
1700.0   480.0   0.0004794
1700.0   520.0   0.0004322
1700.0   560.0   0.0004483
1700.0   600.0   0.0004323
1700.0   640.0   0.0004484
1700.0   680.0   0.0002077
200.0   120.0   0.0000770
200   0   0.0000462
200   40   0.0000616
200   80   0.0000154
250.0   160.0   0.0000000
250.0   200.0   0.0000290
250   0   0.0000653
250   40   0.0000327
250   80   0.0001140
250   120   0.0001635
300.0   200.0   0.0000000
300.0   240.0   0.0000601
300.0   280.0   0.0000000
300   0   0.0001193
300   40   0.0002043
300   80   0.0001363
300   120   0.0001528
300   160   0.0000508
350.0   280.0   0.0000349
350.0   320.0   0.0000000
350   0   0.0002452
350   40   0.0004026
350   80   0.0003495
350   120   0.0003345
350   160   0.0002104
350   200   0.0001574
350   240   0.0000699
400.0   120.0   0.0002313
400.0   160.0   0.0002857
400.0   240.0   0.0002143
400.0   280.0   0.0001431
400.0   320.0   0.0000538
400.0   360.0   0.0000000
400   0   0.0004640
400   40   0.0003572
400   80   0.0003555
400   120   0.0003932
400   160   0.0002496
400   200   0.0003741
400   240   0.0001972
400   280   0.0002313
450.0   160.0   0.0005989
450.0   200.0   0.0004152
450.0   240.0   0.0002166
450.0   320.0   0.0001986
450.0   360.0   0.0001454
450.0   400.0   0.0000000
450   0   0.0005772
450   40   0.0003621
450   80   0.0004154
450   120   0.0003979
450   160   0.0003419
450   200   0.0002902
450   240   0.0003974
450   280   0.0003080
450   320   0.0001817
50.0   0.0   0.0000000
500.0   280.0   0.0002731
500.0   360.0   0.0002926
500.0   400.0   0.0001281
500.0   440.0   0.0000325
500.0   480.0   0.0000000
500   0   0.0007485
500   40   0.0006754
500   80   0.0006920
500   120   0.0006387
500   160   0.0004373
500   200   0.0004752
500   240   0.0004389
500   280   0.0005679
500   320   0.0003841
500   360   0.0002194
550.0   280.0   0.0007204
550.0   480.0   0.0000738
550.0   520.0   0.0000328
550   0   0.0007511
550   40   0.0007684
550   80   0.0006055
550   120   0.0006426
550   160   0.0005898
550   200   0.0005702
550   240   0.0004037
550   280   0.0005339
550   320   0.0005875
550   360   0.0003302
550   400   0.0001474
550   440   0.0001474
600.0   0.0   0.0008631
600.0   520.0   0.0000552
600.0   560.0   0.0000323
600   0   0.0008646
600   40   0.0006445
600   80   0.0006809
600   120   0.0008310
600   160   0.0006821
600   200   0.0007144
600   240   0.0005720
600   280   0.0006823
600   320   0.0005140
600   360   0.0006095
600   400   0.0003694
600   440   0.0003869
600   480   0.0000552
650.0   560.0   0.0001650
650.0   600.0   0.0000327
650   0   0.0006437
650   40   0.0008109
650   80   0.0009021
650   120   0.0008480
650   160   0.0008660
650   200   0.0006088
650   240   0.0009005
650   280   0.0005697
650   320   0.0006230
650   360   0.0005127
650   400   0.0004579
650   440   0.0005132
650   480   0.0002572
650   520   0.0001840
700.0   600.0   0.0000729
700.0   640.0   0.0000325
700.0   680.0   0.0000000
700   0   0.0009547
700   40   0.0007148
700   80   0.0008815
700   120   0.0007555
700   160   0.0007909
700   200   0.0007714
700   240   0.0007549
700   280   0.0009711
700   320   0.0007326
700   360   0.0007553
700   400   0.0005890
700   440   0.0007496
700   480   0.0004218
700   520   0.0003691
700   560   0.0002207
750.0   680.0   0.0000366
750   0   0.0009869
750   40   0.0007892
750   80   0.0008240
750   120   0.0009307
750   160   0.0012048
750   200   0.0009296
750   240   0.0005111
750   280   0.0007165
750   320   0.0009351
750   360   0.0008245
750   400   0.0007092
750   440   0.0007118
750   480   0.0006194
750   520   0.0003641
750   560   0.0004766
750   600   0.0002561
750   640   0.0001279
800   0   0.0009639
800   40   0.0009290
800   80   0.0007665
800   120   0.0011480
800   160   0.0009450
800   200   0.0007825
800   240   0.0009673
800   280   0.0008028
800   320   0.0006547
800   360   0.0008912
800   400   0.0007803
800   440   0.0007443
800   480   0.0007976
800   520   0.0006329
800   560   0.0006018
800   600   0.0004542
800   640   0.0003267
800   680   0.0002188
850.0   80.0   0.0009388
850   0   0.0007932
850   40   0.0010140
850   120   0.0005269
850   160   0.0008111
850   200   0.0007797
850   240   0.0007938
850   280   0.0009266
850   320   0.0007218
850   360   0.0008720
850   400   0.0007464
850   440   0.0008311
850   480   0.0004548
850   520   0.0003442
850   560   0.0004532
850   600   0.0005932
850   640   0.0004332
850   680   0.0003262
850   720   0.0001084
900.0   560.0   0.0005567
900.0   640.0   0.0007184
900   0   0.0011857
900   40   0.0008857
900   80   0.0007886
900   120   0.0011684
900   160   0.0009199
900   200   0.0009878
900   240   0.0007730
900   280   0.0008224
900   320   0.0007757
900   360   0.0006995
900   400   0.0006273
900   440   0.0008088
900   480   0.0005195
900   520   0.0006998
900   600   0.0005388
900   680   0.0004674
900   720   0.0002695
950.0   560.0   0.0009445
950.0   640.0   0.0005708
950.0   680.0   0.0007656
950   0   0.0011015
950   40   0.0008253
950   80   0.0008582
950   120   0.0007854
950   160   0.0010135
950   200   0.0009106
950   240   0.0007320
950   280   0.0008015
950   320   0.0010334
950   360   0.0007530
950   400   0.0007700
950   440   0.0007011
950   480   0.0008017
950   520   0.0006430
950   600   0.0005172
950   720   0.0003402
