100.0   0.0   0.0000000
100.0   40.0   0.0000000
100.0   80.0   0.0000000
1000.0   120.0   0.0004948
1000.0   160.0   0.0007102
1000.0   240.0   0.0005505
1000.0   280.0   0.0003726
1000.0   320.0   0.0004800
1000.0   360.0   0.0004430
1000.0   400.0   0.0005843
1000.0   440.0   0.0005121
1000.0   680.0   0.0004427
1000   0   0.0006379
1000   40   0.0006370
1000   80   0.0005687
1000   480   0.0005339
1000   520   0.0004602
1000   560   0.0006571
1000   600   0.0005163
1000   640   0.0005309
1000   720   0.0002828
1050.0   560.0   0.0004764
1050.0   640.0   0.0005789
1050.0   680.0   0.0004033
1050   80   0.0006343
1050   120   0.0004916
1050   160   0.0005433
1050   200   0.0004943
1050   240   0.0005274
1050   280   0.0006849
1050   320   0.0003525
1050   360   0.0007376
1050   400   0.0005477
1050   440   0.0005122
1050   480   0.0005622
1050   520   0.0005295
1050   600   0.0007543
1050   720   0.0005282
1050   0   0.0007042
1050   40   0.0007227
1100.0   560.0   0.0004896
1100.0   640.0   0.0006138
1100.0   680.0   0.0006290
1100   0   0.0005254
1100   40   0.0004547
1100   80   0.0004545
1100   120   0.0004892
1100   160   0.0003503
1100   200   0.0007175
1100   240   0.0004580
1100   280   0.0006288
1100   320   0.0004552
1100   360   0.0004193
1100   400   0.0004888
1100   440   0.0006113
1100   480   0.0004538
1100   520   0.0004024
1100   600   0.0003494
1100   720   0.0005107
1150.0   560.0   0.0005387
1150.0   640.0   0.0006941
1150.0   680.0   0.0004144
1150   0   0.0004677
1150   40   0.0005377
1150   80   0.0005015
1150   120   0.0003996
1150   160   0.0005047
1150   200   0.0004510
1150   240   0.0005547
1150   280   0.0004694
1150   320   0.0005020
1150   360   0.0006244
1150   400   0.0006389
1150   440   0.0004004
1150   480   0.0004694
1150   520   0.0006460
1150   600   0.0004163
1150   720   0.0006740
1200.0   0.0   0.0003945
1200.0   40.0   0.0002747
1200.0   80.0   0.0005175
1200.0   120.0   0.0005859
1200.0   160.0   0.0003271
1200.0   200.0   0.0003274
1200.0   240.0   0.0004301
1200.0   280.0   0.0003957
1200.0   320.0   0.0003616
1200.0   360.0   0.0004632
1200.0   400.0   0.0004622
1200.0   440.0   0.0005861
1200.0   480.0   0.0005187
1200.0   520.0   0.0005167
1200.0   560.0   0.0004483
1200.0   600.0   0.0004308
1200.0   640.0   0.0005348
1200.0   680.0   0.0006019
1200   0   0.0003609
1250.0   120.0   0.0004253
1250.0   160.0   0.0004449
1250.0   200.0   0.0003398
1250.0   240.0   0.0004938
1250.0   280.0   0.0003582
1250.0   320.0   0.0003575
1250.0   360.0   0.0003258
1250.0   400.0   0.0003423
1250.0   440.0   0.0003580
1250.0   480.0   0.0004420
1250.0   520.0   0.0002904
1250.0   560.0   0.0006831
1250.0   600.0   0.0005123
1250.0   640.0   0.0004615
1250.0   680.0   0.0004431
1300.0   0.0   0.0005267
1300.0   40.0   0.0004924
1300.0   80.0   0.0004748
1300.0   120.0   0.0005254
1300.0   160.0   0.0003391
1300.0   240.0   0.0004747
1300.0   280.0   0.0003739
1300.0   320.0   0.0003571
1300.0   360.0   0.0003724
1300.0   400.0   0.0004080
1300.0   440.0   0.0004582
1300.0   480.0   0.0003557
1300.0   520.0   0.0002537
1300.0   560.0   0.0003725
1300.0   600.0   0.0003377
1300.0   640.0   0.0004735
1300.0   680.0   0.0005229
1350.0   0.0   0.0004546
1350.0   40.0   0.0003361
1350.0   80.0   0.0003719
1350.0   120.0   0.0005067
1350.0   160.0   0.0002359
1350.0   200.0   0.0002860
1350.0   240.0   0.0003866
1350.0   280.0   0.0003022
1350.0   320.0   0.0002861
1350.0   360.0   0.0003538
1350.0   400.0   0.0002351
1350.0   440.0   0.0004036
1350.0   480.0   0.0004381
1350.0   520.0   0.0004387
1350.0   560.0   0.0003367
1350.0   600.0   0.0002860
1350.0   640.0   0.0003201
1350.0   680.0   0.0003714
1400.0   0.0   0.0003678
1400.0   40.0   0.0004817
1400.0   80.0   0.0003482
1400.0   120.0   0.0003501
1400.0   160.0   0.0003687
1400.0   200.0   0.0003014
1400.0   240.0   0.0002832
1400.0   280.0   0.0003657
1400.0   320.0   0.0002511
1400.0   360.0   0.0003022
1400.0   400.0   0.0004165
1400.0   440.0   0.0002675
1400.0   480.0   0.0002674
1400.0   520.0   0.0003160
1400.0   560.0   0.0002677
1400.0   600.0   0.0002834
1400.0   640.0   0.0003677
1400.0   680.0   0.0005027
1450.0   0.0   0.0004146
1450.0   40.0   0.0006122
1450.0   80.0   0.0003318
1450.0   120.0   0.0003313
1450.0   160.0   0.0004317
1450.0   200.0   0.0002984
1450.0   240.0   0.0003486
1450.0   280.0   0.0003819
1450.0   320.0   0.0003157
1450.0   360.0   0.0002488
1450.0   400.0   0.0003494
1450.0   440.0   0.0003669
1450.0   480.0   0.0002484
1450.0   520.0   0.0002489
1450.0   560.0   0.0003808
1450.0   600.0   0.0003819
1450.0   640.0   0.0001652
1450.0   680.0   0.0002649
150.0   80.0   0.0000000
150.0   120.0   0.0000000
1500.0   0.0   0.0003590
1500.0   40.0   0.0005243
1500.0   80.0   0.0004459
1500.0   120.0   0.0003457
1500.0   160.0   0.0002966
1500.0   200.0   0.0002959
1500.0   240.0   0.0002798
1500.0   280.0   0.0002304
1500.0   320.0   0.0002787
1500.0   360.0   0.0001972
1500.0   400.0   0.0002298
1500.0   440.0   0.0002629
1500.0   480.0   0.0001983
1500.0   520.0   0.0001972
1500.0   560.0   0.0004102
1500.0   600.0   0.0003452
1500.0   640.0   0.0003284
1500.0   680.0   0.0001806
150   0   0.0000000
150   40   0.0000000
1550.0   0.0   0.0003426
1550.0   40.0   0.0002447
1550.0   80.0   0.0002446
1550.0   120.0   0.0001958
1550.0   160.0   0.0003760
1550.0   200.0   0.0002611
1550.0   240.0   0.0003757
1550.0   280.0   0.0003104
1550.0   320.0   0.0001303
1550.0   360.0   0.0001799
1550.0   400.0   0.0001962
1550.0   440.0   0.0002943
1550.0   480.0   0.0003592
1550.0   520.0   0.0002454
1550.0   560.0   0.0002284
1550.0   600.0   0.0002600
1550.0   640.0   0.0002941
1550.0   680.0   0.0002458
1600.0   0.0   0.0003248
1600.0   40.0   0.0002756
1600.0   80.0   0.0003895
1600.0   120.0   0.0003578
1600.0   160.0   0.0001623
1600.0   200.0   0.0003269
1600.0   240.0   0.0002919
1600.0   280.0   0.0002270
1600.0   320.0   0.0002434
1600.0   360.0   0.0002583
1600.0   400.0   0.0002265
1600.0   440.0   0.0002116
1600.0   480.0   0.0002918
1600.0   520.0   0.0001619
1600.0   560.0   0.0002105
1600.0   600.0   0.0002116
1600.0   640.0   0.0002109
1600.0   680.0   0.0001949
1650.0   0.0   0.0003536
1650.0   40.0   0.0003052
1650.0   80.0   0.0003525
1650.0   120.0   0.0002895
1650.0   160.0   0.0003061
1650.0   200.0   0.0002575
1650.0   240.0   0.0001285
1650.0   280.0   0.0002240
1650.0   320.0   0.0002421
1650.0   360.0   0.0001611
1650.0   400.0   0.0002745
1650.0   440.0   0.0002098
1650.0   480.0   0.0002252
1650.0   520.0   0.0003223
1650.0   560.0   0.0002408
1650.0   600.0   0.0002095
1650.0   640.0   0.0001452
1650.0   680.0   0.0001291
1700.0   0.0   0.0003033
1700.0   40.0   0.0003676
1700.0   80.0   0.0002724
1700.0   120.0   0.0004147
1700.0   160.0   0.0002711
1700.0   200.0   0.0002385
1700.0   240.0   0.0002874
1700.0   280.0   0.0002390
1700.0   320.0   0.0002081
1700.0   360.0   0.0002721
1700.0   400.0   0.0002403
1700.0   440.0   0.0002395
1700.0   480.0   0.0002397
1700.0   520.0   0.0003362
1700.0   560.0   0.0001441
1700.0   600.0   0.0002242
1700.0   640.0   0.0001602
1700.0   680.0   0.0002077
200.0   120.0   0.0000308
200   0   0.0000308
200   40   0.0000154
200   80   0.0000307
250.0   160.0   0.0000000
250.0   200.0   0.0000000
250   0   0.0000490
250   40   0.0000000
250   80   0.0000814
250   120   0.0000163
300.0   200.0   0.0000000
300.0   240.0   0.0000000
300.0   280.0   0.0000000
300   0   0.0000682
300   40   0.0000170
300   80   0.0000852
300   120   0.0000849
300   160   0.0000508
350.0   280.0   0.0000000
350.0   320.0   0.0000000
350   0   0.0001927
350   40   0.0001050
350   80   0.0001223
350   120   0.0001585
350   160   0.0001052
350   200   0.0000525
350   240   0.0000000
400.0   120.0   0.0001068
400.0   160.0   0.0001964
400.0   240.0   0.0000714
400.0   280.0   0.0000358
400.0   320.0   0.0000359
400.0   360.0   0.0000000
400   0   0.0002498
400   40   0.0002143
400   80   0.0001778
400   120   0.0001251
400   160   0.0001605
400   200   0.0001959
400   240   0.0000538
400   280   0.0000534
450.0   160.0   0.0001452
450.0   200.0   0.0001986
450.0   240.0   0.0001263
450.0   320.0   0.0000542
450.0   360.0   0.0000182
450.0   400.0   0.0000000
450   0   0.0003607
450   40   0.0001448
450   80   0.0002167
450   120   0.0002170
450   160   0.0001979
450   200   0.0001269
450   240   0.0001806
450   280   0.0002174
450   320   0.0000908
50.0   0.0   0.0000000
500.0   280.0   0.0001638
500.0   360.0   0.0001280
500.0   400.0   0.0000183
500.0   440.0   0.0000000
500.0   480.0   0.0000000
500   0   0.0004564
500   40   0.0003286
500   80   0.0002368
500   120   0.0003650
500   160   0.0002733
500   200   0.0004387
500   240   0.0002377
500   280   0.0002381
500   320   0.0000366
500   360   0.0000549
550.0   280.0   0.0003325
550.0   480.0   0.0000000
550.0   520.0   0.0000000
550   0   0.0004030
550   40   0.0004574
550   80   0.0004037
550   120   0.0004223
550   160   0.0003502
550   200   0.0004046
550   240   0.0002936
550   280   0.0002946
550   320   0.0002203
550   360   0.0001101
550   400   0.0001106
550   440   0.0000368
600.0   0.0   0.0004958
600.0   520.0   0.0000000
600.0   560.0   0.0000000
600   0   0.0004415
600   40   0.0006076
600   80   0.0003865
600   120   0.0005725
600   160   0.0004793
600   200   0.0004397
600   240   0.0004982
600   280   0.0003873
600   320   0.0002570
600   360   0.0003694
600   400   0.0001293
600   440   0.0001105
600   480   0.0000368
650.0   560.0   0.0000000
650.0   600.0   0.0000000
650   0   0.0003494
650   40   0.0004607
650   80   0.0006444
650   120   0.0007006
650   160   0.0006081
650   200   0.0003874
650   240   0.0004962
650   280   0.0003308
650   320   0.0005680
650   360   0.0005859
650   400   0.0002015
650   440   0.0002199
650   480   0.0000919
650   520   0.0000368
700.0   600.0   0.0000000
700.0   640.0   0.0000000
700.0   680.0   0.0000000
700   0   0.0004957
700   40   0.0005865
700   80   0.0005509
700   120   0.0005897
700   160   0.0006069
700   200   0.0004591
700   240   0.0006812
700   280   0.0004581
700   320   0.0003663
700   360   0.0004789
700   400   0.0003129
700   440   0.0003839
700   480   0.0002567
700   520   0.0002584
700   560   0.0001472
750.0   680.0   0.0000366
750   0   0.0006579
750   40   0.0005873
750   80   0.0008240
750   120   0.0006570
750   160   0.0008032
750   200   0.0007109
750   240   0.0006024
750   280   0.0005512
750   320   0.0007884
750   360   0.0006230
750   400   0.0003637
750   440   0.0003468
750   480   0.0004372
750   520   0.0002730
750   560   0.0002200
750   600   0.0001097
750   640   0.0000366
800   0   0.0008002
800   40   0.0004736
800   80   0.0004745
800   120   0.0009294
800   160   0.0007632
800   200   0.0004731
800   240   0.0006023
800   280   0.0005656
800   320   0.0003819
800   360   0.0004183
800   400   0.0005081
800   440   0.0003812
800   480   0.0004169
800   520   0.0003797
800   560   0.0003465
800   600   0.0002907
800   640   0.0001633
800   680   0.0000729
850.0   80.0   0.0004875
850   0   0.0005048
850   40   0.0004527
850   120   0.0004179
850   160   0.0006669
850   200   0.0005621
850   240   0.0004691
850   280   0.0005996
850   320   0.0005955
850   360   0.0007630
850   400   0.0004187
850   440   0.0006324
850   480   0.0003093
850   520   0.0004166
850   560   0.0002719
850   600   0.0003775
850   640   0.0001805
850   680   0.0001631
850   720   0.0000181
900.0   560.0   0.0004489
900.0   640.0   0.0004310
900   0   0.0006288
900   40   0.0003977
900   80   0.0008244
900   120   0.0006651
900   160   0.0005592
900   200   0.0007005
900   240   0.0005393
900   280   0.0006793
900   320   0.0005412
900   360   0.0006457
900   400   0.0007528
900   440   0.0005572
900   480   0.0004478
900   520   0.0004845
900   600   0.0003233
900   680   0.0001977
900   720   0.0001976
950.0   560.0   0.0006059
950.0   640.0   0.0004103
950.0   680.0   0.0002136
950   0   0.0004442
950   40   0.0005920
950   80   0.0005006
950   120   0.0004820
950   160   0.0006401
950   200   0.0006785
950   240   0.0004999
950   280   0.0006590
950   320   0.0008553
950   360   0.0005199
950   400   0.0005730
950   440   0.0005573
950   480   0.0006057
950   520   0.0004644
950   600   0.0006420
950   720   0.0002685
