100.0   0.0   0.0000000
100.0   40.0   0.0000000
100.0   80.0   0.0000000
1000.0   120.0   0.0001767
1000.0   160.0   0.0003906
1000.0   240.0   0.0002309
1000.0   280.0   0.0003903
1000.0   320.0   0.0001956
1000.0   360.0   0.0003012
1000.0   400.0   0.0003010
1000.0   440.0   0.0001589
1000.0   680.0   0.0002656
1000   0   0.0004784
1000   40   0.0003008
1000   80   0.0001600
1000   480   0.0002848
1000   520   0.0001593
1000   560   0.0003019
1000   600   0.0002493
1000   640   0.0002124
1000   720   0.0001591
1050.0   560.0   0.0001941
1050.0   640.0   0.0004035
1050.0   680.0   0.0002630
1050   80   0.0002114
1050   120   0.0002985
1050   160   0.0002453
1050   200   0.0001589
1050   240   0.0002989
1050   280   0.0001932
1050   320   0.0003349
1050   360   0.0002985
1050   400   0.0002650
1050   440   0.0002826
1050   480   0.0002460
1050   520   0.0002471
1050   600   0.0002982
1050   720   0.0001761
1050   0   0.0003521
1050   40   0.0001939
1100.0   560.0   0.0002798
1100.0   640.0   0.0004209
1100.0   680.0   0.0002271
1100   0   0.0001926
1100   40   0.0002448
1100   80   0.0002447
1100   120   0.0002795
1100   160   0.0002627
1100   200   0.0002275
1100   240   0.0002995
1100   280   0.0001921
1100   320   0.0002276
1100   360   0.0002446
1100   400   0.0003491
1100   440   0.0002271
1100   480   0.0003316
1100   520   0.0002450
1100   600   0.0002271
1100   720   0.0002993
1150.0   560.0   0.0002780
1150.0   640.0   0.0002082
1150.0   680.0   0.0002072
1150   0   0.0002772
1150   40   0.0002775
1150   80   0.0003286
1150   120   0.0002259
1150   160   0.0002959
1150   200   0.0003643
1150   240   0.0001560
1150   280   0.0002608
1150   320   0.0002596
1150   360   0.0002081
1150   400   0.0002072
1150   440   0.0002611
1150   480   0.0002782
1150   520   0.0001571
1150   600   0.0003469
1150   720   0.0001555
1200.0   0.0   0.0002573
1200.0   40.0   0.0002060
1200.0   80.0   0.0002415
1200.0   120.0   0.0001723
1200.0   160.0   0.0001722
1200.0   200.0   0.0001034
1200.0   240.0   0.0002065
1200.0   280.0   0.0001892
1200.0   320.0   0.0001894
1200.0   360.0   0.0001887
1200.0   400.0   0.0002397
1200.0   440.0   0.0001207
1200.0   480.0   0.0002248
1200.0   520.0   0.0002067
1200.0   560.0   0.0003621
1200.0   600.0   0.0003619
1200.0   640.0   0.0003968
1200.0   680.0   0.0001548
1200   0   0.0002749
1250.0   120.0   0.0002552
1250.0   160.0   0.0001198
1250.0   200.0   0.0001359
1250.0   240.0   0.0002043
1250.0   280.0   0.0002047
1250.0   320.0   0.0002553
1250.0   360.0   0.0001372
1250.0   400.0   0.0002054
1250.0   440.0   0.0002387
1250.0   480.0   0.0001870
1250.0   520.0   0.0002220
1250.0   560.0   0.0002562
1250.0   600.0   0.0002220
1250.0   640.0   0.0001709
1250.0   680.0   0.0002556
1300.0   0.0   0.0001869
1300.0   40.0   0.0001698
1300.0   80.0   0.0002883
1300.0   120.0   0.0001864
1300.0   160.0   0.0000848
1300.0   240.0   0.0001187
1300.0   280.0   0.0001700
1300.0   320.0   0.0002381
1300.0   360.0   0.0002708
1300.0   400.0   0.0001700
1300.0   440.0   0.0001358
1300.0   480.0   0.0002202
1300.0   520.0   0.0001692
1300.0   560.0   0.0001524
1300.0   600.0   0.0002026
1300.0   640.0   0.0003044
1300.0   680.0   0.0000843
1350.0   0.0   0.0002189
1350.0   40.0   0.0001849
1350.0   80.0   0.0002535
1350.0   120.0   0.0002703
1350.0   160.0   0.0001179
1350.0   200.0   0.0002860
1350.0   240.0   0.0001513
1350.0   280.0   0.0001679
1350.0   320.0   0.0001010
1350.0   360.0   0.0001348
1350.0   400.0   0.0002351
1350.0   440.0   0.0002018
1350.0   480.0   0.0002022
1350.0   520.0   0.0002700
1350.0   560.0   0.0002357
1350.0   600.0   0.0001851
1350.0   640.0   0.0001685
1350.0   680.0   0.0001688
1400.0   0.0   0.0001839
1400.0   40.0   0.0001495
1400.0   80.0   0.0001492
1400.0   120.0   0.0001500
1400.0   160.0   0.0002682
1400.0   200.0   0.0001507
1400.0   240.0   0.0001832
1400.0   280.0   0.0001164
1400.0   320.0   0.0001841
1400.0   360.0   0.0001343
1400.0   400.0   0.0001666
1400.0   440.0   0.0001505
1400.0   480.0   0.0001504
1400.0   520.0   0.0000665
1400.0   560.0   0.0001339
1400.0   600.0   0.0001667
1400.0   640.0   0.0001671
1400.0   680.0   0.0001341
1450.0   0.0   0.0001990
1450.0   40.0   0.0000993
1450.0   80.0   0.0001659
1450.0   120.0   0.0001325
1450.0   160.0   0.0001660
1450.0   200.0   0.0002155
1450.0   240.0   0.0000830
1450.0   280.0   0.0001992
1450.0   320.0   0.0002825
1450.0   360.0   0.0000995
1450.0   400.0   0.0001497
1450.0   440.0   0.0002001
1450.0   480.0   0.0000828
1450.0   520.0   0.0000498
1450.0   560.0   0.0002152
1450.0   600.0   0.0002491
1450.0   640.0   0.0001818
1450.0   680.0   0.0001159
150.0   80.0   0.0000000
150.0   120.0   0.0000000
1500.0   0.0   0.0002774
1500.0   40.0   0.0002458
1500.0   80.0   0.0001816
1500.0   120.0   0.0001482
1500.0   160.0   0.0000824
1500.0   200.0   0.0001973
1500.0   240.0   0.0002140
1500.0   280.0   0.0001317
1500.0   320.0   0.0001148
1500.0   360.0   0.0000822
1500.0   400.0   0.0001313
1500.0   440.0   0.0000493
1500.0   480.0   0.0000991
1500.0   520.0   0.0001150
1500.0   560.0   0.0000984
1500.0   600.0   0.0001151
1500.0   640.0   0.0000985
1500.0   680.0   0.0001971
150   0   0.0000000
150   40   0.0000000
1550.0   0.0   0.0000816
1550.0   40.0   0.0001631
1550.0   80.0   0.0001794
1550.0   120.0   0.0001142
1550.0   160.0   0.0001308
1550.0   200.0   0.0000979
1550.0   240.0   0.0001634
1550.0   280.0   0.0000654
1550.0   320.0   0.0000489
1550.0   360.0   0.0000654
1550.0   400.0   0.0000654
1550.0   440.0   0.0000818
1550.0   480.0   0.0000327
1550.0   520.0   0.0001145
1550.0   560.0   0.0000653
1550.0   600.0   0.0001138
1550.0   640.0   0.0000654
1550.0   680.0   0.0000983
1600.0   0.0   0.0001949
1600.0   40.0   0.0001621
1600.0   80.0   0.0001298
1600.0   120.0   0.0001952
1600.0   160.0   0.0001136
1600.0   200.0   0.0001635
1600.0   240.0   0.0000973
1600.0   280.0   0.0001297
1600.0   320.0   0.0001947
1600.0   360.0   0.0000969
1600.0   400.0   0.0000971
1600.0   440.0   0.0000651
1600.0   480.0   0.0001297
1600.0   520.0   0.0000648
1600.0   560.0   0.0000810
1600.0   600.0   0.0000488
1600.0   640.0   0.0001460
1600.0   680.0   0.0000487
1650.0   0.0   0.0001607
1650.0   40.0   0.0001928
1650.0   80.0   0.0002083
1650.0   120.0   0.0000965
1650.0   160.0   0.0000806
1650.0   200.0   0.0001126
1650.0   240.0   0.0000964
1650.0   280.0   0.0000480
1650.0   320.0   0.0001291
1650.0   360.0   0.0001772
1650.0   400.0   0.0000807
1650.0   440.0   0.0000807
1650.0   480.0   0.0001287
1650.0   520.0   0.0000806
1650.0   560.0   0.0000803
1650.0   600.0   0.0001289
1650.0   640.0   0.0000161
1650.0   680.0   0.0001291
1700.0   0.0   0.0001277
1700.0   40.0   0.0001598
1700.0   80.0   0.0001122
1700.0   120.0   0.0001276
1700.0   160.0   0.0001116
1700.0   200.0   0.0000477
1700.0   240.0   0.0000798
1700.0   280.0   0.0000637
1700.0   320.0   0.0002401
1700.0   360.0   0.0000320
1700.0   400.0   0.0000801
1700.0   440.0   0.0001596
1700.0   480.0   0.0000479
1700.0   520.0   0.0001121
1700.0   560.0   0.0001281
1700.0   600.0   0.0000961
1700.0   640.0   0.0000801
1700.0   680.0   0.0001278
200.0   120.0   0.0000000
200   0   0.0000000
200   40   0.0000154
200   80   0.0000154
250.0   160.0   0.0000000
250.0   200.0   0.0000000
250   0   0.0000327
250   40   0.0000490
250   80   0.0000163
250   120   0.0000000
300.0   200.0   0.0000170
300.0   240.0   0.0000000
300.0   280.0   0.0000000
300   0   0.0000170
300   40   0.0000511
300   80   0.0000341
300   120   0.0000509
300   160   0.0000508
350.0   280.0   0.0000000
350.0   320.0   0.0000000
350   0   0.0001051
350   40   0.0000700
350   80   0.0001223
350   120   0.0000704
350   160   0.0000351
350   200   0.0000350
350   240   0.0000349
400.0   120.0   0.0001068
400.0   160.0   0.0001250
400.0   240.0   0.0000179
400.0   280.0   0.0000358
400.0   320.0   0.0000000
400.0   360.0   0.0000000
400   0   0.0002141
400   40   0.0000357
400   80   0.0001778
400   120   0.0000894
400   160   0.0000713
400   200   0.0000891
400   240   0.0000359
400   280   0.0000000
450.0   160.0   0.0000544
450.0   200.0   0.0001444
450.0   240.0   0.0001263
450.0   320.0   0.0000361
450.0   360.0   0.0000545
450.0   400.0   0.0000321
450   0   0.0001984
450   40   0.0001630
450   80   0.0001084
450   120   0.0000723
450   160   0.0001440
450   200   0.0000907
450   240   0.0001265
450   280   0.0000725
450   320   0.0000000
50.0   0.0   0.0000000
500.0   280.0   0.0000910
500.0   360.0   0.0000549
500.0   400.0   0.0000549
500.0   440.0   0.0000325
500.0   480.0   0.0000000
500   0   0.0002373
500   40   0.0001460
500   80   0.0001457
500   120   0.0002007
500   160   0.0000911
500   200   0.0001828
500   240   0.0001463
500   280   0.0001282
500   320   0.0001097
500   360   0.0000366
550.0   280.0   0.0001662
550.0   480.0   0.0000000
550.0   520.0   0.0000000
550   0   0.0003847
550   40   0.0001647
550   80   0.0001468
550   120   0.0003488
550   160   0.0002027
550   200   0.0003127
550   240   0.0001468
550   280   0.0000736
550   320   0.0000734
550   360   0.0000917
550   400   0.0000184
550   440   0.0000737
600.0   0.0   0.0003489
600.0   520.0   0.0000000
600.0   560.0   0.0000323
600   0   0.0003311
600   40   0.0003499
600   80   0.0003129
600   120   0.0002401
600   160   0.0003134
600   200   0.0002381
600   240   0.0002214
600   280   0.0002582
600   320   0.0002203
600   360   0.0001478
600   400   0.0000369
600   440   0.0000184
600   480   0.0000184
650.0   560.0   0.0000000
650.0   600.0   0.0000000
650   0   0.0003127
650   40   0.0003501
650   80   0.0002025
650   120   0.0003871
650   160   0.0001474
650   200   0.0003136
650   240   0.0002940
650   280   0.0002757
650   320   0.0002016
650   360   0.0001282
650   400   0.0001282
650   440   0.0001283
650   480   0.0000735
650   520   0.0000552
700.0   600.0   0.0000182
700.0   640.0   0.0000000
700.0   680.0   0.0000000
700   0   0.0003855
700   40   0.0003482
700   80   0.0002938
700   120   0.0002211
700   160   0.0002943
700   200   0.0002571
700   240   0.0003130
700   280   0.0002199
700   320   0.0001282
700   360   0.0002395
700   400   0.0002025
700   440   0.0000914
700   480   0.0001100
700   520   0.0000554
700   560   0.0000368
750.0   680.0   0.0000000
750   0   0.0003290
750   40   0.0003487
750   80   0.0002930
750   120   0.0003832
750   160   0.0001643
750   200   0.0002916
750   240   0.0003651
750   280   0.0002021
750   320   0.0002750
750   360   0.0002565
750   400   0.0002364
750   440   0.0002555
750   480   0.0000729
750   520   0.0002002
750   560   0.0000550
750   600   0.0000366
750   640   0.0000366
800   0   0.0002910
800   40   0.0002186
800   80   0.0004563
800   120   0.0002733
800   160   0.0002908
800   200   0.0004185
800   240   0.0002008
800   280   0.0002737
800   320   0.0004365
800   360   0.0003274
800   400   0.0002541
800   440   0.0002360
800   480   0.0002719
800   520   0.0001266
800   560   0.0001277
800   600   0.0000545
800   640   0.0000363
800   680   0.0000365
850.0   80.0   0.0002347
850   0   0.0003966
850   40   0.0002897
850   120   0.0002362
850   160   0.0002163
850   200   0.0002901
850   240   0.0002526
850   280   0.0002544
850   320   0.0001985
850   360   0.0002362
850   400   0.0002913
850   440   0.0002168
850   480   0.0001637
850   520   0.0002355
850   560   0.0001450
850   600   0.0001258
850   640   0.0001264
850   680   0.0000906
850   720   0.0000181
900.0   560.0   0.0002335
900.0   640.0   0.0001437
900   0   0.0002875
900   40   0.0002711
900   80   0.0003943
900   120   0.0002157
900   160   0.0002525
900   200   0.0003592
900   240   0.0002696
900   280   0.0003397
900   320   0.0002525
900   360   0.0002691
900   400   0.0002868
900   440   0.0003954
900   480   0.0002508
900   520   0.0002871
900   600   0.0002155
900   680   0.0001079
900   720   0.0000898
950.0   560.0   0.0003208
950.0   640.0   0.0002319
950.0   680.0   0.0001602
950   0   0.0002665
950   40   0.0003409
950   80   0.0003755
950   120   0.0002142
950   160   0.0001422
950   200   0.0001786
950   240   0.0001785
950   280   0.0003384
950   320   0.0002851
950   360   0.0002689
950   400   0.0003402
950   440   0.0003236
950   480   0.0002851
950   520   0.0002322
950   600   0.0002318
950   720   0.0000537
