100.0   0.0   0.0000000
100.0   40.0   0.0000000
100.0   80.0   0.0000000
1000.0   120.0   0.0004418
1000.0   160.0   0.0005859
1000.0   240.0   0.0004439
1000.0   280.0   0.0004435
1000.0   320.0   0.0004444
1000.0   360.0   0.0003721
1000.0   400.0   0.0003364
1000.0   440.0   0.0004062
1000.0   680.0   0.0002479
1000   0   0.0005493
1000   40   0.0005308
1000   80   0.0006754
1000   480   0.0004983
1000   520   0.0003186
1000   560   0.0004084
1000   600   0.0004273
1000   640   0.0003185
1000   720   0.0003358
1050.0   560.0   0.0004058
1050.0   640.0   0.0005789
1050.0   680.0   0.0002981
1050   80   0.0005109
1050   120   0.0004916
1050   160   0.0005257
1050   200   0.0004060
1050   240   0.0005802
1050   280   0.0003512
1050   320   0.0003878
1050   360   0.0005268
1050   400   0.0004771
1050   440   0.0003709
1050   480   0.0002284
1050   520   0.0003001
1050   600   0.0004385
1050   720   0.0002113
1050   0   0.0005105
1050   40   0.0004759
1100.0   560.0   0.0002448
1100.0   640.0   0.0002631
1100.0   680.0   0.0003844
1100   0   0.0006655
1100   40   0.0005421
1100   80   0.0004195
1100   120   0.0005766
1100   160   0.0003678
1100   200   0.0002975
1100   240   0.0004052
1100   280   0.0002445
1100   320   0.0003502
1100   360   0.0003320
1100   400   0.0003840
1100   440   0.0003144
1100   480   0.0004189
1100   520   0.0003849
1100   600   0.0003319
1100   720   0.0003522
1150.0   560.0   0.0003302
1150.0   640.0   0.0002256
1150.0   680.0   0.0002763
1150   0   0.0004677
1150   40   0.0005897
1150   80   0.0004150
1150   120   0.0004344
1150   160   0.0004699
1150   200   0.0005724
1150   240   0.0003120
1150   280   0.0003303
1150   320   0.0002077
1150   360   0.0002948
1150   400   0.0003108
1150   440   0.0003308
1150   480   0.0002086
1150   520   0.0002968
1150   600   0.0003296
1150   720   0.0003111
1200.0   0.0   0.0006175
1200.0   40.0   0.0003948
1200.0   80.0   0.0006037
1200.0   120.0   0.0004308
1200.0   160.0   0.0002410
1200.0   200.0   0.0003963
1200.0   240.0   0.0002581
1200.0   280.0   0.0004129
1200.0   320.0   0.0003099
1200.0   360.0   0.0003431
1200.0   400.0   0.0003081
1200.0   440.0   0.0002413
1200.0   480.0   0.0002939
1200.0   520.0   0.0003272
1200.0   560.0   0.0002759
1200.0   600.0   0.0002930
1200.0   640.0   0.0004313
1200.0   680.0   0.0001204
1200   0   0.0004468
1250.0   120.0   0.0003573
1250.0   160.0   0.0004791
1250.0   200.0   0.0005777
1250.0   240.0   0.0003406
1250.0   280.0   0.0003753
1250.0   320.0   0.0002894
1250.0   360.0   0.0003601
1250.0   400.0   0.0003423
1250.0   440.0   0.0003239
1250.0   480.0   0.0003740
1250.0   520.0   0.0002391
1250.0   560.0   0.0002562
1250.0   600.0   0.0001879
1250.0   640.0   0.0002905
1250.0   680.0   0.0004090
1300.0   0.0   0.0003738
1300.0   40.0   0.0004245
1300.0   80.0   0.0003730
1300.0   120.0   0.0003729
1300.0   160.0   0.0004577
1300.0   240.0   0.0004578
1300.0   280.0   0.0003739
1300.0   320.0   0.0003231
1300.0   360.0   0.0003893
1300.0   400.0   0.0001870
1300.0   440.0   0.0001358
1300.0   480.0   0.0001863
1300.0   520.0   0.0002706
1300.0   560.0   0.0002709
1300.0   600.0   0.0003039
1300.0   640.0   0.0003552
1300.0   680.0   0.0001687
1350.0   0.0   0.0005556
1350.0   40.0   0.0005210
1350.0   80.0   0.0005916
1350.0   120.0   0.0004729
1350.0   160.0   0.0003032
1350.0   200.0   0.0004374
1350.0   240.0   0.0004538
1350.0   280.0   0.0002518
1350.0   320.0   0.0002861
1350.0   360.0   0.0002190
1350.0   400.0   0.0003023
1350.0   440.0   0.0003363
1350.0   480.0   0.0002359
1350.0   520.0   0.0003543
1350.0   560.0   0.0002694
1350.0   600.0   0.0003028
1350.0   640.0   0.0002022
1350.0   680.0   0.0001857
1400.0   0.0   0.0004681
1400.0   40.0   0.0004485
1400.0   80.0   0.0004146
1400.0   120.0   0.0003168
1400.0   160.0   0.0004023
1400.0   200.0   0.0003851
1400.0   240.0   0.0002665
1400.0   280.0   0.0002494
1400.0   320.0   0.0005022
1400.0   360.0   0.0002686
1400.0   400.0   0.0002499
1400.0   440.0   0.0002006
1400.0   480.0   0.0002507
1400.0   520.0   0.0002494
1400.0   560.0   0.0001673
1400.0   600.0   0.0001834
1400.0   640.0   0.0001337
1400.0   680.0   0.0001843
1450.0   0.0   0.0004477
1450.0   40.0   0.0003309
1450.0   80.0   0.0005641
1450.0   120.0   0.0005301
1450.0   160.0   0.0004151
1450.0   200.0   0.0004476
1450.0   240.0   0.0004482
1450.0   280.0   0.0003321
1450.0   320.0   0.0004321
1450.0   360.0   0.0002820
1450.0   400.0   0.0003327
1450.0   440.0   0.0002835
1450.0   480.0   0.0002981
1450.0   520.0   0.0001659
1450.0   560.0   0.0001324
1450.0   600.0   0.0001992
1450.0   640.0   0.0002313
1450.0   680.0   0.0002152
150.0   80.0   0.0000000
150.0   120.0   0.0000000
1500.0   0.0   0.0006691
1500.0   40.0   0.0004915
1500.0   80.0   0.0003798
1500.0   120.0   0.0002798
1500.0   160.0   0.0003295
1500.0   200.0   0.0003781
1500.0   240.0   0.0003951
1500.0   280.0   0.0003621
1500.0   320.0   0.0002623
1500.0   360.0   0.0002465
1500.0   400.0   0.0001805
1500.0   440.0   0.0001808
1500.0   480.0   0.0002313
1500.0   520.0   0.0002300
1500.0   560.0   0.0001477
1500.0   600.0   0.0001479
1500.0   640.0   0.0002627
1500.0   680.0   0.0002299
150   0   0.0000000
150   40   0.0000000
1550.0   0.0   0.0003916
1550.0   40.0   0.0004731
1550.0   80.0   0.0004077
1550.0   120.0   0.0005059
1550.0   160.0   0.0003433
1550.0   200.0   0.0003916
1550.0   240.0   0.0003431
1550.0   280.0   0.0003104
1550.0   320.0   0.0003258
1550.0   360.0   0.0003271
1550.0   400.0   0.0002780
1550.0   440.0   0.0002126
1550.0   480.0   0.0002286
1550.0   520.0   0.0003108
1550.0   560.0   0.0001795
1550.0   600.0   0.0003088
1550.0   640.0   0.0001307
1550.0   680.0   0.0002458
1600.0   0.0   0.0006334
1600.0   40.0   0.0004702
1600.0   80.0   0.0004057
1600.0   120.0   0.0004554
1600.0   160.0   0.0003732
1600.0   200.0   0.0002452
1600.0   240.0   0.0001784
1600.0   280.0   0.0003404
1600.0   320.0   0.0002759
1600.0   360.0   0.0002745
1600.0   400.0   0.0002588
1600.0   440.0   0.0002767
1600.0   480.0   0.0002432
1600.0   520.0   0.0002590
1600.0   560.0   0.0003563
1600.0   600.0   0.0001953
1600.0   640.0   0.0001622
1600.0   680.0   0.0001462
1650.0   0.0   0.0003857
1650.0   40.0   0.0004016
1650.0   80.0   0.0004807
1650.0   120.0   0.0005630
1650.0   160.0   0.0004028
1650.0   200.0   0.0003540
1650.0   240.0   0.0003214
1650.0   280.0   0.0002881
1650.0   320.0   0.0002583
1650.0   360.0   0.0003384
1650.0   400.0   0.0001776
1650.0   440.0   0.0003227
1650.0   480.0   0.0003378
1650.0   520.0   0.0001772
1650.0   560.0   0.0002729
1650.0   600.0   0.0002740
1650.0   640.0   0.0001291
1650.0   680.0   0.0002098
1700.0   0.0   0.0003672
1700.0   40.0   0.0004635
1700.0   80.0   0.0004327
1700.0   120.0   0.0003988
1700.0   160.0   0.0004147
1700.0   200.0   0.0003656
1700.0   240.0   0.0002235
1700.0   280.0   0.0002231
1700.0   320.0   0.0004322
1700.0   360.0   0.0002721
1700.0   400.0   0.0002884
1700.0   440.0   0.0002075
1700.0   480.0   0.0001598
1700.0   520.0   0.0001281
1700.0   560.0   0.0001761
1700.0   600.0   0.0002402
1700.0   640.0   0.0001441
1700.0   680.0   0.0002077
200.0   120.0   0.0000000
200   0   0.0000154
200   40   0.0000308
200   80   0.0000000
250.0   160.0   0.0000000
250.0   200.0   0.0000000
250   0   0.0000816
250   40   0.0000490
250   80   0.0000651
250   120   0.0000327
300.0   200.0   0.0000170
300.0   240.0   0.0000000
300.0   280.0   0.0000000
300   0   0.0000852
300   40   0.0001362
300   80   0.0001363
300   120   0.0001188
300   160   0.0000847
350.0   280.0   0.0000175
350.0   320.0   0.0000000
350   0   0.0001051
350   40   0.0002626
350   80   0.0002271
350   120   0.0001585
350   160   0.0001403
350   200   0.0001399
350   240   0.0001572
400.0   120.0   0.0002491
400.0   160.0   0.0001607
400.0   240.0   0.0001072
400.0   280.0   0.0000894
400.0   320.0   0.0000359
400.0   360.0   0.0000000
400   0   0.0002498
400   40   0.0002500
400   80   0.0002133
400   120   0.0002681
400   160   0.0000892
400   200   0.0001603
400   240   0.0000717
400   280   0.0000534
450.0   160.0   0.0001633
450.0   200.0   0.0002166
450.0   240.0   0.0001444
450.0   320.0   0.0001444
450.0   360.0   0.0000364
450.0   400.0   0.0000321
450   0   0.0002525
450   40   0.0003259
450   80   0.0002529
450   120   0.0002351
450   160   0.0001979
450   200   0.0001451
450   240   0.0001265
450   280   0.0001449
450   320   0.0000908
50.0   0.0   0.0000000
500.0   280.0   0.0002731
500.0   360.0   0.0000914
500.0   400.0   0.0000183
500.0   440.0   0.0000000
500.0   480.0   0.0000000
500   0   0.0004016
500   40   0.0002921
500   80   0.0004007
500   120   0.0004380
500   160   0.0001458
500   200   0.0004570
500   240   0.0002560
500   280   0.0002381
500   320   0.0000914
500   360   0.0002011
550.0   280.0   0.0003140
550.0   480.0   0.0000185
550.0   520.0   0.0000000
550   0   0.0003847
550   40   0.0004025
550   80   0.0003119
550   120   0.0004039
550   160   0.0003871
550   200   0.0002759
550   240   0.0002936
550   280   0.0003682
550   320   0.0002387
550   360   0.0002202
550   400   0.0002027
550   440   0.0000921
600.0   0.0   0.0004040
600.0   520.0   0.0000552
600.0   560.0   0.0000000
600   0   0.0003863
600   40   0.0004788
600   80   0.0004049
600   120   0.0004801
600   160   0.0003871
600   200   0.0003297
600   240   0.0003137
600   280   0.0004057
600   320   0.0004222
600   360   0.0003325
600   400   0.0001477
600   440   0.0001105
600   480   0.0001103
650.0   560.0   0.0000733
650.0   600.0   0.0000000
650   0   0.0003311
650   40   0.0004607
650   80   0.0004050
650   120   0.0004240
650   160   0.0003685
650   200   0.0004428
650   240   0.0004227
650   280   0.0003308
650   320   0.0003665
650   360   0.0002563
650   400   0.0002748
650   440   0.0002016
650   480   0.0001654
650   520   0.0001104
700.0   600.0   0.0000547
700.0   640.0   0.0000000
700.0   680.0   0.0000000
700   0   0.0004039
700   40   0.0004216
700   80   0.0004407
700   120   0.0004423
700   160   0.0004414
700   200   0.0002755
700   240   0.0003498
700   280   0.0004214
700   320   0.0002198
700   360   0.0003500
700   400   0.0003497
700   440   0.0002742
700   480   0.0002751
700   520   0.0000738
700   560   0.0001656
750.0   680.0   0.0000000
750   0   0.0004021
750   40   0.0004588
750   80   0.0004211
750   120   0.0005840
750   160   0.0004198
750   200   0.0004010
750   240   0.0004746
750   280   0.0003858
750   320   0.0003851
750   360   0.0002748
750   400   0.0004001
750   440   0.0004745
750   480   0.0001822
750   520   0.0002730
750   560   0.0003117
750   600   0.0001463
750   640   0.0001097
800   0   0.0006547
800   40   0.0003461
800   80   0.0004563
800   120   0.0004920
800   160   0.0002908
800   200   0.0004913
800   240   0.0002738
800   280   0.0006021
800   320   0.0005456
800   360   0.0005274
800   400   0.0001633
800   440   0.0003812
800   480   0.0003988
800   520   0.0004159
800   560   0.0004012
800   600   0.0002362
800   640   0.0001633
800   680   0.0000912
850.0   80.0   0.0003791
850   0   0.0004327
850   40   0.0003259
850   120   0.0004724
850   160   0.0004506
850   200   0.0003808
850   240   0.0005773
850   280   0.0003089
850   320   0.0004150
850   360   0.0003997
850   400   0.0004005
850   440   0.0004336
850   480   0.0003638
850   520   0.0003442
850   560   0.0002719
850   600   0.0003416
850   640   0.0001264
850   680   0.0001993
850   720   0.0001084
900.0   560.0   0.0003592
900.0   640.0   0.0002694
900   0   0.0005390
900   40   0.0005423
900   80   0.0005377
900   120   0.0003056
900   160   0.0004870
900   200   0.0005209
900   240   0.0004494
900   280   0.0003397
900   320   0.0005412
900   360   0.0003946
900   400   0.0005019
900   440   0.0004134
900   480   0.0003404
900   520   0.0003768
900   600   0.0003053
900   680   0.0002876
900   720   0.0003054
950.0   560.0   0.0005168
950.0   640.0   0.0003924
950.0   680.0   0.0002671
950   0   0.0005507
950   40   0.0005023
950   80   0.0004649
950   120   0.0004463
950   160   0.0003023
950   200   0.0004642
950   240   0.0006427
950   280   0.0005521
950   320   0.0002851
950   360   0.0003406
950   400   0.0003940
950   440   0.0003955
950   480   0.0003741
950   520   0.0003572
950   600   0.0003032
950   720   0.0001790
