100.0   0.0   0.0000000
100.0   40.0   0.0000000
100.0   80.0   0.0000000
1000.0   120.0   0.0000530
1000.0   160.0   0.0000888
1000.0   240.0   0.0000000
1000.0   280.0   0.0000887
1000.0   320.0   0.0000356
1000.0   360.0   0.0000177
1000.0   400.0   0.0000708
1000.0   440.0   0.0000883
1000.0   680.0   0.0000354
1000   0   0.0000886
1000   40   0.0000354
1000   80   0.0000355
1000   480   0.0000712
1000   520   0.0000354
1000   560   0.0000355
1000   600   0.0000534
1000   640   0.0000531
1000   720   0.0000000
1050.0   560.0   0.0001059
1050.0   640.0   0.0000526
1050.0   680.0   0.0000351
1050   80   0.0000705
1050   120   0.0000702
1050   160   0.0000526
1050   200   0.0000706
1050   240   0.0000352
1050   280   0.0000176
1050   320   0.0000353
1050   360   0.0000000
1050   400   0.0000353
1050   440   0.0000530
1050   480   0.0000176
1050   520   0.0000353
1050   600   0.0000351
1050   720   0.0000352
1050   0   0.0000352
1050   40   0.0000353
1100.0   560.0   0.0000175
1100.0   640.0   0.0000702
1100.0   680.0   0.0000349
1100   0   0.0000175
1100   40   0.0000175
1100   80   0.0001224
1100   120   0.0001223
1100   160   0.0000350
1100   200   0.0000350
1100   240   0.0000000
1100   280   0.0000349
1100   320   0.0000175
1100   360   0.0000699
1100   400   0.0000873
1100   440   0.0000349
1100   480   0.0001222
1100   520   0.0000350
1100   600   0.0000175
1100   720   0.0000352
1150.0   560.0   0.0000348
1150.0   640.0   0.0000347
1150.0   680.0   0.0000518
1150   0   0.0000346
1150   40   0.0000694
1150   80   0.0001038
1150   120   0.0000521
1150   160   0.0001218
1150   200   0.0000347
1150   240   0.0000347
1150   280   0.0000348
1150   320   0.0000519
1150   360   0.0000000
1150   400   0.0000518
1150   440   0.0000174
1150   480   0.0000000
1150   520   0.0000000
1150   600   0.0000173
1150   720   0.0000173
1200.0   0.0   0.0000343
1200.0   40.0   0.0000515
1200.0   80.0   0.0000690
1200.0   120.0   0.0000000
1200.0   160.0   0.0000344
1200.0   200.0   0.0000345
1200.0   240.0   0.0000000
1200.0   280.0   0.0000516
1200.0   320.0   0.0000172
1200.0   360.0   0.0000343
1200.0   400.0   0.0000514
1200.0   440.0   0.0000172
1200.0   480.0   0.0000864
1200.0   520.0   0.0000172
1200.0   560.0   0.0000517
1200.0   600.0   0.0000517
1200.0   640.0   0.0000345
1200.0   680.0   0.0000344
1200   0   0.0000859
1250.0   120.0   0.0000340
1250.0   160.0   0.0000171
1250.0   200.0   0.0000510
1250.0   240.0   0.0000000
1250.0   280.0   0.0000341
1250.0   320.0   0.0000000
1250.0   360.0   0.0000514
1250.0   400.0   0.0000000
1250.0   440.0   0.0000341
1250.0   480.0   0.0000340
1250.0   520.0   0.0000512
1250.0   560.0   0.0000171
1250.0   600.0   0.0000171
1250.0   640.0   0.0000342
1250.0   680.0   0.0000341
1300.0   0.0   0.0000510
1300.0   40.0   0.0000509
1300.0   80.0   0.0000170
1300.0   120.0   0.0000508
1300.0   160.0   0.0000339
1300.0   240.0   0.0000509
1300.0   280.0   0.0001020
1300.0   320.0   0.0000000
1300.0   360.0   0.0000508
1300.0   400.0   0.0000000
1300.0   440.0   0.0000000
1300.0   480.0   0.0000000
1300.0   520.0   0.0000507
1300.0   560.0   0.0000169
1300.0   600.0   0.0000507
1300.0   640.0   0.0000338
1300.0   680.0   0.0000337
1350.0   0.0   0.0000337
1350.0   40.0   0.0000504
1350.0   80.0   0.0000507
1350.0   120.0   0.0000507
1350.0   160.0   0.0000337
1350.0   200.0   0.0001178
1350.0   240.0   0.0000000
1350.0   280.0   0.0000000
1350.0   320.0   0.0000337
1350.0   360.0   0.0000168
1350.0   400.0   0.0000504
1350.0   440.0   0.0000168
1350.0   480.0   0.0000000
1350.0   520.0   0.0000506
1350.0   560.0   0.0000673
1350.0   600.0   0.0000505
1350.0   640.0   0.0000337
1350.0   680.0   0.0000000
1400.0   0.0   0.0001003
1400.0   40.0   0.0000498
1400.0   80.0   0.0000000
1400.0   120.0   0.0000500
1400.0   160.0   0.0000335
1400.0   200.0   0.0000335
1400.0   240.0   0.0000167
1400.0   280.0   0.0000166
1400.0   320.0   0.0000335
1400.0   360.0   0.0000504
1400.0   400.0   0.0000167
1400.0   440.0   0.0000334
1400.0   480.0   0.0000334
1400.0   520.0   0.0000166
1400.0   560.0   0.0000167
1400.0   600.0   0.0000000
1400.0   640.0   0.0000334
1400.0   680.0   0.0000000
1450.0   0.0   0.0000166
1450.0   40.0   0.0000165
1450.0   80.0   0.0000000
1450.0   120.0   0.0000497
1450.0   160.0   0.0000332
1450.0   200.0   0.0000000
1450.0   240.0   0.0000332
1450.0   280.0   0.0000000
1450.0   320.0   0.0000332
1450.0   360.0   0.0000166
1450.0   400.0   0.0000166
1450.0   440.0   0.0000334
1450.0   480.0   0.0000166
1450.0   520.0   0.0000332
1450.0   560.0   0.0000166
1450.0   600.0   0.0000000
1450.0   640.0   0.0000000
1450.0   680.0   0.0000497
150.0   80.0   0.0000000
150.0   120.0   0.0000000
1500.0   0.0   0.0000490
1500.0   40.0   0.0000164
1500.0   80.0   0.0000000
1500.0   120.0   0.0000000
1500.0   160.0   0.0000494
1500.0   200.0   0.0000000
1500.0   240.0   0.0000000
1500.0   280.0   0.0000000
1500.0   320.0   0.0000328
1500.0   360.0   0.0000329
1500.0   400.0   0.0000000
1500.0   440.0   0.0000164
1500.0   480.0   0.0000000
1500.0   520.0   0.0000164
1500.0   560.0   0.0000492
1500.0   600.0   0.0000164
1500.0   640.0   0.0000164
1500.0   680.0   0.0000328
150   0   0.0000000
150   40   0.0000000
1550.0   0.0   0.0000326
1550.0   40.0   0.0000000
1550.0   80.0   0.0000326
1550.0   120.0   0.0000326
1550.0   160.0   0.0000327
1550.0   200.0   0.0000326
1550.0   240.0   0.0000327
1550.0   280.0   0.0000327
1550.0   320.0   0.0000163
1550.0   360.0   0.0000164
1550.0   400.0   0.0000000
1550.0   440.0   0.0000164
1550.0   480.0   0.0000163
1550.0   520.0   0.0000000
1550.0   560.0   0.0000000
1550.0   600.0   0.0000000
1550.0   640.0   0.0000163
1550.0   680.0   0.0000000
1600.0   0.0   0.0000162
1600.0   40.0   0.0000973
1600.0   80.0   0.0000162
1600.0   120.0   0.0000325
1600.0   160.0   0.0000162
1600.0   200.0   0.0000163
1600.0   240.0   0.0000000
1600.0   280.0   0.0000162
1600.0   320.0   0.0000000
1600.0   360.0   0.0000000
1600.0   400.0   0.0000162
1600.0   440.0   0.0000163
1600.0   480.0   0.0000000
1600.0   520.0   0.0000162
1600.0   560.0   0.0000000
1600.0   600.0   0.0000326
1600.0   640.0   0.0000162
1600.0   680.0   0.0000000
1650.0   0.0   0.0000482
1650.0   40.0   0.0000643
1650.0   80.0   0.0000160
1650.0   120.0   0.0000161
1650.0   160.0   0.0000161
1650.0   200.0   0.0000000
1650.0   240.0   0.0000321
1650.0   280.0   0.0000160
1650.0   320.0   0.0000000
1650.0   360.0   0.0000322
1650.0   400.0   0.0000161
1650.0   440.0   0.0000161
1650.0   480.0   0.0000000
1650.0   520.0   0.0000000
1650.0   560.0   0.0000803
1650.0   600.0   0.0000322
1650.0   640.0   0.0000000
1650.0   680.0   0.0000161
1700.0   0.0   0.0000319
1700.0   40.0   0.0000480
1700.0   80.0   0.0000320
1700.0   120.0   0.0000000
1700.0   160.0   0.0000159
1700.0   200.0   0.0000159
1700.0   240.0   0.0000160
1700.0   280.0   0.0000159
1700.0   320.0   0.0000480
1700.0   360.0   0.0000320
1700.0   400.0   0.0000000
1700.0   440.0   0.0000000
1700.0   480.0   0.0000160
1700.0   520.0   0.0000000
1700.0   560.0   0.0000160
1700.0   600.0   0.0000320
1700.0   640.0   0.0000320
1700.0   680.0   0.0000000
200.0   120.0   0.0000000
200   0   0.0000000
200   40   0.0000000
200   80   0.0000000
250.0   160.0   0.0000000
250.0   200.0   0.0000000
250   0   0.0000000
250   40   0.0000000
250   80   0.0000000
250   120   0.0000000
300.0   200.0   0.0000170
300.0   240.0   0.0000000
300.0   280.0   0.0000000
300   0   0.0000000
300   40   0.0000170
300   80   0.0000000
300   120   0.0000000
300   160   0.0000000
350.0   280.0   0.0000000
350.0   320.0   0.0000000
350   0   0.0000175
350   40   0.0000175
350   80   0.0000000
350   120   0.0000000
350   160   0.0000000
350   200   0.0000000
350   240   0.0000000
400.0   120.0   0.0000000
400.0   160.0   0.0000000
400.0   240.0   0.0000000
400.0   280.0   0.0000000
400.0   320.0   0.0000000
400.0   360.0   0.0000000
400   0   0.0000000
400   40   0.0000357
400   80   0.0000000
400   120   0.0000000
400   160   0.0000178
400   200   0.0000178
400   240   0.0000000
400   280   0.0000000
450.0   160.0   0.0000000
450.0   200.0   0.0000000
450.0   240.0   0.0000000
450.0   320.0   0.0000000
450.0   360.0   0.0000000
450.0   400.0   0.0000000
450   0   0.0000361
450   40   0.0000000
450   80   0.0000181
450   120   0.0000181
450   160   0.0000000
450   200   0.0000544
450   240   0.0000181
450   280   0.0000181
450   320   0.0000182
50.0   0.0   0.0000000
500.0   280.0   0.0000182
500.0   360.0   0.0000183
500.0   400.0   0.0000183
500.0   440.0   0.0000000
500.0   480.0   0.0000000
500   0   0.0000365
500   40   0.0000548
500   80   0.0000728
500   120   0.0000365
500   160   0.0000364
500   200   0.0000731
500   240   0.0000549
500   280   0.0000183
500   320   0.0000000
500   360   0.0000183
550.0   280.0   0.0000554
550.0   480.0   0.0000000
550.0   520.0   0.0000000
550   0   0.0000550
550   40   0.0000915
550   80   0.0000367
550   120   0.0000367
550   160   0.0000184
550   200   0.0000368
550   240   0.0000183
550   280   0.0000000
550   320   0.0000367
550   360   0.0000183
550   400   0.0000369
550   440   0.0000184
600.0   0.0   0.0000735
600.0   520.0   0.0000000
600.0   560.0   0.0000000
600   0   0.0000552
600   40   0.0000368
600   80   0.0000736
600   120   0.0000369
600   160   0.0000369
600   200   0.0000733
600   240   0.0000923
600   280   0.0000369
600   320   0.0000184
600   360   0.0000554
600   400   0.0000369
600   440   0.0000000
600   480   0.0000000
650.0   560.0   0.0000000
650.0   600.0   0.0000000
650   0   0.0000368
650   40   0.0000553
650   80   0.0000000
650   120   0.0000369
650   160   0.0000369
650   200   0.0000184
650   240   0.0000551
650   280   0.0000551
650   320   0.0000183
650   360   0.0000732
650   400   0.0000366
650   440   0.0000367
650   480   0.0000367
650   520   0.0000000
700.0   600.0   0.0000000
700.0   640.0   0.0000000
700.0   680.0   0.0000000
700   0   0.0000551
700   40   0.0000550
700   80   0.0000918
700   120   0.0000737
700   160   0.0000736
700   200   0.0000367
700   240   0.0000921
700   280   0.0000183
700   320   0.0000000
700   360   0.0000737
700   400   0.0000184
700   440   0.0000366
700   480   0.0000183
700   520   0.0000000
700   560   0.0000184
750.0   680.0   0.0000000
750   0   0.0000000
750   40   0.0000918
750   80   0.0000183
750   120   0.0000547
750   160   0.0000913
750   200   0.0000547
750   240   0.0000548
750   280   0.0000735
750   320   0.0000917
750   360   0.0000366
750   400   0.0000546
750   440   0.0000365
750   480   0.0000364
750   520   0.0000000
750   560   0.0000000
750   600   0.0000000
750   640   0.0000000
800   0   0.0000727
800   40   0.0001093
800   80   0.0000365
800   120   0.0000911
800   160   0.0000363
800   200   0.0000364
800   240   0.0000000
800   280   0.0000365
800   320   0.0000182
800   360   0.0000727
800   400   0.0000181
800   440   0.0000000
800   480   0.0000725
800   520   0.0000181
800   560   0.0000182
800   600   0.0000182
800   640   0.0000363
800   680   0.0000000
850.0   80.0   0.0000181
850   0   0.0000361
850   40   0.0000905
850   120   0.0001090
850   160   0.0000180
850   200   0.0001088
850   240   0.0000541
850   280   0.0000000
850   320   0.0000541
850   360   0.0001090
850   400   0.0000182
850   440   0.0000542
850   480   0.0000364
850   520   0.0000362
850   560   0.0000544
850   600   0.0000180
850   640   0.0000181
850   680   0.0000181
850   720   0.0000000
900.0   560.0   0.0000180
900.0   640.0   0.0000180
900   0   0.0000180
900   40   0.0000723
900   80   0.0000358
900   120   0.0000539
900   160   0.0000361
900   200   0.0000539
900   240   0.0000180
900   280   0.0000358
900   320   0.0000541
900   360   0.0000897
900   400   0.0000358
900   440   0.0000359
900   480   0.0000896
900   520   0.0000359
900   600   0.0000000
900   680   0.0000180
900   720   0.0000719
950.0   560.0   0.0000356
950.0   640.0   0.0000357
950.0   680.0   0.0000534
950   0   0.0000355
950   40   0.0000179
950   80   0.0001073
950   120   0.0000714
950   160   0.0000356
950   200   0.0000357
950   240   0.0000536
950   280   0.0000356
950   320   0.0000535
950   360   0.0000538
950   400   0.0000716
950   440   0.0000899
950   480   0.0000713
950   520   0.0000536
950   600   0.0000178
950   720   0.0000358
