100.0   0.0   0.0000000
100.0   40.0   0.0000000
100.0   80.0   0.0000000
1000.0   120.0   0.0000884
1000.0   160.0   0.0000710
1000.0   240.0   0.0000533
1000.0   280.0   0.0000532
1000.0   320.0   0.0001067
1000.0   360.0   0.0000709
1000.0   400.0   0.0000708
1000.0   440.0   0.0000706
1000.0   680.0   0.0000531
1000   0   0.0001418
1000   40   0.0001592
1000   80   0.0000711
1000   480   0.0000890
1000   520   0.0000354
1000   560   0.0000355
1000   600   0.0000890
1000   640   0.0000531
1000   720   0.0000353
1050.0   560.0   0.0000706
1050.0   640.0   0.0000702
1050.0   680.0   0.0000351
1050   80   0.0001409
1050   120   0.0001054
1050   160   0.0001051
1050   200   0.0000353
1050   240   0.0000527
1050   280   0.0000351
1050   320   0.0000705
1050   360   0.0000527
1050   400   0.0000883
1050   440   0.0000530
1050   480   0.0000527
1050   520   0.0000883
1050   600   0.0000526
1050   720   0.0000528
1050   0   0.0001232
1050   40   0.0000881
1100.0   560.0   0.0000525
1100.0   640.0   0.0000351
1100.0   680.0   0.0000349
1100   0   0.0000700
1100   40   0.0000350
1100   80   0.0000874
1100   120   0.0000699
1100   160   0.0000350
1100   200   0.0000525
1100   240   0.0000352
1100   280   0.0000699
1100   320   0.0001051
1100   360   0.0000524
1100   400   0.0001396
1100   440   0.0000524
1100   480   0.0000000
1100   520   0.0000525
1100   600   0.0000175
1100   720   0.0000704
1150.0   560.0   0.0000348
1150.0   640.0   0.0000694
1150.0   680.0   0.0000518
1150   0   0.0001039
1150   40   0.0000347
1150   80   0.0001556
1150   120   0.0001216
1150   160   0.0001566
1150   200   0.0000347
1150   240   0.0000347
1150   280   0.0000522
1150   320   0.0000865
1150   360   0.0001214
1150   400   0.0000173
1150   440   0.0000348
1150   480   0.0000522
1150   520   0.0000349
1150   600   0.0000520
1150   720   0.0000864
1200.0   0.0   0.0000858
1200.0   40.0   0.0001030
1200.0   80.0   0.0001207
1200.0   120.0   0.0001206
1200.0   160.0   0.0000689
1200.0   200.0   0.0000000
1200.0   240.0   0.0000172
1200.0   280.0   0.0001204
1200.0   320.0   0.0000517
1200.0   360.0   0.0000343
1200.0   400.0   0.0000171
1200.0   440.0   0.0000345
1200.0   480.0   0.0001037
1200.0   520.0   0.0000344
1200.0   560.0   0.0000345
1200.0   600.0   0.0000172
1200.0   640.0   0.0000863
1200.0   680.0   0.0000344
1200   0   0.0000687
1250.0   120.0   0.0001021
1250.0   160.0   0.0000342
1250.0   200.0   0.0000680
1250.0   240.0   0.0001022
1250.0   280.0   0.0000682
1250.0   320.0   0.0000511
1250.0   360.0   0.0000686
1250.0   400.0   0.0000513
1250.0   440.0   0.0000170
1250.0   480.0   0.0000680
1250.0   520.0   0.0000512
1250.0   560.0   0.0000000
1250.0   600.0   0.0000342
1250.0   640.0   0.0000342
1250.0   680.0   0.0000170
1300.0   0.0   0.0001019
1300.0   40.0   0.0001019
1300.0   80.0   0.0000339
1300.0   120.0   0.0001186
1300.0   160.0   0.0000848
1300.0   240.0   0.0000678
1300.0   280.0   0.0001190
1300.0   320.0   0.0000850
1300.0   360.0   0.0001016
1300.0   400.0   0.0000510
1300.0   440.0   0.0000509
1300.0   480.0   0.0000508
1300.0   520.0   0.0000507
1300.0   560.0   0.0000339
1300.0   600.0   0.0000169
1300.0   640.0   0.0000338
1300.0   680.0   0.0000675
1350.0   0.0   0.0001010
1350.0   40.0   0.0001008
1350.0   80.0   0.0000676
1350.0   120.0   0.0001182
1350.0   160.0   0.0000337
1350.0   200.0   0.0001009
1350.0   240.0   0.0000672
1350.0   280.0   0.0000168
1350.0   320.0   0.0000168
1350.0   360.0   0.0000168
1350.0   400.0   0.0000000
1350.0   440.0   0.0000336
1350.0   480.0   0.0000000
1350.0   520.0   0.0000675
1350.0   560.0   0.0000673
1350.0   600.0   0.0000168
1350.0   640.0   0.0000337
1350.0   680.0   0.0000338
1400.0   0.0   0.0000836
1400.0   40.0   0.0000831
1400.0   80.0   0.0000332
1400.0   120.0   0.0000834
1400.0   160.0   0.0000838
1400.0   200.0   0.0000502
1400.0   240.0   0.0000333
1400.0   280.0   0.0000499
1400.0   320.0   0.0000502
1400.0   360.0   0.0000168
1400.0   400.0   0.0000333
1400.0   440.0   0.0000334
1400.0   480.0   0.0000501
1400.0   520.0   0.0000665
1400.0   560.0   0.0000669
1400.0   600.0   0.0000333
1400.0   640.0   0.0000836
1400.0   680.0   0.0000503
1450.0   0.0   0.0000995
1450.0   40.0   0.0001489
1450.0   80.0   0.0001659
1450.0   120.0   0.0001491
1450.0   160.0   0.0000332
1450.0   200.0   0.0000332
1450.0   240.0   0.0000332
1450.0   280.0   0.0000332
1450.0   320.0   0.0000665
1450.0   360.0   0.0000498
1450.0   400.0   0.0000000
1450.0   440.0   0.0000667
1450.0   480.0   0.0000166
1450.0   520.0   0.0000166
1450.0   560.0   0.0000497
1450.0   600.0   0.0000332
1450.0   640.0   0.0000165
1450.0   680.0   0.0000166
150.0   80.0   0.0000000
150.0   120.0   0.0000000
1500.0   0.0   0.0000653
1500.0   40.0   0.0000492
1500.0   80.0   0.0000991
1500.0   120.0   0.0000329
1500.0   160.0   0.0000659
1500.0   200.0   0.0000329
1500.0   240.0   0.0000494
1500.0   280.0   0.0000658
1500.0   320.0   0.0001148
1500.0   360.0   0.0000493
1500.0   400.0   0.0000164
1500.0   440.0   0.0000822
1500.0   480.0   0.0000496
1500.0   520.0   0.0000164
1500.0   560.0   0.0000328
1500.0   600.0   0.0000493
1500.0   640.0   0.0000164
1500.0   680.0   0.0000328
150   0   0.0000000
150   40   0.0000000
1550.0   0.0   0.0001305
1550.0   40.0   0.0000652
1550.0   80.0   0.0000326
1550.0   120.0   0.0000816
1550.0   160.0   0.0001144
1550.0   200.0   0.0000979
1550.0   240.0   0.0000163
1550.0   280.0   0.0000654
1550.0   320.0   0.0000326
1550.0   360.0   0.0000327
1550.0   400.0   0.0000327
1550.0   440.0   0.0000818
1550.0   480.0   0.0000327
1550.0   520.0   0.0000327
1550.0   560.0   0.0000000
1550.0   600.0   0.0000488
1550.0   640.0   0.0000163
1550.0   680.0   0.0000000
1600.0   0.0   0.0000487
1600.0   40.0   0.0000486
1600.0   80.0   0.0000162
1600.0   120.0   0.0000488
1600.0   160.0   0.0000325
1600.0   200.0   0.0000327
1600.0   240.0   0.0000324
1600.0   280.0   0.0000324
1600.0   320.0   0.0000162
1600.0   360.0   0.0000484
1600.0   400.0   0.0000324
1600.0   440.0   0.0000326
1600.0   480.0   0.0000000
1600.0   520.0   0.0000000
1600.0   560.0   0.0000000
1600.0   600.0   0.0000163
1600.0   640.0   0.0000000
1600.0   680.0   0.0000000
1650.0   0.0   0.0000482
1650.0   40.0   0.0000161
1650.0   80.0   0.0000481
1650.0   120.0   0.0000483
1650.0   160.0   0.0000000
1650.0   200.0   0.0000644
1650.0   240.0   0.0001125
1650.0   280.0   0.0000480
1650.0   320.0   0.0000323
1650.0   360.0   0.0000161
1650.0   400.0   0.0000646
1650.0   440.0   0.0000161
1650.0   480.0   0.0000322
1650.0   520.0   0.0000483
1650.0   560.0   0.0000321
1650.0   600.0   0.0000161
1650.0   640.0   0.0000484
1650.0   680.0   0.0000646
1700.0   0.0   0.0001118
1700.0   40.0   0.0000480
1700.0   80.0   0.0000320
1700.0   120.0   0.0000798
1700.0   160.0   0.0000319
1700.0   200.0   0.0000318
1700.0   240.0   0.0000479
1700.0   280.0   0.0000319
1700.0   320.0   0.0000000
1700.0   360.0   0.0000160
1700.0   400.0   0.0000481
1700.0   440.0   0.0000319
1700.0   480.0   0.0000320
1700.0   520.0   0.0000320
1700.0   560.0   0.0000160
1700.0   600.0   0.0000320
1700.0   640.0   0.0000320
1700.0   680.0   0.0000000
200.0   120.0   0.0000000
200   0   0.0000000
200   40   0.0000000
200   80   0.0000000
250.0   160.0   0.0000000
250.0   200.0   0.0000000
250   0   0.0000000
250   40   0.0000000
250   80   0.0000000
250   120   0.0000163
300.0   200.0   0.0000000
300.0   240.0   0.0000000
300.0   280.0   0.0000000
300   0   0.0000000
300   40   0.0000170
300   80   0.0000000
300   120   0.0000000
300   160   0.0000169
350.0   280.0   0.0000000
350.0   320.0   0.0000000
350   0   0.0000350
350   40   0.0000175
350   80   0.0000175
350   120   0.0000176
350   160   0.0000000
350   200   0.0000000
350   240   0.0000000
400.0   120.0   0.0000178
400.0   160.0   0.0000179
400.0   240.0   0.0000000
400.0   280.0   0.0000000
400.0   320.0   0.0000000
400.0   360.0   0.0000000
400   0   0.0000535
400   40   0.0000179
400   80   0.0000178
400   120   0.0000000
400   160   0.0000535
400   200   0.0000000
400   240   0.0000000
400   280   0.0000178
450.0   160.0   0.0000181
450.0   200.0   0.0000181
450.0   240.0   0.0000000
450.0   320.0   0.0000000
450.0   360.0   0.0000000
450.0   400.0   0.0000000
450   0   0.0000541
450   40   0.0000362
450   80   0.0000542
450   120   0.0000181
450   160   0.0000180
450   200   0.0000907
450   240   0.0000361
450   280   0.0000362
450   320   0.0000182
50.0   0.0   0.0000000
500.0   280.0   0.0000546
500.0   360.0   0.0000000
500.0   400.0   0.0000183
500.0   440.0   0.0000000
500.0   480.0   0.0000000
500   0   0.0000548
500   40   0.0000365
500   80   0.0000728
500   120   0.0000000
500   160   0.0000729
500   200   0.0000548
500   240   0.0000366
500   280   0.0000366
500   320   0.0000366
500   360   0.0000183
550.0   280.0   0.0000739
550.0   480.0   0.0000000
550.0   520.0   0.0000000
550   0   0.0000550
550   40   0.0001281
550   80   0.0000734
550   120   0.0000734
550   160   0.0000184
550   200   0.0000184
550   240   0.0000367
550   280   0.0000552
550   320   0.0000184
550   360   0.0000367
550   400   0.0000553
550   440   0.0000000
600.0   0.0   0.0001469
600.0   520.0   0.0000000
600.0   560.0   0.0000000
600   0   0.0001288
600   40   0.0000737
600   80   0.0000736
600   120   0.0000739
600   160   0.0001106
600   200   0.0000183
600   240   0.0000923
600   280   0.0000000
600   320   0.0000000
600   360   0.0000369
600   400   0.0000185
600   440   0.0000000
600   480   0.0000184
650.0   560.0   0.0000000
650.0   600.0   0.0000000
650   0   0.0000552
650   40   0.0000737
650   80   0.0000184
650   120   0.0000553
650   160   0.0001290
650   200   0.0000553
650   240   0.0000551
650   280   0.0000368
650   320   0.0000366
650   360   0.0000366
650   400   0.0000366
650   440   0.0000183
650   480   0.0000551
650   520   0.0000000
700.0   600.0   0.0000182
700.0   640.0   0.0000000
700.0   680.0   0.0000000
700   0   0.0000734
700   40   0.0000916
700   80   0.0000918
700   120   0.0001474
700   160   0.0000184
700   200   0.0000551
700   240   0.0001289
700   280   0.0000916
700   320   0.0000366
700   360   0.0000553
700   400   0.0000552
700   440   0.0000548
700   480   0.0000917
700   520   0.0000185
700   560   0.0000184
750.0   680.0   0.0000000
750   0   0.0001097
750   40   0.0001101
750   80   0.0001282
750   120   0.0000730
750   160   0.0000730
750   200   0.0000729
750   240   0.0000548
750   280   0.0000735
750   320   0.0000183
750   360   0.0000366
750   400   0.0000364
750   440   0.0000365
750   480   0.0001093
750   520   0.0000910
750   560   0.0000367
750   600   0.0000000
750   640   0.0000183
800   0   0.0001819
800   40   0.0002004
800   80   0.0000548
800   120   0.0001822
800   160   0.0000182
800   200   0.0000364
800   240   0.0000548
800   280   0.0000730
800   320   0.0000727
800   360   0.0000909
800   400   0.0001633
800   440   0.0000363
800   480   0.0000363
800   520   0.0000181
800   560   0.0000729
800   600   0.0000182
800   640   0.0000363
800   680   0.0000182
850.0   80.0   0.0000542
850   0   0.0000721
850   40   0.0001630
850   120   0.0000908
850   160   0.0000180
850   200   0.0001632
850   240   0.0000902
850   280   0.0000363
850   320   0.0001804
850   360   0.0000727
850   400   0.0001092
850   440   0.0000723
850   480   0.0000182
850   520   0.0000725
850   560   0.0000363
850   600   0.0000000
850   640   0.0000542
850   680   0.0000725
850   720   0.0000000
900.0   560.0   0.0000000
900.0   640.0   0.0000180
900   0   0.0001437
900   40   0.0000542
900   80   0.0000538
900   120   0.0000359
900   160   0.0000902
900   200   0.0001078
900   240   0.0000180
900   280   0.0001609
900   320   0.0000180
900   360   0.0000179
900   400   0.0001075
900   440   0.0000719
900   480   0.0000717
900   520   0.0000538
900   600   0.0000539
900   680   0.0000539
900   720   0.0000180
950.0   560.0   0.0000356
950.0   640.0   0.0000178
950.0   680.0   0.0000534
950   0   0.0000888
950   40   0.0001615
950   80   0.0000715
950   120   0.0000536
950   160   0.0001600
950   200   0.0000714
950   240   0.0000179
950   280   0.0000891
950   320   0.0000178
950   360   0.0000179
950   400   0.0001254
950   440   0.0001258
950   480   0.0000713
950   520   0.0000357
950   600   0.0000713
950   720   0.0000179
