100.0   0.0   0.0000000
100.0   40.0   0.0000000
100.0   80.0   0.0000000
1000.0   120.0   0.0002297
1000.0   160.0   0.0001598
1000.0   240.0   0.0002486
1000.0   280.0   0.0001951
1000.0   320.0   0.0000889
1000.0   360.0   0.0000886
1000.0   400.0   0.0001416
1000.0   440.0   0.0001589
1000.0   680.0   0.0001417
1000   0   0.0002304
1000   40   0.0001769
1000   80   0.0004443
1000   480   0.0002492
1000   520   0.0000885
1000   560   0.0001421
1000   600   0.0001424
1000   640   0.0001062
1000   720   0.0001060
1050.0   560.0   0.0001764
1050.0   640.0   0.0001228
1050.0   680.0   0.0001227
1050   80   0.0002643
1050   120   0.0000702
1050   160   0.0001928
1050   200   0.0001942
1050   240   0.0001758
1050   280   0.0001054
1050   320   0.0001939
1050   360   0.0001756
1050   400   0.0001060
1050   440   0.0001590
1050   480   0.0001230
1050   520   0.0001236
1050   600   0.0001403
1050   720   0.0001056
1050   0   0.0001761
1050   40   0.0001939
1100.0   560.0   0.0001574
1100.0   640.0   0.0001754
1100.0   680.0   0.0001048
1100   0   0.0001926
1100   40   0.0002448
1100   80   0.0001398
1100   120   0.0002446
1100   160   0.0001751
1100   200   0.0002975
1100   240   0.0001762
1100   280   0.0001397
1100   320   0.0001226
1100   360   0.0001398
1100   400   0.0001746
1100   440   0.0002271
1100   480   0.0000873
1100   520   0.0001225
1100   600   0.0002446
1100   720   0.0000352
1150.0   560.0   0.0001216
1150.0   640.0   0.0001215
1150.0   680.0   0.0001554
1150   0   0.0002772
1150   40   0.0003816
1150   80   0.0002421
1150   120   0.0002259
1150   160   0.0002785
1150   200   0.0002255
1150   240   0.0000520
1150   280   0.0001391
1150   320   0.0002250
1150   360   0.0001214
1150   400   0.0001381
1150   440   0.0001219
1150   480   0.0001738
1150   520   0.0001222
1150   600   0.0001561
1150   720   0.0001901
1200.0   0.0   0.0001887
1200.0   40.0   0.0002575
1200.0   80.0   0.0001725
1200.0   120.0   0.0002240
1200.0   160.0   0.0002410
1200.0   200.0   0.0001895
1200.0   240.0   0.0001892
1200.0   280.0   0.0001376
1200.0   320.0   0.0001205
1200.0   360.0   0.0001372
1200.0   400.0   0.0001027
1200.0   440.0   0.0001034
1200.0   480.0   0.0001210
1200.0   520.0   0.0001550
1200.0   560.0   0.0001035
1200.0   600.0   0.0000345
1200.0   640.0   0.0000690
1200.0   680.0   0.0000344
1200   0   0.0002234
1250.0   120.0   0.0001701
1250.0   160.0   0.0001540
1250.0   200.0   0.0001359
1250.0   240.0   0.0000851
1250.0   280.0   0.0000853
1250.0   320.0   0.0001532
1250.0   360.0   0.0001200
1250.0   400.0   0.0001198
1250.0   440.0   0.0001023
1250.0   480.0   0.0001870
1250.0   520.0   0.0001366
1250.0   560.0   0.0000512
1250.0   600.0   0.0001025
1250.0   640.0   0.0000684
1250.0   680.0   0.0001022
1300.0   0.0   0.0001869
1300.0   40.0   0.0002377
1300.0   80.0   0.0001865
1300.0   120.0   0.0002203
1300.0   160.0   0.0001526
1300.0   240.0   0.0001526
1300.0   280.0   0.0001360
1300.0   320.0   0.0000850
1300.0   360.0   0.0000846
1300.0   400.0   0.0000340
1300.0   440.0   0.0000848
1300.0   480.0   0.0000339
1300.0   520.0   0.0001015
1300.0   560.0   0.0001185
1300.0   600.0   0.0000507
1300.0   640.0   0.0000676
1300.0   680.0   0.0000843
1350.0   0.0   0.0001852
1350.0   40.0   0.0002185
1350.0   80.0   0.0001521
1350.0   120.0   0.0002196
1350.0   160.0   0.0001011
1350.0   200.0   0.0001682
1350.0   240.0   0.0001849
1350.0   280.0   0.0001343
1350.0   320.0   0.0001346
1350.0   360.0   0.0000505
1350.0   400.0   0.0001008
1350.0   440.0   0.0001513
1350.0   480.0   0.0000843
1350.0   520.0   0.0001350
1350.0   560.0   0.0001515
1350.0   600.0   0.0001009
1350.0   640.0   0.0000505
1350.0   680.0   0.0000506
1400.0   0.0   0.0003009
1400.0   40.0   0.0002325
1400.0   80.0   0.0001492
1400.0   120.0   0.0001834
1400.0   160.0   0.0001508
1400.0   200.0   0.0001674
1400.0   240.0   0.0000999
1400.0   280.0   0.0000997
1400.0   320.0   0.0001507
1400.0   360.0   0.0000336
1400.0   400.0   0.0001166
1400.0   440.0   0.0000836
1400.0   480.0   0.0001337
1400.0   520.0   0.0001164
1400.0   560.0   0.0000669
1400.0   600.0   0.0000667
1400.0   640.0   0.0000669
1400.0   680.0   0.0001005
1450.0   0.0   0.0000995
1450.0   40.0   0.0001985
1450.0   80.0   0.0000995
1450.0   120.0   0.0001491
1450.0   160.0   0.0001992
1450.0   200.0   0.0000829
1450.0   240.0   0.0001162
1450.0   280.0   0.0000996
1450.0   320.0   0.0001662
1450.0   360.0   0.0000995
1450.0   400.0   0.0001331
1450.0   440.0   0.0001001
1450.0   480.0   0.0001325
1450.0   520.0   0.0000996
1450.0   560.0   0.0000662
1450.0   600.0   0.0000498
1450.0   640.0   0.0000330
1450.0   680.0   0.0000993
150.0   80.0   0.0000000
150.0   120.0   0.0000000
1500.0   0.0   0.0002611
1500.0   40.0   0.0001802
1500.0   80.0   0.0002147
1500.0   120.0   0.0001317
1500.0   160.0   0.0001318
1500.0   200.0   0.0001315
1500.0   240.0   0.0001811
1500.0   280.0   0.0002139
1500.0   320.0   0.0000820
1500.0   360.0   0.0000657
1500.0   400.0   0.0000492
1500.0   440.0   0.0001150
1500.0   480.0   0.0000661
1500.0   520.0   0.0001972
1500.0   560.0   0.0001149
1500.0   600.0   0.0000329
1500.0   640.0   0.0000821
1500.0   680.0   0.0000328
150   0   0.0000000
150   40   0.0000000
1550.0   0.0   0.0002121
1550.0   40.0   0.0001631
1550.0   80.0   0.0001631
1550.0   120.0   0.0000653
1550.0   160.0   0.0001308
1550.0   200.0   0.0001469
1550.0   240.0   0.0001470
1550.0   280.0   0.0001470
1550.0   320.0   0.0001303
1550.0   360.0   0.0001472
1550.0   400.0   0.0001635
1550.0   440.0   0.0000818
1550.0   480.0   0.0001306
1550.0   520.0   0.0000654
1550.0   560.0   0.0000653
1550.0   600.0   0.0000325
1550.0   640.0   0.0001307
1550.0   680.0   0.0001147
1600.0   0.0   0.0001949
1600.0   40.0   0.0001297
1600.0   80.0   0.0002434
1600.0   120.0   0.0001789
1600.0   160.0   0.0000811
1600.0   200.0   0.0001144
1600.0   240.0   0.0001459
1600.0   280.0   0.0001135
1600.0   320.0   0.0001461
1600.0   360.0   0.0001130
1600.0   400.0   0.0000971
1600.0   440.0   0.0001302
1600.0   480.0   0.0000648
1600.0   520.0   0.0000486
1600.0   560.0   0.0000972
1600.0   600.0   0.0000326
1600.0   640.0   0.0000162
1600.0   680.0   0.0000975
1650.0   0.0   0.0002411
1650.0   40.0   0.0001446
1650.0   80.0   0.0001122
1650.0   120.0   0.0001448
1650.0   160.0   0.0001933
1650.0   200.0   0.0001448
1650.0   240.0   0.0000964
1650.0   280.0   0.0001440
1650.0   320.0   0.0000646
1650.0   360.0   0.0000967
1650.0   400.0   0.0001292
1650.0   440.0   0.0000807
1650.0   480.0   0.0001126
1650.0   520.0   0.0000483
1650.0   560.0   0.0000161
1650.0   600.0   0.0000484
1650.0   640.0   0.0000807
1650.0   680.0   0.0000484
1700.0   0.0   0.0001597
1700.0   40.0   0.0004156
1700.0   80.0   0.0002884
1700.0   120.0   0.0002074
1700.0   160.0   0.0001276
1700.0   200.0   0.0001431
1700.0   240.0   0.0001277
1700.0   280.0   0.0000956
1700.0   320.0   0.0000480
1700.0   360.0   0.0000800
1700.0   400.0   0.0000961
1700.0   440.0   0.0000958
1700.0   480.0   0.0000799
1700.0   520.0   0.0001121
1700.0   560.0   0.0000800
1700.0   600.0   0.0000320
1700.0   640.0   0.0000160
1700.0   680.0   0.0000479
200.0   120.0   0.0000000
200   0   0.0000154
200   40   0.0000000
200   80   0.0000000
250.0   160.0   0.0000326
250.0   200.0   0.0000000
250   0   0.0000163
250   40   0.0000000
250   80   0.0000326
250   120   0.0000000
300.0   200.0   0.0000000
300.0   240.0   0.0000000
300.0   280.0   0.0000000
300   0   0.0000341
300   40   0.0000170
300   80   0.0000341
300   120   0.0000000
300   160   0.0000339
350.0   280.0   0.0000175
350.0   320.0   0.0000000
350   0   0.0000876
350   40   0.0000875
350   80   0.0000349
350   120   0.0000352
350   160   0.0000175
350   200   0.0000175
350   240   0.0000175
400.0   120.0   0.0001246
400.0   160.0   0.0000357
400.0   240.0   0.0000714
400.0   280.0   0.0000179
400.0   320.0   0.0000179
400.0   360.0   0.0000000
400   0   0.0001249
400   40   0.0001072
400   80   0.0000889
400   120   0.0000894
400   160   0.0000892
400   200   0.0000891
400   240   0.0000179
400   280   0.0000178
450.0   160.0   0.0000181
450.0   200.0   0.0000542
450.0   240.0   0.0001263
450.0   320.0   0.0000181
450.0   360.0   0.0000182
450.0   400.0   0.0000000
450   0   0.0000721
450   40   0.0000724
450   80   0.0001084
450   120   0.0001447
450   160   0.0000540
450   200   0.0000725
450   240   0.0000361
450   280   0.0000906
450   320   0.0000182
50.0   0.0   0.0000000
500.0   280.0   0.0000910
500.0   360.0   0.0000183
500.0   400.0   0.0000183
500.0   440.0   0.0000000
500.0   480.0   0.0000000
500   0   0.0000730
500   40   0.0001460
500   80   0.0001093
500   120   0.0000730
500   160   0.0001458
500   200   0.0001279
500   240   0.0000183
500   280   0.0000183
500   320   0.0000366
500   360   0.0000183
550.0   280.0   0.0001108
550.0   480.0   0.0000369
550.0   520.0   0.0000328
550   0   0.0002015
550   40   0.0002378
550   80   0.0001101
550   120   0.0000918
550   160   0.0000737
550   200   0.0001288
550   240   0.0001284
550   280   0.0000552
550   320   0.0001285
550   360   0.0000000
550   400   0.0000369
550   440   0.0000921
600.0   0.0   0.0000918
600.0   520.0   0.0000368
600.0   560.0   0.0000000
600   0   0.0001656
600   40   0.0002025
600   80   0.0001288
600   120   0.0002216
600   160   0.0001844
600   200   0.0001099
600   240   0.0002214
600   280   0.0000738
600   320   0.0000734
600   360   0.0000185
600   400   0.0000185
600   440   0.0000921
600   480   0.0000552
650.0   560.0   0.0000183
650.0   600.0   0.0000000
650   0   0.0001471
650   40   0.0001290
650   80   0.0002762
650   120   0.0001475
650   160   0.0000369
650   200   0.0000184
650   240   0.0001838
650   280   0.0001286
650   320   0.0002016
650   360   0.0001282
650   400   0.0001282
650   440   0.0001100
650   480   0.0000184
650   520   0.0000736
700.0   600.0   0.0000182
700.0   640.0   0.0000000
700.0   680.0   0.0000000
700   0   0.0001469
700   40   0.0002016
700   80   0.0002204
700   120   0.0001474
700   160   0.0002759
700   200   0.0000918
700   240   0.0001289
700   280   0.0001466
700   320   0.0000733
700   360   0.0000737
700   400   0.0001657
700   440   0.0001463
700   480   0.0000917
700   520   0.0001661
700   560   0.0000552
750.0   680.0   0.0000183
750   0   0.0001462
750   40   0.0003487
750   80   0.0002197
750   120   0.0002555
750   160   0.0002008
750   200   0.0001640
750   240   0.0001643
750   280   0.0001470
750   320   0.0002200
750   360   0.0001832
750   400   0.0001818
750   440   0.0001460
750   480   0.0000911
750   520   0.0000910
750   560   0.0000917
750   600   0.0000366
750   640   0.0000548
800   0   0.0002364
800   40   0.0002186
800   80   0.0001278
800   120   0.0002733
800   160   0.0001636
800   200   0.0001456
800   240   0.0002555
800   280   0.0002190
800   320   0.0001273
800   360   0.0000727
800   400   0.0001270
800   440   0.0000726
800   480   0.0001631
800   520   0.0000723
800   560   0.0000729
800   600   0.0000545
800   640   0.0000726
800   680   0.0000365
850.0   80.0   0.0001625
850   0   0.0002704
850   40   0.0001268
850   120   0.0002362
850   160   0.0002523
850   200   0.0001632
850   240   0.0001082
850   280   0.0000908
850   320   0.0002165
850   360   0.0001453
850   400   0.0002185
850   440   0.0001807
850   480   0.0002183
850   520   0.0002355
850   560   0.0001269
850   600   0.0001079
850   640   0.0001083
850   680   0.0000362
850   720   0.0000361
900.0   560.0   0.0001616
900.0   640.0   0.0000718
900   0   0.0001976
900   40   0.0001808
900   80   0.0002330
900   120   0.0002157
900   160   0.0001263
900   200   0.0001437
900   240   0.0002696
900   280   0.0001073
900   320   0.0001623
900   360   0.0001614
900   400   0.0001792
900   440   0.0001438
900   480   0.0001791
900   520   0.0000718
900   600   0.0000718
900   680   0.0000719
900   720   0.0000898
950.0   560.0   0.0002139
950.0   640.0   0.0001070
950.0   680.0   0.0000890
950   0   0.0002487
950   40   0.0002153
950   80   0.0001609
950   120   0.0003213
950   160   0.0001956
950   200   0.0001964
950   240   0.0001428
950   280   0.0001069
950   320   0.0000891
950   360   0.0001434
950   400   0.0001433
950   440   0.0001438
950   480   0.0001069
950   520   0.0001965
950   600   0.0001248
950   720   0.0000716
