1000   80   0.0119302
1000   120   0.0093543
1000   160   0.0075741
1000   200   0.0058032
1000   240   0.0045474
1000   280   0.0037890
1000   320   0.0031058
1000   360   0.0024348
1000   400   0.0019419
1000   440   0.0018538
1000   0   0.0108436
1000   480   0.0015408
1000   520   0.0011342
1000   560   0.0008505
1000   600   0.0009244
1000   640   0.0007762
1000   680   0.0003205
1000   720   0.0003705
1000   40   0.0136385
100   40   0.0000000
100   0   0.0000000
1050   80   0.0135722
1050   120   0.0108910
1050   160   0.0095510
1050   200   0.0069307
1050   240   0.0057252
1050   280   0.0045396
1050   320   0.0038399
1050   360   0.0030500
1050   400   0.0024380
1050   440   0.0017962
1050   480   0.0019800
1050   0   0.0112144
1050   520   0.0014262
1050   560   0.0013800
1050   600   0.0012482
1050   640   0.0009310
1050   680   0.0007377
1050   720   0.0003515
1050   40   0.0143703
1100   80   0.0147875
1100   120   0.0118016
1100   160   0.0098720
1100   200   0.0079590
1100   240   0.0061071
1100   280   0.0055449
1100   320   0.0042377
1100   360   0.0037375
1100   400   0.0034478
1100   440   0.0026340
1100   480   0.0023811
1100   520   0.0018527
1100   0   0.0126947
1100   560   0.0017673
1100   600   0.0013773
1100   640   0.0012387
1100   680   0.0007521
1100   720   0.0005431
1100   40   0.0151157
1150   80   0.0164811
1150   120   0.0143001
1150   160   0.0116376
1150   200   0.0090297
1150   240   0.0080406
1150   280   0.0059087
1150   320   0.0052684
1150   360   0.0043283
1150   400   0.0033807
1150   440   0.0031141
1150   480   0.0028367
1150   520   0.0025746
1150   0   0.0134527
1150   560   0.0019886
1150   600   0.0018471
1150   640   0.0013694
1150   680   0.0012489
1150   720   0.0007483
1150   40   0.0170366
1200   80   0.0180500
1200   120   0.0147765
1200   160   0.0135409
1200   200   0.0108562
1200   240   0.0087574
1200   280   0.0069801
1200   320   0.0058716
1200   360   0.0051281
1200   400   0.0039855
1200   440   0.0037881
1200   480   0.0025330
1200   520   0.0027581
1200   560   0.0024299
1200   0   0.0147603
1200   600   0.0018785
1200   640   0.0018237
1200   680   0.0014657
1200   720   0.0011161
1200   40   0.0186653
1250   40   0.0199585
1250   80   0.0197616
1250   120   0.0173961
1250   160   0.0138586
1250   200   0.0124212
1250   240   0.0108977
1250   280   0.0089393
1250   320   0.0070168
1250   360   0.0061518
1250   400   0.0053150
1250   440   0.0041865
1250   480   0.0037881
1250   520   0.0027821
1250   560   0.0030226
1250   0   0.0151267
1250   600   0.0023735
1250   640   0.0021035
1250   680   0.0018891
1250   720   0.0014830
1300   40   0.0221691
1300   80   0.0212045
1300   120   0.0186348
1300   160   0.0158576
1300   200   0.0133779
1300   240   0.0121068
1300   280   0.0089926
1300   320   0.0070488
1300   360   0.0065588
1300   400   0.0056296
1300   440   0.0043514
1300   480   0.0037366
1300   520   0.0032634
1300   560   0.0034709
1300   600   0.0020896
1300   0   0.0161424
1300   640   0.0022539
1300   680   0.0021315
1300   720   0.0017757
1350   40   0.0235122
1350   80   0.0235587
1350   120   0.0208631
1350   160   0.0180115
1350   200   0.0151405
1350   240   0.0126114
1350   280   0.0104329
1350   320   0.0090880
1350   360   0.0080515
1350   400   0.0064494
1350   440   0.0054180
1350   480   0.0047593
1350   520   0.0038964
1350   560   0.0031903
1350   600   0.0031564
1350   0   0.0162689
1350   640   0.0027726
1350   680   0.0023639
1350   720   0.0025085
1400   40   0.0237848
1400   80   0.0251464
1400   120   0.0228208
1400   160   0.0187807
1400   200   0.0169217
1400   240   0.0143943
1400   280   0.0117531
1400   320   0.0103217
1400   360   0.0085382
1400   400   0.0075818
1400   440   0.0063872
1400   480   0.0052369
1400   520   0.0052010
1400   560   0.0043169
1400   600   0.0036782
1400   640   0.0036941
1400   0   0.0180057
1400   680   0.0027135
1400   720   0.0022472
1450   40   0.0268671
1450   80   0.0254429
1450   120   0.0236187
1450   160   0.0206060
1450   200   0.0173975
1450   240   0.0161694
1450   280   0.0130505
1450   320   0.0117154
1450   360   0.0100265
1450   400   0.0083840
1450   440   0.0071908
1450   480   0.0062250
1450   520   0.0059450
1450   560   0.0046478
1450   600   0.0041748
1450   640   0.0038310
1450   680   0.0033443
1450   0   0.0172694
1450   720   0.0028501
1500.0   560.0   0.0047706
1500.0   640.0   0.0043135
1500   40   0.0274354
1500   80   0.0274096
1500   120   0.0264282
1500   160   0.0227471
1500   200   0.0194444
1500   240   0.0173012
1500   280   0.0145118
1500   320   0.0134378
1500   360   0.0111699
1500   400   0.0098268
1500   440   0.0082811
1500   480   0.0066453
1500   520   0.0058074
1500   600   0.0047797
1500   640   0.0039906
1500   680   0.0036180
1500   0   0.0181333
1500   720   0.0034026
150   40   0.0000000
150   0   0.0000000
150   80   0.0000000
1550   40   0.0267841
1550   80   0.0291654
1550   120   0.0282241
1550   160   0.0246859
1550   200   0.0218794
1550   240   0.0182339
1550   280   0.0148846
1550   320   0.0139791
1550   360   0.0109659
1550   400   0.0103664
1550   440   0.0090890
1550   480   0.0083155
1550   520   0.0063788
1550   560   0.0058673
1550   600   0.0053859
1550   640   0.0044781
1550   680   0.0043159
1550   720   0.0037110
1550   0   0.0199425
1600   40   0.0291784
1600   80   0.0316518
1600   120   0.0291533
1600   160   0.0260350
1600   200   0.0232566
1600   240   0.0204058
1600   280   0.0180552
1600   320   0.0163969
1600   360   0.0129944
1600   400   0.0112451
1600   440   0.0098896
1600   480   0.0092359
1600   520   0.0078563
1600   560   0.0065801
1600   600   0.0059488
1600   640   0.0053364
1600   680   0.0042258
1600   0   0.0198826
1650.0   40.0   0.0302781
1650.0   80.0   0.0305186
1650.0   120.0   0.0289521
1650   160   0.0266421
1650   200   0.0249053
1650   240   0.0226915
1650   280   0.0188904
1650   320   0.0168423
1650   360   0.0140197
1650   400   0.0134039
1650   440   0.0113049
1650   480   0.0098768
1650   520   0.0085095
1650   560   0.0081702
1650   600   0.0063625
1650   640   0.0056572
1650   680   0.0049130
1650   720   0.0042328
1700   40   0.0310022
1700   80   0.0331093
1700   120   0.0326792
1700   160   0.0302164
1700   200   0.0267000
1700   240   0.0241328
1700   280   0.0210773
1700   320   0.0172061
1700   360   0.0158238
1700   400   0.0141601
1700   440   0.0117215
1700   480   0.0108597
1700   520   0.0105642
1700   560   0.0084842
1700   600   0.0079343
1700   640   0.0060230
1700   680   0.0057002
1700   720   0.0048733
1700   0   0.0199548
200   0   0.0000154
200   120   0.0000000
200   40   0.0000154
200   80   0.0000000
250   0   0.0000163
250   120   0.0000000
250   160   0.0000164
250   200   0.0000000
250   40   0.0000163
250   80   0.0000163
300   120   0.0000000
300   0   0.0000509
300   160   0.0000509
300   200   0.0000170
300   240   0.0000170
300   40   0.0000680
300   80   0.0000509
350.0   280.0   0.0000000
350   120   0.0000523
350   160   0.0000175
350   0   0.0001398
350   200   0.0000176
350   240   0.0000524
350   40   0.0001748
350   80   0.0001221
400.0   120.0   0.0002496
400.0   160.0   0.0003027
400.0   200.0   0.0001261
400.0   240.0   0.0000246
400.0   280.0   0.0000248
400.0   320.0   0.0000000
400   0   0.0003740
400   40   0.0004112
400   80   0.0002493
450.0   160.0   0.0002920
450.0   200.0   0.0002173
450.0   240.0   0.0001446
450.0   280.0   0.0000500
450.0   320.0   0.0000000
450.0   360.0   0.0000502
450.0   400.0   0.0000748
450   120   0.0003976
450   0   0.0006142
450   40   0.0008861
450   80   0.0005060
500.0   200.0   0.0003114
500.0   240.0   0.0002551
500.0   280.0   0.0001282
500.0   320.0   0.0001263
500.0   360.0   0.0000501
500.0   400.0   0.0000755
500.0   440.0   0.0000000
500   80   0.0009423
500   120   0.0004210
500   160   0.0003484
500   0   0.0013379
500   40   0.0016772
550.0   240.0   0.0004211
550.0   280.0   0.0003861
550   80   0.0012168
550   120   0.0008448
550   160   0.0006761
550   200   0.0005683
550   240   0.0003871
550   0   0.0019486
550   320   0.0002032
550   360   0.0000916
550   400   0.0000548
550   440   0.0000368
550   480   0.0000000
550   40   0.0019829
600   80   0.0017523
600   120   0.0015089
600   160   0.0008494
600   200   0.0006611
600   240   0.0006260
600   280   0.0005511
600   0   0.0022415
600   320   0.0002752
600   360   0.0002024
600   400   0.0001838
600   440   0.0001287
600   480   0.0000184
600   520   0.0000000
600   40   0.0030618
650   80   0.0028325
650   120   0.0020199
650   160   0.0017206
650   200   0.0010878
650   200   0.0012269
650   240   0.0007922
650   280   0.0009042
650   0   0.0034655
650   320   0.0006967
650   360   0.0003505
650   400   0.0003130
650   440   0.0002385
650   480   0.0000730
650   520   0.0000184
650   560   0.0000367
650   600   0.0000000
650   40   0.0038590
700   80   0.0040228
700   80   0.0036327
700   120   0.0027020
700   160   0.0017967
700   200   0.0015032
700   240   0.0012765
700   280   0.0008592
700   320   0.0008247
700   0   0.0042585
700   360   0.0006622
700   400   0.0003843
700   440   0.0003872
700   480   0.0001651
700   520   0.0000736
700   560   0.0000000
700   40   0.0045858
750   80   0.0050705
750   120   0.0037616
750   160   0.0023779
750   200   0.0018813
750   240   0.0017118
750   280   0.0013313
750   320   0.0009139
750   0   0.0051449
750   360   0.0008468
750   400   0.0006954
750   440   0.0004574
750   480   0.0002369
750   520   0.0002205
750   560   0.0001829
750   600   0.0000912
750   640   0.0000182
750   40   0.0058740
800   80   0.0062241
800   120   0.0046513
800   160   0.0033182
800   200   0.0026045
800   240   0.0022288
800   280   0.0016724
800   320   0.0013282
800   360   0.0012189
800   0   0.0059400
800   400   0.0009086
800   440   0.0006363
800   480   0.0004028
800   520   0.0003614
800   560   0.0002359
800   600   0.0002163
800   640   0.0000546
800   680   0.0000000
800   40   0.0073054
850   80   0.0071101
850   120   0.0061322
850   160   0.0042073
850   200   0.0031914
850   240   0.0022619
850   280   0.0021147
850   320   0.0017191
850   360   0.0013740
850   0   0.0071288
850   400   0.0011551
850   440   0.0009491
850   480   0.0006695
850   520   0.0005977
850   560   0.0005063
850   600   0.0002711
850   640   0.0001262
850   680   0.0000909
850   720   0.0000541
850   40   0.0091271
900   80   0.0090148
900   120   0.0061428
900   160   0.0048678
900   200   0.0037678
900   240   0.0028246
900   280   0.0024115
900   320   0.0020303
900   360   0.0018380
900   400   0.0014608
900   0   0.0083226
900   440   0.0012187
900   480   0.0009188
900   520   0.0009134
900   560   0.0005400
900   600   0.0005967
900   640   0.0003225
900   680   0.0000899
900   720   0.0001082
900   40   0.0103917
950   80   0.0104120
950   120   0.0083290
950   160   0.0064679
950   200   0.0044597
950   240   0.0039473
950   280   0.0030767
950   320   0.0026607
950   360   0.0023620
950   400   0.0017931
950   440   0.0019431
950   0   0.0092275
950   480   0.0014464
950   520   0.0011964
950   560   0.0008209
950   600   0.0006930
950   640   0.0005360
950   680   0.0002498
950   720   0.0002322
950   40   0.0121147
