1000   80   0.0022047
1000   120   0.0020235
1000   160   0.0014046
1000   200   0.0008873
1000   240   0.0009342
1000   280   0.0007471
1000   320   0.0004614
1000   360   0.0002666
1000   400   0.0002648
1000   440   0.0003884
1000   0   0.0014529
1000   480   0.0002125
1000   520   0.0001949
1000   560   0.0001595
1000   600   0.0000889
1000   640   0.0000353
1000   680   0.0000178
1000   720   0.0000353
1000   40   0.0021935
100   40   0.0000000
100   0   0.0000000
1050   80   0.0023826
1050   120   0.0019914
1050   160   0.0016212
1050   200   0.0012376
1050   240   0.0010713
1050   280   0.0008125
1050   320   0.0005260
1050   360   0.0005113
1050   400   0.0005437
1050   440   0.0003874
1050   480   0.0004420
1050   0   0.0013710
1050   520   0.0002641
1050   560   0.0001223
1050   600   0.0001758
1050   640   0.0000878
1050   680   0.0001230
1050   720   0.0001054
1050   40   0.0021432
1100   80   0.0028875
1100   120   0.0023359
1100   160   0.0019639
1100   200   0.0015500
1100   240   0.0012109
1100   280   0.0010670
1100   320   0.0009068
1100   360   0.0007301
1100   400   0.0006476
1100   440   0.0002810
1100   480   0.0003997
1100   520   0.0001923
1100   0   0.0015366
1100   560   0.0002450
1100   600   0.0001918
1100   640   0.0001919
1100   680   0.0001574
1100   720   0.0000701
1100   40   0.0029217
1150   80   0.0032617
1150   120   0.0028773
1150   160   0.0021994
1150   200   0.0018407
1150   240   0.0013372
1150   280   0.0014250
1150   320   0.0009358
1150   360   0.0008310
1150   400   0.0007455
1150   440   0.0005363
1150   480   0.0004177
1150   520   0.0003131
1150   0   0.0019738
1150   560   0.0002940
1150   600   0.0001394
1150   640   0.0001560
1150   680   0.0002081
1150   720   0.0000870
1150   40   0.0027182
1200   80   0.0033132
1200   120   0.0031172
1200   160   0.0026291
1200   200   0.0022682
1200   240   0.0016549
1200   280   0.0013582
1200   320   0.0010159
1200   360   0.0009465
1200   400   0.0008282
1200   440   0.0007199
1200   480   0.0002757
1200   520   0.0004310
1200   560   0.0003447
1200   0   0.0018429
1200   600   0.0004653
1200   640   0.0001720
1200   680   0.0002069
1200   720   0.0001889
1200   40   0.0033625
1250   40   0.0036693
1250   80   0.0043725
1250   120   0.0035272
1250   160   0.0030646
1250   200   0.0028362
1250   240   0.0019381
1250   280   0.0017776
1250   320   0.0012463
1250   360   0.0010906
1250   400   0.0008518
1250   440   0.0006493
1250   480   0.0007199
1250   520   0.0003755
1250   560   0.0004611
1250   0   0.0020612
1250   600   0.0003415
1250   640   0.0002565
1250   680   0.0002748
1250   720   0.0001875
1300   40   0.0035620
1300   80   0.0041833
1300   120   0.0042821
1300   160   0.0031613
1300   200   0.0027807
1300   240   0.0020575
1300   280   0.0018763
1300   320   0.0014233
1300   360   0.0013692
1300   400   0.0013524
1300   440   0.0012699
1300   480   0.0006624
1300   520   0.0006425
1300   560   0.0005445
1300   600   0.0003058
1300   0   0.0023085
1300   640   0.0003389
1300   680   0.0003214
1300   720   0.0001015
1350   40   0.0041848
1350   80   0.0052427
1350   120   0.0042231
1350   160   0.0038680
1350   200   0.0030483
1350   240   0.0027802
1350   280   0.0021302
1350   320   0.0018646
1350   360   0.0013783
1350   400   0.0012461
1350   440   0.0009759
1350   480   0.0008409
1350   520   0.0007253
1350   560   0.0007258
1350   600   0.0005037
1350   0   0.0025990
1350   640   0.0003529
1350   680   0.0003353
1350   720   0.0003030
1400   40   0.0048974
1400   80   0.0046512
1400   120   0.0048140
1400   160   0.0044072
1400   200   0.0035915
1400   240   0.0029390
1400   280   0.0028007
1400   320   0.0018599
1400   360   0.0016375
1400   400   0.0015197
1400   440   0.0013341
1400   480   0.0010575
1400   520   0.0007835
1400   560   0.0005834
1400   600   0.0005016
1400   640   0.0005325
1400   0   0.0029117
1400   680   0.0004661
1400   720   0.0004328
1450   40   0.0055222
1450   80   0.0058727
1450   120   0.0052119
1450   160   0.0051640
1450   200   0.0040965
1450   240   0.0033500
1450   280   0.0029849
1450   320   0.0025519
1450   360   0.0023368
1450   400   0.0020420
1450   440   0.0013918
1450   480   0.0010458
1450   520   0.0011592
1450   560   0.0009628
1450   600   0.0008449
1450   640   0.0005945
1450   680   0.0007616
1450   0   0.0024008
1450   720   0.0003811
1500.0   560.0   0.0009079
1500.0   640.0   0.0007409
1500   40   0.0056024
1500   80   0.0061988
1500   120   0.0059566
1500   160   0.0049436
1500   200   0.0042991
1500   240   0.0035649
1500   280   0.0031975
1500   320   0.0027434
1500   360   0.0023325
1500   400   0.0019158
1500   440   0.0016957
1500   480   0.0012367
1500   520   0.0011351
1500   600   0.0007556
1500   640   0.0005584
1500   680   0.0007858
1500   0   0.0031816
1500   720   0.0005286
150   40   0.0000000
150   0   0.0000000
150   80   0.0000000
1550   40   0.0055297
1550   80   0.0067606
1550   120   0.0067901
1550   160   0.0059377
1550   200   0.0050981
1550   240   0.0043917
1550   280   0.0034676
1550   320   0.0034375
1550   360   0.0027374
1550   400   0.0023145
1550   440   0.0016184
1550   480   0.0015327
1550   520   0.0013412
1550   560   0.0013490
1550   600   0.0010313
1550   640   0.0008499
1550   680   0.0006539
1550   720   0.0005395
1550   0   0.0029914
1600   40   0.0064121
1600   80   0.0074589
1600   120   0.0071505
1600   160   0.0065453
1600   200   0.0052834
1600   240   0.0051096
1600   280   0.0038550
1600   320   0.0038113
1600   360   0.0027776
1600   400   0.0028194
1600   440   0.0020103
1600   480   0.0016289
1600   520   0.0017170
1600   560   0.0014586
1600   600   0.0009726
1600   640   0.0010381
1600   680   0.0007476
1600   0   0.0031624
1650.0   40.0   0.0054201
1650.0   80.0   0.0069199
1650.0   120.0   0.0066540
1650   160   0.0071530
1650   200   0.0058458
1650   240   0.0054922
1650   280   0.0043853
1650   320   0.0042507
1650   360   0.0036300
1650   400   0.0030251
1650   440   0.0021418
1650   480   0.0021015
1650   520   0.0020590
1650   560   0.0017887
1650   600   0.0011758
1650   640   0.0013216
1650   680   0.0010020
1650   720   0.0007593
1700   40   0.0067772
1700   80   0.0082613
1700   120   0.0083416
1700   160   0.0075381
1700   200   0.0070035
1700   240   0.0061330
1700   280   0.0052494
1700   320   0.0040494
1700   360   0.0039000
1700   400   0.0035679
1700   440   0.0027946
1700   480   0.0023795
1700   520   0.0020168
1700   560   0.0013927
1700   600   0.0015548
1700   640   0.0014059
1700   680   0.0010919
1700   720   0.0009587
1700   0   0.0035261
200   0   0.0000154
200   120   0.0000000
200   40   0.0000000
200   80   0.0000000
250   0   0.0000000
250   120   0.0000163
250   160   0.0000000
250   200   0.0000000
250   40   0.0000000
250   80   0.0000000
300   120   0.0000000
300   0   0.0000000
300   160   0.0000000
300   200   0.0000170
300   240   0.0000000
300   40   0.0000000
300   80   0.0000000
350.0   280.0   0.0000000
350   120   0.0000000
350   160   0.0000175
350   0   0.0000000
350   200   0.0000176
350   240   0.0000000
350   40   0.0000524
350   80   0.0000174
400.0   120.0   0.0000000
400.0   160.0   0.0000000
400.0   200.0   0.0000180
400.0   240.0   0.0000246
400.0   280.0   0.0000000
400.0   320.0   0.0000000
400   0   0.0000178
400   40   0.0000179
400   80   0.0000178
450.0   160.0   0.0000912
450.0   200.0   0.0000362
450.0   240.0   0.0000362
450.0   280.0   0.0000000
450.0   320.0   0.0000000
450.0   360.0   0.0000000
450.0   400.0   0.0000000
450   120   0.0000181
450   0   0.0001084
450   40   0.0001989
450   80   0.0001084
500.0   200.0   0.0000550
500.0   240.0   0.0000182
500.0   280.0   0.0000549
500.0   320.0   0.0000000
500.0   360.0   0.0000250
500.0   400.0   0.0000000
500.0   440.0   0.0000000
500   80   0.0000906
500   120   0.0001281
500   160   0.0000183
500   0   0.0001466
500   40   0.0002552
550.0   240.0   0.0000915
550.0   280.0   0.0000919
550   80   0.0002581
550   120   0.0001102
550   160   0.0002376
550   200   0.0000367
550   240   0.0000922
550   0   0.0003309
550   320   0.0000000
550   360   0.0000367
550   400   0.0000000
550   440   0.0000000
550   480   0.0000000
550   40   0.0001652
600   80   0.0004611
600   120   0.0002392
600   160   0.0001292
600   200   0.0002204
600   240   0.0000921
600   280   0.0000184
600   0   0.0002756
600   320   0.0000367
600   360   0.0000000
600   400   0.0000000
600   440   0.0000000
600   480   0.0000000
600   520   0.0000000
600   40   0.0006640
650   80   0.0004230
650   120   0.0002387
650   160   0.0003112
650   200   0.0002028
650   200   0.0002197
650   240   0.0000737
650   280   0.0001107
650   0   0.0004401
650   320   0.0000367
650   360   0.0000553
650   400   0.0000736
650   440   0.0000550
650   480   0.0000000
650   520   0.0000000
650   560   0.0000000
650   600   0.0000000
650   40   0.0009047
700   80   0.0007348
700   80   0.0006270
700   120   0.0005514
700   160   0.0004217
700   200   0.0002016
700   240   0.0002371
700   280   0.0001463
700   320   0.0000916
700   0   0.0004956
700   360   0.0001471
700   400   0.0000366
700   440   0.0000369
700   480   0.0000183
700   520   0.0000184
700   560   0.0000184
700   40   0.0008103
750   80   0.0010944
750   120   0.0006026
750   160   0.0003475
750   200   0.0003105
750   240   0.0002761
750   280   0.0000729
750   320   0.0001097
750   0   0.0007115
750   360   0.0001289
750   400   0.0001098
750   440   0.0000732
750   480   0.0000911
750   520   0.0000368
750   560   0.0000549
750   600   0.0000182
750   640   0.0000000
750   40   0.0008600
800   80   0.0011134
800   120   0.0008358
800   160   0.0007071
800   200   0.0004918
800   240   0.0003654
800   280   0.0002909
800   320   0.0002547
800   360   0.0001455
800   0   0.0006882
800   400   0.0001454
800   440   0.0000727
800   480   0.0001465
800   520   0.0000723
800   560   0.0000544
800   600   0.0000361
800   640   0.0000000
800   680   0.0000182
800   40   0.0013332
850   80   0.0015961
850   120   0.0009225
850   160   0.0008342
850   200   0.0007032
850   240   0.0002895
850   280   0.0003796
850   320   0.0002895
850   360   0.0002893
850   0   0.0008821
850   400   0.0001985
850   440   0.0001643
850   480   0.0001809
850   520   0.0000906
850   560   0.0000000
850   600   0.0000542
850   640   0.0000000
850   680   0.0000364
850   720   0.0000000
850   40   0.0013944
900   80   0.0014935
900   120   0.0013511
900   160   0.0007933
900   200   0.0007894
900   240   0.0006837
900   280   0.0005399
900   320   0.0003234
900   360   0.0001982
900   400   0.0002345
900   0   0.0012197
900   440   0.0001255
900   480   0.0001081
900   520   0.0001254
900   560   0.0000900
900   600   0.0000723
900   640   0.0000179
900   680   0.0000539
900   720   0.0000000
900   40   0.0015713
950   80   0.0017976
950   120   0.0013763
950   160   0.0012829
950   200   0.0009990
950   240   0.0007680
950   280   0.0005009
950   320   0.0003214
950   360   0.0002505
950   400   0.0001793
950   440   0.0002674
950   0   0.0011624
950   480   0.0003393
950   520   0.0001786
950   560   0.0001428
950   600   0.0001599
950   640   0.0000179
950   680   0.0000714
950   720   0.0000179
950   40   0.0021201
