1000   80   0.0266340
1000   120   0.0215485
1000   160   0.0178686
1000   200   0.0136651
1000   240   0.0120382
1000   280   0.0102818
1000   320   0.0085543
1000   360   0.0067001
1000   400   0.0062848
1000   440   0.0052790
1000   0   0.0239196
1000   480   0.0043567
1000   520   0.0041647
1000   560   0.0036322
1000   600   0.0027377
1000   640   0.0021874
1000   680   0.0015136
1000   720   0.0013762
1000   40   0.0289222
100   40   0.0000000
100   0   0.0000000
1050   80   0.0297741
1050   120   0.0249189
1050   160   0.0202474
1050   200   0.0166726
1050   240   0.0144360
1050   280   0.0116934
1050   320   0.0097138
1050   360   0.0081980
1050   400   0.0072788
1050   440   0.0066565
1050   480   0.0050383
1050   0   0.0263135
1050   520   0.0051942
1050   560   0.0039477
1050   600   0.0032525
1050   640   0.0028107
1050   680   0.0021077
1050   720   0.0015114
1050   40   0.0316919
1100   80   0.0333024
1100   120   0.0278916
1100   160   0.0229178
1100   200   0.0195580
1100   240   0.0148641
1100   280   0.0127514
1100   320   0.0108298
1100   360   0.0094568
1100   400   0.0084357
1100   440   0.0074278
1100   480   0.0065175
1100   520   0.0058376
1100   0   0.0288992
1100   560   0.0044094
1100   600   0.0038007
1100   640   0.0037686
1100   680   0.0032883
1100   720   0.0023652
1100   40   0.0352875
1150   80   0.0361722
1150   120   0.0303855
1150   160   0.0246952
1150   200   0.0213413
1150   240   0.0170710
1150   280   0.0154496
1150   320   0.0131885
1150   360   0.0111496
1150   400   0.0096221
1150   440   0.0089445
1150   480   0.0076922
1150   520   0.0067149
1150   0   0.0291215
1150   560   0.0054124
1150   600   0.0047224
1150   640   0.0042989
1150   680   0.0038159
1150   720   0.0028019
1150   40   0.0372243
1200   80   0.0383952
1200   120   0.0346680
1200   160   0.0279067
1200   200   0.0239806
1200   240   0.0207902
1200   280   0.0180865
1200   320   0.0145499
1200   360   0.0125450
1200   400   0.0114562
1200   440   0.0097187
1200   480   0.0080469
1200   520   0.0073607
1200   560   0.0067898
1200   0   0.0324831
1200   600   0.0058251
1200   640   0.0050066
1200   680   0.0042763
1200   720   0.0033483
1200   40   0.0409504
1250   40   0.0436035
1250   80   0.0428537
1250   120   0.0369324
1250   160   0.0316501
1250   200   0.0264484
1250   240   0.0225094
1250   280   0.0191092
1250   320   0.0173285
1250   360   0.0148768
1250   400   0.0126231
1250   440   0.0105090
1250   480   0.0096502
1250   520   0.0082097
1250   560   0.0074798
1250   0   0.0346654
1250   600   0.0070181
1250   640   0.0057631
1250   680   0.0058389
1250   720   0.0042105
1300   40   0.0474252
1300   80   0.0469311
1300   120   0.0407224
1300   160   0.0330920
1300   200   0.0292312
1300   240   0.0250468
1300   280   0.0220588
1300   320   0.0185370
1300   360   0.0165999
1300   400   0.0137612
1300   440   0.0125292
1300   480   0.0108701
1300   520   0.0094858
1300   560   0.0087283
1300   600   0.0074580
1300   0   0.0347292
1300   640   0.0062363
1300   680   0.0051259
1300   720   0.0049720
1350   40   0.0491588
1350   80   0.0493354
1350   120   0.0446875
1350   160   0.0376711
1350   200   0.0314937
1350   240   0.0270818
1350   280   0.0233315
1350   320   0.0217037
1350   360   0.0191118
1350   400   0.0160815
1350   440   0.0140497
1350   480   0.0123945
1350   520   0.0102893
1350   560   0.0090306
1350   600   0.0081093
1350   0   0.0376177
1350   640   0.0078976
1350   680   0.0063707
1350   720   0.0053200
1400   40   0.0516146
1400   80   0.0524678
1400   120   0.0478404
1400   160   0.0406998
1400   200   0.0353635
1400   240   0.0309760
1400   280   0.0270739
1400   320   0.0224196
1400   360   0.0207355
1400   400   0.0177355
1400   440   0.0152925
1400   480   0.0143176
1400   520   0.0123023
1400   560   0.0109672
1400   600   0.0097305
1400   640   0.0085197
1400   0   0.0400776
1400   680   0.0078076
1400   720   0.0066417
1450   40   0.0549907
1450   80   0.0546246
1450   120   0.0506020
1450   160   0.0445603
1450   200   0.0394222
1450   240   0.0343787
1450   280   0.0292352
1450   320   0.0274574
1450   360   0.0219920
1450   400   0.0192084
1450   440   0.0177781
1450   480   0.0154214
1450   520   0.0130326
1450   560   0.0125492
1450   600   0.0103045
1450   640   0.0088178
1450   680   0.0084767
1450   0   0.0394231
1450   720   0.0067607
1500.0   560.0   0.0130241
1500.0   640.0   0.0099113
1500   40   0.0563703
1500   80   0.0581900
1500   120   0.0539691
1500   160   0.0496001
1500   200   0.0420885
1500   240   0.0363847
1500   280   0.0313848
1500   320   0.0277956
1500   360   0.0248694
1500   400   0.0216023
1500   440   0.0195255
1500   480   0.0165391
1500   520   0.0152834
1500   600   0.0124667
1500   640   0.0098862
1500   680   0.0095770
1500   0   0.0407009
1500   720   0.0084239
150   40   0.0000000
150   0   0.0000142
150   80   0.0000000
1550   40   0.0576625
1550   80   0.0608129
1550   120   0.0581007
1550   160   0.0516189
1550   200   0.0454583
1550   240   0.0401113
1550   280   0.0339402
1550   320   0.0307901
1550   360   0.0271948
1550   400   0.0232429
1550   440   0.0204012
1550   480   0.0194029
1550   520   0.0169938
1550   560   0.0149528
1550   600   0.0132766
1550   640   0.0115384
1550   680   0.0101032
1550   720   0.0094164
1550   0   0.0413888
1600   40   0.0611743
1600   80   0.0619092
1600   120   0.0615170
1600   160   0.0544087
1600   200   0.0482310
1600   240   0.0422716
1600   280   0.0377696
1600   320   0.0327451
1600   360   0.0285065
1600   400   0.0257956
1600   440   0.0223083
1600   480   0.0202473
1600   520   0.0173810
1600   560   0.0163855
1600   600   0.0141507
1600   640   0.0127328
1600   680   0.0119460
1600   0   0.0442898
1650.0   40.0   0.0616370
1650.0   80.0   0.0650859
1650.0   120.0   0.0615776
1650   160   0.0594846
1650   200   0.0506364
1650   240   0.0456400
1650   280   0.0400135
1650   320   0.0346952
1650   360   0.0313307
1650   400   0.0272745
1650   440   0.0245745
1650   480   0.0226149
1650   520   0.0192549
1650   560   0.0177101
1650   600   0.0168323
1650   640   0.0135547
1650   680   0.0125087
1650   720   0.0110829
1700   40   0.0641673
1700   80   0.0707101
1700   120   0.0646074
1700   160   0.0614869
1700   200   0.0561565
1700   240   0.0489044
1700   280   0.0438938
1700   320   0.0393098
1700   360   0.0352919
1700   400   0.0317288
1700   440   0.0268604
1700   480   0.0245620
1700   520   0.0221048
1700   560   0.0193376
1700   600   0.0172792
1700   640   0.0161839
1700   680   0.0136164
1700   720   0.0129582
1700   0   0.0436281
200   0   0.0000154
200   120   0.0000000
200   40   0.0000000
200   80   0.0000000
250   0   0.0000978
250   120   0.0000163
250   160   0.0000327
250   200   0.0000327
250   40   0.0000651
250   80   0.0001141
300   120   0.0000511
300   0   0.0001527
300   160   0.0000170
300   200   0.0000681
300   240   0.0000000
300   40   0.0003062
300   80   0.0001017
350.0   280.0   0.0000000
350   120   0.0002091
350   160   0.0001749
350   0   0.0006464
350   200   0.0001933
350   240   0.0000698
350   40   0.0006642
350   80   0.0004536
400.0   120.0   0.0005170
400.0   160.0   0.0004451
400.0   200.0   0.0003063
400.0   240.0   0.0000737
400.0   280.0   0.0001239
400.0   320.0   0.0000989
400   0   0.0011754
400   40   0.0013051
400   80   0.0009792
450.0   160.0   0.0008577
450.0   200.0   0.0005432
450.0   240.0   0.0004158
450.0   280.0   0.0002001
450.0   320.0   0.0000501
450.0   360.0   0.0000251
450.0   400.0   0.0000374
450   120   0.0012290
450   0   0.0019690
450   40   0.0020435
450   80   0.0015904
500.0   200.0   0.0008976
500.0   240.0   0.0007106
500.0   280.0   0.0004578
500.0   320.0   0.0003283
500.0   360.0   0.0002002
500.0   400.0   0.0000503
500.0   440.0   0.0000378
500   80   0.0025008
500   120   0.0019587
500   160   0.0012652
500   0   0.0030790
500   40   0.0031539
550.0   240.0   0.0011901
550.0   280.0   0.0009377
550   80   0.0039268
550   120   0.0031772
550   160   0.0019188
550   200   0.0016682
550   240   0.0010506
550   0   0.0048898
550   320   0.0006095
550   360   0.0002566
550   400   0.0001644
550   440   0.0000735
550   480   0.0000184
550   40   0.0057468
600   80   0.0057549
600   120   0.0038827
600   160   0.0031943
600   200   0.0023873
600   240   0.0018410
600   280   0.0013409
600   0   0.0066510
600   320   0.0010090
600   360   0.0009384
600   400   0.0004596
600   440   0.0002390
600   480   0.0000921
600   520   0.0000553
600   40   0.0076177
650   80   0.0077803
650   120   0.0054353
650   160   0.0039903
650   200   0.0032265
650   200   0.0032411
650   240   0.0028740
650   280   0.0023988
650   0   0.0088562
650   320   0.0015767
650   360   0.0011621
650   400   0.0009574
650   440   0.0004036
650   480   0.0003650
650   520   0.0001101
650   560   0.0000000
650   600   0.0000000
650   40   0.0102107
700   80   0.0085783
700   80   0.0089803
700   120   0.0072421
700   160   0.0054634
700   200   0.0045645
700   240   0.0039023
700   280   0.0030714
700   320   0.0024742
700   0   0.0098203
700   360   0.0015818
700   400   0.0011528
700   440   0.0009404
700   480   0.0007339
700   520   0.0003865
700   560   0.0002575
700   40   0.0122472
750   80   0.0127310
750   120   0.0088014
750   160   0.0072250
750   200   0.0056804
750   240   0.0043808
750   280   0.0040304
750   320   0.0026322
750   0   0.0132818
750   360   0.0028902
750   400   0.0021776
750   440   0.0016650
750   480   0.0011114
750   520   0.0008453
750   560   0.0004572
750   600   0.0000730
750   640   0.0000364
750   40   0.0150417
800   80   0.0146203
800   120   0.0109016
800   160   0.0091748
800   200   0.0074492
800   240   0.0054075
800   280   0.0047082
800   320   0.0040573
800   360   0.0035111
800   0   0.0152665
800   400   0.0027077
800   440   0.0021271
800   480   0.0015565
800   520   0.0013371
800   560   0.0006715
800   600   0.0004147
800   640   0.0002914
800   680   0.0001271
800   40   0.0182087
850   80   0.0185551
850   120   0.0142361
850   160   0.0101919
850   200   0.0089793
850   240   0.0070753
850   280   0.0059465
850   320   0.0049581
850   360   0.0038329
850   0   0.0169940
850   400   0.0032669
850   440   0.0029384
850   480   0.0024427
850   520   0.0016845
850   560   0.0016093
850   600   0.0010484
850   640   0.0005408
850   680   0.0002001
850   720   0.0001262
850   40   0.0210974
900   80   0.0203149
900   120   0.0158344
900   160   0.0126922
900   200   0.0103883
900   240   0.0088336
900   280   0.0070725
900   320   0.0060191
900   360   0.0049193
900   400   0.0047793
900   0   0.0191921
900   440   0.0041222
900   480   0.0030085
900   520   0.0021671
900   560   0.0019800
900   600   0.0017360
900   640   0.0009854
900   680   0.0006471
900   720   0.0005229
900   40   0.0223190
950   80   0.0227285
950   120   0.0195356
950   160   0.0152700
950   200   0.0114524
950   240   0.0099486
950   280   0.0091407
950   320   0.0068392
950   360   0.0062271
950   400   0.0058454
950   440   0.0044032
950   0   0.0224249
950   480   0.0033750
950   520   0.0029108
950   560   0.0025341
950   600   0.0018301
950   640   0.0017690
950   680   0.0011598
950   720   0.0007324
950   40   0.0267237
