1000   80   0.0099033
1000   120   0.0093010
1000   160   0.0076986
1000   200   0.0059629
1000   240   0.0046355
1000   280   0.0047673
1000   320   0.0029993
1000   360   0.0028791
1000   400   0.0022067
1000   440   0.0022599
1000   0   0.0069810
1000   480   0.0018596
1000   520   0.0013823
1000   560   0.0011517
1000   600   0.0008533
1000   640   0.0008467
1000   680   0.0006233
1000   720   0.0005293
1000   40   0.0103129
100   40   0.0000000
100   0   0.0000000
1050   80   0.0116308
1050   120   0.0101509
1050   160   0.0080708
1050   200   0.0073727
1050   240   0.0058657
1050   280   0.0041863
1050   320   0.0041731
1050   360   0.0031205
1050   400   0.0025081
1050   440   0.0023773
1050   480   0.0017148
1050   0   0.0086833
1050   520   0.0016551
1050   560   0.0014673
1050   600   0.0012834
1050   640   0.0008432
1050   680   0.0007904
1050   720   0.0005800
1050   40   0.0119635
1100   80   0.0131775
1100   120   0.0115401
1100   160   0.0093460
1100   200   0.0075759
1100   240   0.0068090
1100   280   0.0058597
1100   320   0.0045516
1100   360   0.0039461
1100   400   0.0034128
1100   440   0.0029325
1100   480   0.0022420
1100   520   0.0019051
1100   0   0.0084864
1100   560   0.0017323
1100   600   0.0010461
1100   640   0.0012387
1100   680   0.0010670
1100   720   0.0007709
1100   40   0.0127539
1150   80   0.0144965
1150   120   0.0127747
1150   160   0.0104946
1150   200   0.0090297
1150   240   0.0067555
1150   280   0.0062042
1150   320   0.0053724
1150   360   0.0050381
1150   400   0.0040915
1150   440   0.0031314
1150   480   0.0026801
1150   520   0.0024355
1150   0   0.0091935
1150   560   0.0019021
1150   600   0.0014638
1150   640   0.0013174
1150   680   0.0012315
1150   720   0.0010094
1150   40   0.0136778
1200   80   0.0152890
1200   120   0.0136054
1200   160   0.0119256
1200   200   0.0096788
1200   240   0.0089126
1200   280   0.0075475
1200   320   0.0064054
1200   360   0.0054723
1200   400   0.0043651
1200   440   0.0034624
1200   480   0.0031705
1200   520   0.0027409
1200   560   0.0024471
1200   0   0.0108679
1200   600   0.0017234
1200   640   0.0012215
1200   680   0.0017760
1200   720   0.0009272
1200   40   0.0150455
1250   40   0.0151575
1250   80   0.0175241
1250   120   0.0157523
1250   160   0.0137054
1250   200   0.0113448
1250   240   0.0093336
1250   280   0.0078966
1250   320   0.0074265
1250   360   0.0058791
1250   400   0.0051957
1250   440   0.0046137
1250   480   0.0039938
1250   520   0.0029357
1250   560   0.0026811
1250   0   0.0098630
1250   600   0.0024930
1250   640   0.0019667
1250   680   0.0020264
1250   720   0.0014660
1300   40   0.0174198
1300   80   0.0171059
1300   120   0.0159267
1300   160   0.0141580
1300   200   0.0121740
1300   240   0.0109675
1300   280   0.0089249
1300   320   0.0077774
1300   360   0.0061193
1300   400   0.0061367
1300   440   0.0052149
1300   480   0.0038895
1300   520   0.0034494
1300   560   0.0029775
1300   600   0.0026162
1300   0   0.0111011
1300   640   0.0021014
1300   680   0.0021146
1300   720   0.0016404
1350   40   0.0163695
1350   80   0.0197611
1350   120   0.0181711
1350   160   0.0150516
1350   200   0.0142985
1350   240   0.0121424
1350   280   0.0104161
1350   320   0.0089704
1350   360   0.0075977
1350   400   0.0071399
1350   440   0.0057545
1350   480   0.0049443
1350   520   0.0039133
1350   560   0.0036798
1350   600   0.0031061
1350   0   0.0118811
1350   640   0.0024365
1350   680   0.0022968
1350   720   0.0016162
1400   40   0.0199405
1400   80   0.0201773
1400   120   0.0196725
1400   160   0.0178792
1400   200   0.0153013
1400   240   0.0130584
1400   280   0.0118198
1400   320   0.0096012
1400   360   0.0081539
1400   400   0.0070975
1400   440   0.0066873
1400   480   0.0056565
1400   520   0.0050176
1400   560   0.0038835
1400   600   0.0036949
1400   640   0.0031283
1400   0   0.0135042
1400   680   0.0028966
1400   720   0.0020308
1450   40   0.0200222
1450   80   0.0210094
1450   120   0.0207983
1450   160   0.0184072
1450   200   0.0163527
1450   240   0.0147266
1450   280   0.0128516
1450   320   0.0113011
1450   360   0.0099768
1450   400   0.0087160
1450   440   0.0069423
1450   480   0.0061420
1450   520   0.0053820
1450   560   0.0045648
1450   600   0.0038269
1450   640   0.0031209
1450   680   0.0028973
1450   0   0.0126830
1450   720   0.0027672
1500.0   560.0   0.0052823
1500.0   640.0   0.0038525
1500   40   0.0196414
1500   80   0.0232497
1500   120   0.0223535
1500   160   0.0207598
1500   200   0.0172784
1500   240   0.0163200
1500   280   0.0139870
1500   320   0.0121072
1500   360   0.0098722
1500   400   0.0099424
1500   440   0.0085445
1500   480   0.0072225
1500   520   0.0053467
1500   600   0.0044184
1500   640   0.0041056
1500   680   0.0035197
1500   0   0.0130889
1500   720   0.0029071
150   40   0.0000142
150   0   0.0000000
150   80   0.0000000
1550   40   0.0214501
1550   80   0.0230253
1550   120   0.0232337
1550   160   0.0221435
1550   200   0.0202127
1550   240   0.0165585
1550   280   0.0156370
1550   320   0.0135044
1550   360   0.0111777
1550   400   0.0098448
1550   440   0.0082226
1550   480   0.0074351
1550   520   0.0068531
1550   560   0.0063224
1550   600   0.0047147
1550   640   0.0043473
1550   680   0.0041851
1550   720   0.0029917
1550   0   0.0138290
1600   40   0.0223777
1600   80   0.0256847
1600   120   0.0244674
1600   160   0.0221695
1600   200   0.0202583
1600   240   0.0182647
1600   280   0.0159407
1600   320   0.0143372
1600   360   0.0123934
1600   400   0.0107590
1600   440   0.0101166
1600   480   0.0089590
1600   520   0.0074351
1600   560   0.0068556
1600   600   0.0059650
1600   640   0.0046876
1600   680   0.0045996
1600   0   0.0138983
1650.0   40.0   0.0230352
1650.0   80.0   0.0254537
1650.0   120.0   0.0242637
1650   160   0.0250274
1650   200   0.0220391
1650   240   0.0196724
1650   280   0.0182799
1650   320   0.0161686
1650   360   0.0145360
1650   400   0.0115373
1650   440   0.0108218
1650   480   0.0096990
1650   520   0.0074639
1650   560   0.0079446
1650   600   0.0062980
1650   640   0.0052220
1650   680   0.0054786
1650   720   0.0040390
1700   40   0.0244813
1700   80   0.0289867
1700   120   0.0276295
1700   160   0.0255849
1700   200   0.0236710
1700   240   0.0214975
1700   280   0.0198009
1700   320   0.0164698
1700   360   0.0145611
1700   400   0.0141123
1700   440   0.0122165
1700   480   0.0095342
1700   520   0.0102281
1700   560   0.0079239
1700   600   0.0067482
1700   640   0.0065982
1700   680   0.0057163
1700   720   0.0045378
1700   0   0.0149060
200   0   0.0000000
200   120   0.0000000
200   40   0.0000461
200   80   0.0000000
250   0   0.0000326
250   120   0.0000000
250   160   0.0000164
250   200   0.0000000
250   40   0.0000814
250   80   0.0000163
300   120   0.0000681
300   0   0.0001527
300   160   0.0000170
300   200   0.0000341
300   240   0.0000000
300   40   0.0001191
300   80   0.0001017
350.0   280.0   0.0000000
350   120   0.0001394
350   160   0.0001224
350   0   0.0004018
350   200   0.0001581
350   240   0.0000349
350   40   0.0004370
350   80   0.0001745
400.0   120.0   0.0003209
400.0   160.0   0.0003027
400.0   200.0   0.0001441
400.0   240.0   0.0000737
400.0   280.0   0.0000496
400.0   320.0   0.0000494
400   0   0.0004986
400   40   0.0004827
400   80   0.0005341
450.0   160.0   0.0004197
450.0   200.0   0.0003622
450.0   240.0   0.0001446
450.0   280.0   0.0000500
450.0   320.0   0.0000752
450.0   360.0   0.0000000
450.0   400.0   0.0000000
450   120   0.0006506
450   0   0.0008310
450   40   0.0012478
450   80   0.0007590
500.0   200.0   0.0005495
500.0   240.0   0.0003826
500.0   280.0   0.0002014
500.0   320.0   0.0001768
500.0   360.0   0.0000751
500.0   400.0   0.0000755
500.0   440.0   0.0000000
500   80   0.0010510
500   120   0.0006773
500   160   0.0005501
500   0   0.0011913
500   40   0.0013673
550.0   240.0   0.0004761
550.0   280.0   0.0003494
550   80   0.0016224
550   120   0.0014325
550   160   0.0007675
550   200   0.0007149
550   240   0.0003502
550   0   0.0019302
550   320   0.0002955
550   360   0.0001100
550   400   0.0001096
550   440   0.0000919
550   480   0.0000000
550   40   0.0025521
600   80   0.0019736
600   120   0.0017481
600   160   0.0014033
600   200   0.0009182
600   240   0.0005891
600   280   0.0004960
600   0   0.0023150
600   320   0.0005137
600   360   0.0004048
600   400   0.0002206
600   440   0.0001654
600   480   0.0000552
600   520   0.0000184
600   40   0.0026745
650   80   0.0034211
650   120   0.0022402
650   160   0.0018670
650   200   0.0012722
650   200   0.0014283
650   240   0.0011054
650   280   0.0008857
650   0   0.0029337
650   320   0.0006417
650   360   0.0003505
650   400   0.0003314
650   440   0.0003119
650   480   0.0000912
650   520   0.0000367
650   560   0.0000000
650   600   0.0000000
650   40   0.0043206
700   80   0.0039126
700   80   0.0037618
700   120   0.0029961
700   160   0.0021450
700   200   0.0017415
700   240   0.0015682
700   280   0.0009324
700   320   0.0011546
700   0   0.0034325
700   360   0.0006805
700   400   0.0007136
700   440   0.0004056
700   480   0.0003670
700   520   0.0001104
700   560   0.0001104
700   40   0.0046226
750   80   0.0045780
750   120   0.0037251
750   160   0.0030729
750   200   0.0026849
750   240   0.0017302
750   280   0.0013313
750   320   0.0011516
750   0   0.0040685
750   360   0.0009757
750   400   0.0010613
750   440   0.0007136
750   480   0.0004555
750   520   0.0002205
750   560   0.0002560
750   600   0.0001095
750   640   0.0000546
750   40   0.0059655
800   80   0.0060963
800   120   0.0048330
800   160   0.0037715
800   200   0.0028413
800   240   0.0018269
800   280   0.0018360
800   320   0.0014191
800   360   0.0012734
800   0   0.0049440
800   400   0.0009268
800   440   0.0008727
800   480   0.0007691
800   520   0.0003433
800   560   0.0003448
800   600   0.0002885
800   640   0.0000911
800   680   0.0000908
800   40   0.0064105
850   80   0.0070557
850   120   0.0052458
850   160   0.0045882
850   200   0.0034980
850   240   0.0028952
850   280   0.0026931
850   320   0.0017010
850   360   0.0016995
850   0   0.0053106
850   400   0.0011010
850   440   0.0012593
850   480   0.0007238
850   520   0.0004709
850   560   0.0005244
850   600   0.0004880
850   640   0.0002524
850   680   0.0001637
850   720   0.0000541
850   40   0.0080768
900   80   0.0080972
900   120   0.0067193
900   160   0.0049940
900   200   0.0045393
900   240   0.0033823
900   280   0.0032033
900   320   0.0022819
900   360   0.0018200
900   400   0.0013707
900   0   0.0060267
900   440   0.0012546
900   480   0.0009548
900   520   0.0009313
900   560   0.0005400
900   600   0.0006691
900   640   0.0004121
900   680   0.0005033
900   720   0.0000721
900   40   0.0086598
950   80   0.0090772
950   120   0.0080788
950   160   0.0060225
950   200   0.0050305
950   240   0.0040366
950   280   0.0031661
950   320   0.0029642
950   360   0.0024515
950   400   0.0020979
950   440   0.0015688
950   0   0.0066702
950   480   0.0011250
950   520   0.0010714
950   560   0.0006781
950   600   0.0006397
950   640   0.0005718
950   680   0.0003569
950   720   0.0003037
950   40   0.0086407
