1000   80   0.0136726
1000   120   0.0117150
1000   160   0.0101344
1000   200   0.0090509
1000   240   0.0071031
1000   280   0.0059414
1000   320   0.0047031
1000   360   0.0038388
1000   400   0.0034072
1000   440   0.0029132
1000   0   0.0100285
1000   480   0.0029576
1000   520   0.0020380
1000   560   0.0014883
1000   600   0.0015111
1000   640   0.0011466
1000   680   0.0008726
1000   720   0.0007940
1000   40   0.0142577
100   40   0.0000127
100   0   0.0000127
1050   80   0.0153018
1050   120   0.0130234
1050   160   0.0116480
1050   200   0.0091761
1050   240   0.0079205
1050   280   0.0061293
1050   320   0.0053479
1050   360   0.0047954
1050   400   0.0039113
1050   440   0.0033811
1050   480   0.0028639
1050   0   0.0097907
1050   520   0.0025883
1050   560   0.0020612
1050   600   0.0017757
1050   640   0.0015107
1050   680   0.0012120
1050   720   0.0008612
1050   40   0.0141770
1100   80   0.0162225
1100   120   0.0141201
1100   160   0.0127827
1100   200   0.0108849
1100   240   0.0090904
1100   280   0.0074340
1100   320   0.0067839
1100   360   0.0053716
1100   400   0.0044804
1100   440   0.0040915
1100   480   0.0033196
1100   520   0.0027965
1100   0   0.0106691
1100   560   0.0024322
1100   600   0.0018480
1100   640   0.0017273
1100   680   0.0015742
1100   720   0.0012790
1100   40   0.0150108
1150   80   0.0174303
1150   120   0.0165708
1150   160   0.0147028
1150   200   0.0116170
1150   240   0.0104197
1150   280   0.0086372
1150   320   0.0071748
1150   360   0.0067521
1150   400   0.0048890
1150   440   0.0043944
1150   480   0.0043682
1150   520   0.0033053
1150   0   0.0122927
1150   560   0.0028186
1150   600   0.0026836
1150   640   0.0023401
1150   680   0.0015264
1150   720   0.0013923
1150   40   0.0167596
1200   80   0.0188611
1200   120   0.0167743
1200   160   0.0157233
1200   200   0.0138862
1200   240   0.0112915
1200   280   0.0097309
1200   320   0.0081789
1200   360   0.0072275
1200   400   0.0058489
1200   440   0.0052622
1200   480   0.0044801
1200   520   0.0042061
1200   560   0.0039291
1200   0   0.0130380
1200   600   0.0028264
1200   640   0.0027528
1200   680   0.0018278
1200   720   0.0018201
1200   40   0.0173443
1250   40   0.0192726
1250   80   0.0193175
1250   120   0.0190227
1250   160   0.0169402
1250   200   0.0145398
1250   240   0.0135158
1250   280   0.0120330
1250   320   0.0097825
1250   360   0.0085035
1250   400   0.0075466
1250   440   0.0056219
1250   480   0.0053479
1250   520   0.0046937
1250   560   0.0039960
1250   0   0.0135425
1250   600   0.0032956
1250   640   0.0029414
1250   680   0.0027306
1250   720   0.0025058
1300   40   0.0200997
1300   80   0.0208489
1300   120   0.0207843
1300   160   0.0195798
1300   200   0.0166842
1300   240   0.0146744
1300   280   0.0124746
1300   320   0.0103021
1300   360   0.0090606
1300   400   0.0073877
1300   440   0.0067218
1300   480   0.0057408
1300   520   0.0047344
1300   560   0.0050533
1300   600   0.0041112
1300   0   0.0138340
1300   640   0.0033385
1300   680   0.0031127
1300   720   0.0025537
1350   40   0.0209072
1350   80   0.0219287
1350   120   0.0210650
1350   160   0.0187851
1350   200   0.0175320
1350   240   0.0148724
1350   280   0.0133347
1350   320   0.0120781
1350   360   0.0104720
1350   400   0.0091437
1350   440   0.0079418
1350   480   0.0067438
1350   520   0.0056675
1350   560   0.0050301
1350   600   0.0041302
1350   0   0.0137375
1350   640   0.0038984
1350   680   0.0036548
1350   720   0.0029631
1400   40   0.0216788
1400   80   0.0241425
1400   120   0.0227208
1400   160   0.0219358
1400   200   0.0200621
1400   240   0.0169492
1400   280   0.0144372
1400   320   0.0137064
1400   360   0.0114288
1400   400   0.0102204
1400   440   0.0088053
1400   480   0.0084429
1400   520   0.0071346
1400   560   0.0063670
1400   600   0.0049321
1400   640   0.0044762
1400   0   0.0142907
1400   680   0.0036790
1400   720   0.0033125
1450   40   0.0231966
1450   80   0.0248639
1450   120   0.0234867
1450   160   0.0218054
1450   200   0.0202999
1450   240   0.0190219
1450   280   0.0160188
1450   320   0.0143335
1450   360   0.0131090
1450   400   0.0120032
1450   440   0.0096927
1450   480   0.0081506
1450   520   0.0075016
1450   560   0.0066896
1450   600   0.0052185
1450   640   0.0054657
1450   680   0.0044701
1450   0   0.0150010
1450   720   0.0035958
1500.0   560.0   0.0076098
1500.0   640.0   0.0060093
1500   40   0.0242717
1500   80   0.0267519
1500   120   0.0262809
1500   160   0.0230755
1500   200   0.0214955
1500   240   0.0212094
1500   280   0.0175781
1500   320   0.0162798
1500   360   0.0140938
1500   400   0.0123041
1500   440   0.0108164
1500   480   0.0099433
1500   520   0.0082093
1500   600   0.0067836
1500   640   0.0058463
1500   680   0.0054188
1500   0   0.0152484
1500   720   0.0044267
150   40   0.0000142
150   0   0.0000000
150   80   0.0000000
1550   40   0.0235870
1550   80   0.0279570
1550   120   0.0271442
1550   160   0.0253256
1550   200   0.0234644
1550   240   0.0220075
1550   280   0.0193500
1550   320   0.0168765
1550   360   0.0160008
1550   400   0.0139686
1550   440   0.0123094
1550   480   0.0114298
1550   520   0.0094537
1550   560   0.0083215
1550   600   0.0074814
1550   640   0.0072564
1550   680   0.0057219
1550   720   0.0052313
1550   0   0.0166896
1600   40   0.0244179
1600   80   0.0285061
1600   120   0.0279534
1600   160   0.0261324
1600   200   0.0248772
1600   240   0.0227903
1600   280   0.0206415
1600   320   0.0190730
1600   360   0.0163242
1600   400   0.0145181
1600   440   0.0136185
1600   480   0.0123145
1600   520   0.0110798
1600   560   0.0096757
1600   600   0.0079750
1600   640   0.0078181
1600   680   0.0062087
1600   0   0.0164769
1650.0   40.0   0.0265841
1650.0   80.0   0.0280184
1650.0   120.0   0.0283721
1650   160   0.0271265
1650   200   0.0258931
1650   240   0.0249398
1650   280   0.0222154
1650   320   0.0198579
1650   360   0.0178110
1650   400   0.0169601
1650   440   0.0142358
1650   480   0.0132068
1650   520   0.0115819
1650   560   0.0103295
1650   600   0.0092296
1650   640   0.0082521
1650   680   0.0070624
1650   720   0.0064623
1700   40   0.0251863
1700   80   0.0298048
1700   120   0.0314008
1700   160   0.0302643
1700   200   0.0278379
1700   240   0.0261451
1700   280   0.0239174
1700   320   0.0208233
1700   360   0.0189726
1700   400   0.0175847
1700   440   0.0169115
1700   480   0.0149161
1700   520   0.0132373
1700   560   0.0109975
1700   600   0.0110600
1700   640   0.0086112
1700   680   0.0084942
1700   720   0.0073978
1700   0   0.0167813
200   0   0.0000616
200   120   0.0000307
200   40   0.0000307
200   80   0.0000770
250   0   0.0000815
250   120   0.0000163
250   160   0.0000164
250   200   0.0000000
250   40   0.0000651
250   80   0.0000326
300   120   0.0001193
300   0   0.0002206
300   160   0.0000679
300   200   0.0000681
300   240   0.0000000
300   40   0.0003402
300   80   0.0002882
350.0   280.0   0.0000000
350   120   0.0002439
350   160   0.0001399
350   0   0.0005590
350   200   0.0000879
350   240   0.0000349
350   40   0.0003846
350   80   0.0002791
400.0   120.0   0.0003744
400.0   160.0   0.0003917
400.0   200.0   0.0003604
400.0   240.0   0.0000737
400.0   280.0   0.0000744
400.0   320.0   0.0000247
400   0   0.0007836
400   40   0.0010906
400   80   0.0006587
450.0   160.0   0.0006022
450.0   200.0   0.0005070
450.0   240.0   0.0003435
450.0   280.0   0.0003251
450.0   320.0   0.0000752
450.0   360.0   0.0000752
450.0   400.0   0.0001496
450   120   0.0006506
450   0   0.0012103
450   40   0.0019531
450   80   0.0012109
500.0   200.0   0.0008426
500.0   240.0   0.0005284
500.0   280.0   0.0003846
500.0   320.0   0.0002020
500.0   360.0   0.0001752
500.0   400.0   0.0001510
500.0   440.0   0.0000000
500   80   0.0015947
500   120   0.0011533
500   160   0.0008252
500   0   0.0024558
500   40   0.0030080
550.0   240.0   0.0009887
550.0   280.0   0.0005700
550   80   0.0021386
550   120   0.0018182
550   160   0.0012244
550   200   0.0009899
550   240   0.0009769
550   0   0.0028861
550   320   0.0003325
550   360   0.0002383
550   400   0.0002375
550   440   0.0001654
550   480   0.0000368
550   40   0.0034150
600   80   0.0033570
600   120   0.0028890
600   160   0.0017172
600   200   0.0012671
600   240   0.0011414
600   280   0.0009184
600   0   0.0029213
600   320   0.0006237
600   360   0.0005704
600   400   0.0004044
600   440   0.0002573
600   480   0.0001289
600   520   0.0000369
600   40   0.0044821
650   80   0.0039913
650   120   0.0035807
650   160   0.0023978
650   200   0.0019359
650   200   0.0019044
650   240   0.0012712
650   280   0.0014393
650   0   0.0035755
650   320   0.0010633
650   360   0.0007563
650   400   0.0005523
650   440   0.0003853
650   480   0.0002555
650   520   0.0001285
650   560   0.0000917
650   600   0.0000184
650   40   0.0052254
700   80   0.0055474
700   80   0.0049972
700   120   0.0043379
700   160   0.0036300
700   200   0.0022914
700   240   0.0024982
700   280   0.0013163
700   320   0.0013012
700   0   0.0047908
700   360   0.0010852
700   400   0.0007868
700   440   0.0006085
700   480   0.0006238
700   520   0.0002577
700   560   0.0001839
700   40   0.0069800
750   80   0.0068579
750   120   0.0051128
750   160   0.0040607
750   200   0.0033973
750   240   0.0028714
750   280   0.0018784
750   320   0.0020472
750   0   0.0054368
750   360   0.0012702
750   400   0.0011711
750   440   0.0010063
750   480   0.0006559
750   520   0.0005880
750   560   0.0003657
750   600   0.0002190
750   640   0.0000910
750   40   0.0076307
800   80   0.0079581
800   120   0.0066136
800   160   0.0057116
800   200   0.0040069
800   240   0.0036720
800   280   0.0024723
800   320   0.0022561
800   360   0.0018556
800   0   0.0060849
800   400   0.0017264
800   440   0.0011636
800   480   0.0008057
800   520   0.0006505
800   560   0.0005082
800   600   0.0002885
800   640   0.0001457
800   680   0.0000726
800   40   0.0093144
850   80   0.0090327
850   120   0.0075974
850   160   0.0063835
850   200   0.0051568
850   240   0.0040714
850   280   0.0032895
850   320   0.0024791
850   360   0.0024407
850   0   0.0073449
850   400   0.0018229
850   440   0.0016609
850   480   0.0012847
850   520   0.0008332
850   560   0.0010306
850   600   0.0005965
850   640   0.0004687
850   680   0.0002728
850   720   0.0000541
850   40   0.0106845
900   80   0.0105263
900   120   0.0084666
900   160   0.0076802
900   200   0.0059028
900   240   0.0044258
900   280   0.0042651
900   320   0.0036294
900   360   0.0028290
900   400   0.0024347
900   0   0.0081253
900   440   0.0017385
900   480   0.0017474
900   520   0.0015044
900   560   0.0009540
900   600   0.0008137
900   640   0.0005554
900   680   0.0003954
900   720   0.0002885
900   40   0.0116059
950   80   0.0126190
950   120   0.0105453
950   160   0.0092654
950   200   0.0066895
950   240   0.0058763
950   280   0.0044004
950   320   0.0040178
950   360   0.0033641
950   400   0.0024744
950   440   0.0025671
950   0   0.0090486
950   480   0.0019286
950   520   0.0017679
950   560   0.0011421
950   600   0.0009062
950   640   0.0008934
950   680   0.0006067
950   720   0.0005537
950   40   0.0122038
