1000   80   0.0048361
1000   120   0.0045795
1000   160   0.0036982
1000   200   0.0026975
1000   240   0.0023442
1000   280   0.0017255
1000   320   0.0013311
1000   360   0.0011374
1000   400   0.0009357
1000   440   0.0011476
1000   0   0.0034551
1000   480   0.0006907
1000   520   0.0004608
1000   560   0.0002481
1000   600   0.0003378
1000   640   0.0002822
1000   680   0.0001603
1000   720   0.0001235
1000   40   0.0050238
100   40   0.0000000
100   0   0.0000000
1050   80   0.0053124
1050   120   0.0050226
1050   160   0.0035067
1050   200   0.0030057
1050   240   0.0026694
1050   280   0.0020843
1050   320   0.0019989
1050   360   0.0015867
1050   400   0.0012453
1050   440   0.0006868
1050   480   0.0007955
1050   0   0.0035682
1050   520   0.0006691
1050   560   0.0004891
1050   600   0.0005274
1050   640   0.0002986
1050   680   0.0002459
1050   720   0.0002460
1050   40   0.0061662
1100   80   0.0061950
1100   120   0.0056655
1100   160   0.0047168
1100   200   0.0035354
1100   240   0.0028430
1100   280   0.0024139
1100   320   0.0020055
1100   360   0.0014255
1100   400   0.0014876
1100   440   0.0011238
1100   480   0.0009211
1100   520   0.0006816
1100   0   0.0043480
1100   560   0.0007524
1100   600   0.0005579
1100   640   0.0003315
1100   680   0.0003498
1100   720   0.0002628
1100   40   0.0061758
1150   80   0.0070412
1150   120   0.0066387
1150   160   0.0052819
1150   200   0.0039244
1150   240   0.0034385
1150   280   0.0027806
1150   320   0.0025649
1150   360   0.0019217
1150   400   0.0014043
1150   440   0.0015052
1150   480   0.0012182
1150   520   0.0009916
1150   0   0.0041380
1150   560   0.0006744
1150   600   0.0006970
1150   640   0.0003814
1150   680   0.0005897
1150   720   0.0004177
1150   40   0.0067177
1200   80   0.0075237
1200   120   0.0067683
1200   160   0.0060831
1200   200   0.0056272
1200   240   0.0045166
1200   280   0.0031806
1200   320   0.0025484
1200   360   0.0024264
1200   400   0.0019841
1200   440   0.0017483
1200   480   0.0013785
1200   520   0.0009826
1200   560   0.0011891
1200   0   0.0048225
1200   600   0.0008789
1200   640   0.0006022
1200   680   0.0004656
1200   720   0.0004293
1200   40   0.0067422
1250   40   0.0077331
1250   80   0.0085400
1250   120   0.0081330
1250   160   0.0069974
1250   200   0.0058262
1250   240   0.0046413
1250   280   0.0038970
1250   320   0.0034828
1250   360   0.0028970
1250   400   0.0024531
1250   440   0.0020164
1250   480   0.0014570
1250   520   0.0014508
1250   560   0.0010759
1250   0   0.0057066
1250   600   0.0009221
1250   640   0.0007525
1250   680   0.0007385
1250   720   0.0005284
1300   40   0.0084470
1300   80   0.0091457
1300   120   0.0080734
1300   160   0.0069345
1300   200   0.0058666
1300   240   0.0056623
1300   280   0.0039385
1300   320   0.0038294
1300   360   0.0028906
1300   400   0.0030261
1300   440   0.0023535
1300   480   0.0021910
1300   520   0.0014542
1300   560   0.0012591
1300   600   0.0009684
1300   0   0.0060428
1300   640   0.0010507
1300   680   0.0008459
1300   720   0.0006257
1350   40   0.0089746
1350   80   0.0101998
1350   120   0.0089846
1350   160   0.0085265
1350   200   0.0074103
1350   240   0.0060963
1350   280   0.0053674
1350   320   0.0043676
1350   360   0.0035803
1350   400   0.0029132
1350   440   0.0024566
1350   480   0.0018667
1350   520   0.0018048
1350   560   0.0013673
1350   600   0.0014943
1350   0   0.0051473
1350   640   0.0010586
1350   680   0.0008718
1350   720   0.0011953
1400   40   0.0100120
1400   80   0.0106575
1400   120   0.0106941
1400   160   0.0082969
1400   200   0.0078344
1400   240   0.0067630
1400   280   0.0062517
1400   320   0.0050771
1400   360   0.0038096
1400   400   0.0035404
1400   440   0.0036855
1400   480   0.0021149
1400   520   0.0022004
1400   560   0.0016334
1400   600   0.0015382
1400   640   0.0013978
1400   0   0.0056059
1400   680   0.0014483
1400   720   0.0009488
1450   40   0.0105650
1450   80   0.0110341
1450   120   0.0106713
1450   160   0.0101614
1450   200   0.0082593
1450   240   0.0081428
1450   280   0.0071140
1450   320   0.0051037
1450   360   0.0050878
1450   400   0.0038350
1450   440   0.0030155
1450   480   0.0029880
1450   520   0.0027158
1450   560   0.0021745
1450   600   0.0018555
1450   640   0.0015522
1450   680   0.0011920
1450   0   0.0063084
1450   720   0.0011102
1500.0   560.0   0.0027897
1500.0   640.0   0.0014817
1500   40   0.0110566
1500   80   0.0118550
1500   120   0.0118640
1500   160   0.0103799
1500   200   0.0094186
1500   240   0.0082745
1500   280   0.0073133
1500   320   0.0061768
1500   360   0.0053057
1500   400   0.0044592
1500   440   0.0037866
1500   480   0.0030176
1500   520   0.0025664
1500   600   0.0021846
1500   640   0.0019050
1500   680   0.0014406
1500   0   0.0062807
1500   720   0.0012223
150   40   0.0000000
150   0   0.0000000
150   80   0.0000000
1550   40   0.0111247
1550   80   0.0121332
1550   120   0.0116496
1550   160   0.0116786
1550   200   0.0106701
1550   240   0.0092389
1550   280   0.0081456
1550   320   0.0068914
1550   360   0.0052141
1550   400   0.0047105
1550   440   0.0044954
1550   480   0.0037991
1550   520   0.0029768
1550   560   0.0029093
1550   600   0.0023083
1550   640   0.0020429
1550   680   0.0015858
1550   720   0.0012751
1550   0   0.0069472
1600   40   0.0122899
1600   80   0.0139125
1600   120   0.0130525
1600   160   0.0128632
1600   200   0.0109233
1600   240   0.0102678
1600   280   0.0086535
1600   320   0.0076551
1600   360   0.0062373
1600   400   0.0056387
1600   440   0.0048151
1600   480   0.0046750
1600   520   0.0034827
1600   560   0.0031280
1600   600   0.0026745
1600   640   0.0023844
1600   680   0.0018528
1600   0   0.0073141
1650.0   40.0   0.0128081
1650.0   80.0   0.0132430
1650.0   120.0   0.0131630
1650   160   0.0128528
1650   200   0.0119021
1650   240   0.0104545
1650   280   0.0099271
1650   320   0.0078437
1650   360   0.0071793
1650   400   0.0060181
1650   440   0.0057008
1650   480   0.0050596
1650   520   0.0038445
1650   560   0.0037064
1650   600   0.0031087
1650   640   0.0025304
1650   680   0.0023757
1650   720   0.0021326
1700   40   0.0132180
1700   80   0.0147420
1700   120   0.0151811
1700   160   0.0142937
1700   200   0.0131096
1700   240   0.0116272
1700   280   0.0107700
1700   320   0.0091552
1700   360   0.0076721
1700   400   0.0062279
1700   440   0.0056372
1700   480   0.0055895
1700   520   0.0047539
1700   560   0.0043061
1700   600   0.0037668
1700   640   0.0028757
1700   680   0.0028100
1700   720   0.0022689
1700   0   0.0072607
200   0   0.0000000
200   120   0.0000000
200   40   0.0000000
200   80   0.0000000
250   0   0.0000489
250   120   0.0000000
250   160   0.0000000
250   200   0.0000000
250   40   0.0000163
250   80   0.0000163
300   120   0.0000170
300   0   0.0000679
300   160   0.0000170
300   200   0.0000000
300   240   0.0000170
300   40   0.0000680
300   80   0.0000848
350.0   280.0   0.0000000
350   120   0.0000348
350   160   0.0000175
350   0   0.0001398
350   200   0.0000176
350   240   0.0000349
350   40   0.0000874
350   80   0.0000523
400.0   120.0   0.0001248
400.0   160.0   0.0000890
400.0   200.0   0.0000000
400.0   240.0   0.0000982
400.0   280.0   0.0000248
400.0   320.0   0.0000000
400   0   0.0001069
400   40   0.0002682
400   80   0.0000712
450.0   160.0   0.0001095
450.0   200.0   0.0001992
450.0   240.0   0.0000362
450.0   280.0   0.0000250
450.0   320.0   0.0000501
450.0   360.0   0.0000251
450.0   400.0   0.0000000
450   120   0.0002711
450   0   0.0003974
450   40   0.0004159
450   80   0.0003614
500.0   200.0   0.0000550
500.0   240.0   0.0001275
500.0   280.0   0.0001648
500.0   320.0   0.0000505
500.0   360.0   0.0000250
500.0   400.0   0.0000000
500.0   440.0   0.0000000
500   80   0.0004530
500   120   0.0003295
500   160   0.0002567
500   0   0.0004399
500   40   0.0008751
550.0   240.0   0.0002380
550.0   280.0   0.0002758
550   80   0.0006453
550   120   0.0003122
550   160   0.0004203
550   200   0.0003300
550   240   0.0001290
550   0   0.0006985
550   320   0.0001662
550   360   0.0000550
550   400   0.0000365
550   440   0.0000551
550   480   0.0000000
550   40   0.0008629
600   80   0.0011251
600   120   0.0005888
600   160   0.0005909
600   200   0.0002204
600   240   0.0002209
600   280   0.0002021
600   0   0.0009554
600   320   0.0002018
600   360   0.0001288
600   400   0.0000551
600   440   0.0000184
600   480   0.0000368
600   520   0.0000369
600   40   0.0014018
650   80   0.0015266
650   120   0.0011752
650   160   0.0008237
650   200   0.0004978
650   200   0.0004578
650   240   0.0005158
650   280   0.0002952
650   0   0.0012468
650   320   0.0001833
650   360   0.0000738
650   400   0.0002025
650   440   0.0000917
650   480   0.0000730
650   520   0.0000551
650   560   0.0000000
650   600   0.0000000
650   40   0.0018649
700   80   0.0015797
700   80   0.0013461
700   120   0.0012683
700   160   0.0008800
700   200   0.0005316
700   240   0.0004194
700   280   0.0004753
700   320   0.0003299
700   0   0.0017254
700   360   0.0003863
700   400   0.0002196
700   440   0.0002213
700   480   0.0001101
700   520   0.0000368
700   560   0.0000368
700   40   0.0020811
750   80   0.0024076
750   120   0.0017530
750   160   0.0012621
750   200   0.0010046
750   240   0.0007179
750   280   0.0005289
750   320   0.0004753
750   0   0.0019704
750   360   0.0005154
750   400   0.0001830
750   440   0.0001830
750   480   0.0001822
750   520   0.0000919
750   560   0.0000183
750   600   0.0000182
750   640   0.0000182
750   40   0.0023972
800   80   0.0027926
800   120   0.0020350
800   160   0.0016138
800   200   0.0010928
800   240   0.0010961
800   280   0.0010544
800   320   0.0006550
800   360   0.0004548
800   0   0.0021551
800   400   0.0003271
800   440   0.0002182
800   480   0.0002014
800   520   0.0001988
800   560   0.0000726
800   600   0.0001623
800   640   0.0000364
800   680   0.0000000
800   40   0.0031231
850   80   0.0038634
850   120   0.0025506
850   160   0.0018135
850   200   0.0015867
850   240   0.0010676
850   280   0.0008314
850   320   0.0008324
850   360   0.0005966
850   0   0.0026283
850   400   0.0004151
850   440   0.0003650
850   480   0.0002352
850   520   0.0003441
850   560   0.0002351
850   600   0.0000904
850   640   0.0001082
850   680   0.0000728
850   720   0.0000360
850   40   0.0034770
900   80   0.0039946
900   120   0.0035128
900   160   0.0025961
900   200   0.0016148
900   240   0.0014573
900   280   0.0011158
900   320   0.0010960
900   360   0.0007928
900   400   0.0004689
900   0   0.0030313
900   440   0.0004660
900   480   0.0004504
900   520   0.0003045
900   560   0.0001440
900   600   0.0001989
900   640   0.0001433
900   680   0.0001258
900   720   0.0000361
900   40   0.0040710
950   80   0.0044674
950   120   0.0037892
950   160   0.0027083
950   200   0.0024082
950   240   0.0016253
950   280   0.0013774
950   320   0.0011786
950   360   0.0011452
950   400   0.0006814
950   440   0.0007487
950   0   0.0026466
950   480   0.0006071
950   520   0.0002679
950   560   0.0003391
950   600   0.0002665
950   640   0.0003574
950   680   0.0001784
950   720   0.0001786
950   40   0.0044718
