100.0   0.0   0.0000000
100.0   40.0   0.0000000
100.0   80.0   0.0000000
1000   0   0.0185208
1000   30   0.0199230
1000   60   0.0173630
1000   90   0.0180232
1000   120   0.0158086
1000   150   0.0152668
1000   180   0.0146903
1000   210   0.0146567
1000   240   0.0133953
1000   270   0.0117352
1000   300   0.0111320
1000   330   0.0097108
1000   360   0.0089320
1000   390   0.0076290
1000   420   0.0061506
1000   450   0.0051977
1000   480   0.0048004
1000   510   0.0032080
1000   540   0.0027507
1000   570   0.0022380
1000   600   0.0015599
1000   630   0.0011859
1000   660   0.0007079
1000   690   0.0004978
1000   720   0.0002122
1040   0   0.0192077
1040   30   0.0208035
1040   60   0.0204284
1040   90   0.0188436
1040   120   0.0198884
1040   150   0.0174744
1040   180   0.0171361
1040   210   0.0173690
1040   240   0.0148625
1040   270   0.0132525
1040   300   0.0119555
1040   330   0.0111150
1040   360   0.0099297
1040   390   0.0088896
1040   420   0.0072519
1040   450   0.0074587
1040   480   0.0059269
1040   510   0.0044654
1040   540   0.0039643
1040   570   0.0028029
1040   600   0.0021851
1040   630   0.0016219
1040   660   0.0009698
1040   690   0.0007558
1040   720   0.0004224
1080.0   510.0   0.0059447
1080   0   0.0231752
1080   30   0.0232259
1080   60   0.0211613
1080   90   0.0207862
1080   120   0.0209581
1080   150   0.0181283
1080   180   0.0189760
1080   210   0.0165275
1080   240   0.0161578
1080   270   0.0149228
1080   300   0.0148855
1080   330   0.0121722
1080   360   0.0109160
1080   390   0.0107497
1080   420   0.0090498
1080   450   0.0081635
1080   480   0.0079238
1080   495   0.0073286
1080   540   0.0052186
1080   585   0.0032763
1080   630   0.0025306
1080   660   0.0018572
1080   705   0.0011960
1080   750   0.0004199
1120.0   0.0   0.0238865
1120.0   690.0   0.0021651
1120   30   0.0239451
1120   60   0.0231503
1120   90   0.0229775
1120   120   0.0216823
1120   150   0.0203925
1120   180   0.0201006
1120   210   0.0185169
1120   240   0.0180701
1120   270   0.0162541
1120   300   0.0152682
1120   330   0.0144656
1120   360   0.0136929
1120   390   0.0127791
1120   420   0.0113246
1120   450   0.0111179
1120   480   0.0082388
1120   525   0.0069210
1120   570   0.0049949
1120   630   0.0035017
1120   660   0.0025504
1120   750   0.0009728
1160.0   240.0   0.0198300
1160.0   270.0   0.0187288
1160.0   300.0   0.0165596
1160.0   360.0   0.0145403
1160.0   390.0   0.0136323
1160.0   510.0   0.0090101
1160.0   540.0   0.0081544
1160.0   570.0   0.0064027
1160.0   630.0   0.0044341
1160.0   660.0   0.0035811
1160.0   690.0   0.0028684
1160   0   0.0265093
1160   30   0.0246662
1160   60   0.0234895
1160   90   0.0230375
1160   120   0.0232953
1160   150   0.0227555
1160   180   0.0210632
1160   210   0.0194544
1160   330   0.0157278
1160   420   0.0124905
1160   450   0.0121247
1160   480   0.0107851
1160   555   0.0072488
1160   600   0.0055916
1160   750   0.0014033
1200.0   600.0   0.0071824
1200.0   690.0   0.0039614
1200   15   0.0266667
1200   60   0.0260906
1200   105   0.0237219
1200   165   0.0227792
1200   180   0.0220087
1200   210   0.0212286
1200   240   0.0212331
1200   270   0.0197185
1200   300   0.0190223
1200   330   0.0176207
1200   360   0.0168924
1200   390   0.0145183
1200   420   0.0137888
1200   450   0.0133494
1200   480   0.0123497
1200   525   0.0099813
1200   570   0.0077225
1200   630   0.0063317
1200   645   0.0051347
1200   750   0.0020925
1240.0   90.0   0.0259241
1240.0   120.0   0.0253344
1240.0   210.0   0.0228302
1240.0   570.0   0.0092300
1240.0   600.0   0.0084884
1240.0   690.0   0.0052726
1240   0   0.0299291
1240   30   0.0276179
1240   60   0.0262499
1240   135   0.0253437
1240   180   0.0237565
1240   255   0.0216109
1240   300   0.0198878
1240   330   0.0192943
1240   360   0.0173901
1240   390   0.0160968
1240   420   0.0154698
1240   450   0.0144375
1240   480   0.0143996
1240   510   0.0125922
1240   540   0.0108535
1240   630   0.0071636
1240   660   0.0066369
1240   750   0.0035938
1280.0   450.0   0.0159142
1280.0   510.0   0.0141492
1280.0   540.0   0.0125110
1280.0   570.0   0.0106432
1280.0   600.0   0.0098804
1280.0   660.0   0.0073409
1280.0   690.0   0.0072906
1280   750   0.0044927
1280   0   0.0283046
1280   30   0.0280561
1280   60   0.0276856
1280   90   0.0270817
1280   120   0.0270353
1280   150   0.0264691
1280   180   0.0254380
1280   210   0.0237730
1280   240   0.0239117
1280   285   0.0212592
1280   330   0.0204353
1280   360   0.0192187
1280   405   0.0186024
1280   480   0.0151958
1280   630   0.0084604
1320.0   690.0   0.0089203
1320.0   210.0   0.0246253
1320.0   240.0   0.0238236
1320.0   270.0   0.0222869
1320.0   390.0   0.0198637
1320.0   420.0   0.0180249
1320.0   450.0   0.0173557
1320.0   570.0   0.0134090
1320.0   600.0   0.0116447
1320.0   630.0   0.0103372
1320.0   660.0   0.0095254
1320   750   0.0057078
1320   0   0.0321274
1320   30   0.0296855
1320   60   0.0296444
1320   90   0.0283471
1320   120   0.0268709
1320   150   0.0268052
1320   180   0.0269539
1320   300   0.0225021
1320   330   0.0211032
1320   360   0.0215253
1320   480   0.0158061
1320   510   0.0153591
1320   540   0.0138189
1360.0   660.0   0.0111713
1360.0   690.0   0.0093240
1360.0   0.0   0.0329631
1360.0   60.0   0.0301272
1360.0   90.0   0.0305552
1360.0   150.0   0.0281921
1360.0   210.0   0.0261216
1360.0   240.0   0.0248811
1360.0   300.0   0.0232371
1360.0   390.0   0.0211239
1360.0   450.0   0.0187444
1360.0   540.0   0.0146134
1360.0   570.0   0.0140157
1360.0   600.0   0.0130525
1360   750   0.0073734
1360   30   0.0320574
1360   105   0.0299888
1360   180   0.0262963
1360   255   0.0255732
1360   330   0.0223833
1360   360   0.0215500
1360   420   0.0203353
1360   510   0.0160496
1360   630   0.0115987
1400   615   0.0145640
1400   675   0.0111191
1400   15   0.0328518
1400   75   0.0306139
1400   135   0.0293927
1400   195   0.0276766
1400   255   0.0259412
1400   315   0.0239609
1400   375   0.0218704
1400   435   0.0210758
1400   495   0.0191879
1400   555   0.0170409
1440   570   0.0168934
1440   630   0.0146094
1440   690   0.0133426
1440   30   0.0322907
1440   90   0.0311199
1440   150   0.0309352
1440   210   0.0282197
1440   270   0.0266901
1440   330   0.0248533
1440   390   0.0232126
1440   450   0.0207198
1440   510   0.0194797
1480   525   0.0199380
1480   585   0.0180034
1480   645   0.0154434
1480   705   0.0139918
1480   45   0.0332661
1480   105   0.0324625
1480   165   0.0308779
1480   225   0.0286444
1480   285   0.0272250
1480   345   0.0253426
1480   405   0.0232623
1480   465   0.0219419
150.0   80.0   0.0000000
150.0   120.0   0.0000000
150.0   0.0   0.0000000
150.0   40.0   0.0000000
1520   495   0.0219840
1520   555   0.0193737
1520   615   0.0174585
1520   675   0.0160986
1520   15   0.0350981
1520   75   0.0340304
1520   135   0.0316483
1520   195   0.0311449
1520   255   0.0288217
1520   315   0.0270696
1520   375   0.0246891
1520   435   0.0223555
1560   450   0.0239330
1560   510   0.0225156
1560   570   0.0214429
1560   630   0.0179008
1560   690   0.0160272
1560   30   0.0364682
1560   90   0.0342259
1560   150   0.0311854
1560   210   0.0300741
1560   270   0.0293585
1560   330   0.0273847
1560   390   0.0251828
1600   435   0.0256978
1600   495   0.0235926
1600   555   0.0216516
1600   630   0.0194591
1600   705   0.0163539
1600   15   0.0368907
1600   75   0.0352562
1600   135   0.0335250
1600   195   0.0321738
1600   255   0.0301914
1600   315   0.0284208
1600   375   0.0266951
200.0   0.0   0.0000000
200.0   40.0   0.0000000
200.0   80.0   0.0000000
200.0   120.0   0.0000000
200.0   160.0   0.0000000
250.0   0.0   0.0000326
250.0   40.0   0.0000000
250.0   80.0   0.0000000
250.0   120.0   0.0000000
250.0   160.0   0.0000000
250.0   200.0   0.0000000
250.0   240.0   0.0000000
300.0   0.0   0.0000849
300.0   40.0   0.0000682
300.0   80.0   0.0000170
300.0   120.0   0.0000339
300.0   160.0   0.0000000
300.0   200.0   0.0000000
300.0   240.0   0.0000000
300.0   280.0   0.0000000
350.0   0.0   0.0002278
350.0   40.0   0.0001219
350.0   80.0   0.0001399
350.0   120.0   0.0000525
350.0   160.0   0.0000000
350.0   200.0   0.0000350
350.0   240.0   0.0000000
350.0   280.0   0.0000000
400.0   0.0   0.0003410
400.0   40.0   0.0004130
400.0   80.0   0.0003596
400.0   120.0   0.0002318
400.0   160.0   0.0001072
400.0   200.0   0.0000535
400.0   280.0   0.0000000
400   30   0.0004457
400   60   0.0002855
400   90   0.0003748
400   150   0.0000891
400   180   0.0000898
400   210   0.0000358
400   240   0.0000356
400   270   0.0000000
400   300   0.0000000
400   330   0.0000000
400   360   0.0000000
440   0   0.0005609
440   30   0.0005962
440   60   0.0007592
440   90   0.0004498
440   120   0.0004677
440   150   0.0001807
440   180   0.0001449
440   210   0.0001087
440   240   0.0000539
440   270   0.0000000
440   300   0.0000180
440   330   0.0000000
440   360   0.0000000
440   390   0.0000000
480   0   0.0009623
480   30   0.0010184
480   60   0.0007873
480   90   0.0008351
480   120   0.0006535
480   150   0.0003296
480   180   0.0002725
480   210   0.0002907
480   240   0.0000730
480   270   0.0000731
480   300   0.0000182
480   330   0.0000182
480   360   0.0000000
480   390   0.0000000
480   420   0.0000000
480   450   0.0000000
50.0   0.0   0.0000000
50.0   40.0   0.0000000
520   0   0.0017813
520   30   0.0014263
520   60   0.0015219
520   90   0.0013007
520   120   0.0008611
520   150   0.0007820
520   180   0.0005495
520   210   0.0004207
520   240   0.0002199
520   270   0.0001823
520   300   0.0001282
520   330   0.0000548
520   360   0.0000184
520   390   0.0000183
520   420   0.0000000
520   450   0.0000000
520   480   0.0000000
560   0   0.0022141
560   30   0.0022971
560   60   0.0020235
560   90   0.0014709
560   120   0.0013287
560   150   0.0012499
560   180   0.0010619
560   210   0.0006620
560   240   0.0004410
560   270   0.0003098
560   300   0.0003125
560   330   0.0001649
560   360   0.0000551
560   390   0.0000369
560   420   0.0000000
560   450   0.0000184
560   480   0.0000000
560   510   0.0000000
600   0   0.0035923
600   30   0.0031112
600   60   0.0027477
600   90   0.0026999
600   120   0.0022648
600   150   0.0019293
600   180   0.0013222
600   210   0.0009945
600   240   0.0009537
600   270   0.0005520
600   300   0.0004777
600   330   0.0002762
600   360   0.0000735
600   390   0.0000922
600   420   0.0000917
600   450   0.0000000
600   480   0.0000000
600   510   0.0000000
600   540   0.0000000
600   570   0.0000000
640   0   0.0044865
640   30   0.0041947
640   60   0.0043209
640   90   0.0033634
640   120   0.0029915
640   150   0.0024744
640   180   0.0020741
640   210   0.0016615
640   240   0.0011598
640   270   0.0010117
640   300   0.0007903
640   330   0.0004058
640   360   0.0002377
640   390   0.0001283
640   420   0.0000734
640   450   0.0000553
640   480   0.0000368
640   510   0.0000000
640   540   0.0000184
640   570   0.0000000
640   600   0.0000000
680.0   60.0   0.0051383
680.0   90.0   0.0049449
680.0   120.0   0.0044280
680.0   660.0   0.0000000
680   0   0.0052520
680   30   0.0058058
680   150   0.0033237
680   180   0.0033531
680   210   0.0028117
680   240   0.0019137
680   270   0.0014650
680   300   0.0011905
680   330   0.0006810
680   360   0.0004430
680   390   0.0004584
680   420   0.0002022
680   450   0.0001825
680   480   0.0000000
680   510   0.0000184
680   540   0.0000000
680   570   0.0000000
680   600   0.0000000
680   630   0.0000000
720.0   510.0   0.0000367
720.0   540.0   0.0000734
720.0   570.0   0.0000183
720.0   600.0   0.0000000
720.0   630.0   0.0000000
720.0   660.0   0.0000000
720.0   690.0   0.0000000
720   0   0.0071698
720   30   0.0070380
720   60   0.0062958
720   90   0.0056755
720   120   0.0057737
720   150   0.0044978
720   180   0.0036731
720   210   0.0039817
720   240   0.0027668
720   270   0.0022150
720   300   0.0017496
720   330   0.0014282
720   360   0.0009695
720   390   0.0007166
720   420   0.0004763
720   450   0.0002740
720   480   0.0000914
760.0   180.0   0.0053578
760.0   210.0   0.0050206
760.0   630.0   0.0000183
760.0   660.0   0.0000000
760.0   690.0   0.0000000
760   0   0.0094577
760   30   0.0079268
760   60   0.0085298
760   90   0.0072985
760   120   0.0069343
760   150   0.0065519
760   240   0.0037434
760   285   0.0025522
760   330   0.0018634
760   375   0.0011817
760   420   0.0008738
760   465   0.0003652
760   510   0.0001094
760   555   0.0000909
760   600   0.0000366
760   645   0.0000000
800.0   180.0   0.0067129
800.0   540.0   0.0001815
800.0   570.0   0.0000365
800.0   600.0   0.0000181
800.0   630.0   0.0000364
800.0   660.0   0.0000367
800.0   690.0   0.0000182
800   0   0.0106191
800   30   0.0097921
800   60   0.0093772
800   90   0.0086482
800   120   0.0084390
800   150   0.0073618
800   210   0.0064279
800   240   0.0052544
800   270   0.0043314
800   300   0.0036282
800   330   0.0030644
800   360   0.0021402
800   390   0.0018419
800   420   0.0014391
800   450   0.0008525
800   480   0.0005818
800   510   0.0001262
840.0   120.0   0.0096755
840.0   150.0   0.0092017
840.0   210.0   0.0079567
840.0   240.0   0.0060290
840.0   690.0   0.0000000
840   0   0.0123033
840   30   0.0125348
840   60   0.0114115
840   90   0.0103766
840   180   0.0087428
840   270   0.0054219
840   300   0.0048890
840   330   0.0042875
840   360   0.0029747
840   390   0.0025261
840   420   0.0018939
840   450   0.0011943
840   480   0.0011407
840   510   0.0007067
840   525   0.0003445
840   540   0.0004533
840   570   0.0002543
840   600   0.0001083
840   630   0.0000725
840   660   0.0000181
880.0   210.0   0.0090455
880.0   270.0   0.0073402
880.0   300.0   0.0065322
880.0   330.0   0.0052798
880.0   480.0   0.0015958
880.0   510.0   0.0013147
880.0   570.0   0.0005766
880.0   690.0   0.0000180
880   0   0.0141085
880   30   0.0150984
880   60   0.0125100
880   90   0.0122282
880   120   0.0116636
880   150   0.0111976
880   180   0.0102094
880   240   0.0076664
880   360   0.0038518
880   390   0.0034665
880   420   0.0028280
880   450   0.0020220
880   540   0.0009250
880   600   0.0002713
880   630   0.0001439
880   660   0.0000541
880   720   0.0000180
920.0   600.0   0.0005034
920   0   0.0151716
920   30   0.0146780
920   60   0.0136780
920   90   0.0135234
920   120   0.0130007
920   150   0.0126285
920   180   0.0120568
920   210   0.0105386
920   240   0.0093067
920   270   0.0090167
920   300   0.0075132
920   330   0.0069996
920   360   0.0059561
920   390   0.0043940
920   420   0.0039166
920   450   0.0031752
920   480   0.0023862
920   525   0.0015852
920   570   0.0009494
920   630   0.0002325
920   675   0.0000537
920   705   0.0000540
920   750   0.0000540
960.0   510.0   0.0024231
960.0   600.0   0.0008381
960.0   630.0   0.0005887
960.0   660.0   0.0003019
960.0   690.0   0.0001775
960   0   0.0174223
960   30   0.0168001
960   60   0.0157878
960   90   0.0167331
960   120   0.0153934
960   150   0.0139149
960   180   0.0128655
960   210   0.0113742
960   240   0.0109597
960   270   0.0099817
960   300   0.0084990
960   330   0.0077184
960   360   0.0068161
960   390   0.0056729
960   420   0.0050943
960   450   0.0037394
960   540   0.0016698
960   570   0.0014840
960   675   0.0003199
960   720   0.0001249
960   750   0.0000357
