100.0   0.0   0.0000000
100.0   40.0   0.0000000
100.0   80.0   0.0000000
1000   0   0.0084732
1000   30   0.0079479
1000   60   0.0089295
1000   90   0.0078005
1000   120   0.0075853
1000   150   0.0073054
1000   180   0.0072212
1000   210   0.0072665
1000   240   0.0060856
1000   270   0.0065038
1000   300   0.0058757
1000   330   0.0055211
1000   360   0.0053239
1000   390   0.0046344
1000   420   0.0046218
1000   450   0.0035943
1000   480   0.0032181
1000   510   0.0032434
1000   540   0.0025732
1000   570   0.0024334
1000   600   0.0018258
1000   630   0.0015045
1000   660   0.0010442
1000   690   0.0007823
1000   720   0.0004598
1040   0   0.0086249
1040   30   0.0087241
1040   60   0.0089673
1040   90   0.0081390
1040   120   0.0078633
1040   150   0.0077253
1040   180   0.0083122
1040   210   0.0071208
1040   240   0.0068759
1040   270   0.0064148
1040   300   0.0062859
1040   330   0.0065206
1040   360   0.0057599
1040   390   0.0048233
1040   420   0.0052178
1040   450   0.0036148
1040   480   0.0039104
1040   510   0.0040083
1040   540   0.0032596
1040   570   0.0029956
1040   600   0.0021675
1040   630   0.0018863
1040   660   0.0014636
1040   690   0.0011250
1040   720   0.0008799
1080.0   510.0   0.0043314
1080   0   0.0094346
1080   30   0.0090891
1080   60   0.0092350
1080   90   0.0087179
1080   120   0.0080015
1080   150   0.0087836
1080   180   0.0080999
1080   210   0.0074950
1080   240   0.0071696
1080   270   0.0069616
1080   300   0.0070409
1080   330   0.0061037
1080   360   0.0066650
1080   390   0.0058380
1080   420   0.0051037
1080   450   0.0052092
1080   480   0.0046208
1080   495   0.0039623
1080   540   0.0037126
1080   585   0.0029960
1080   630   0.0024779
1080   660   0.0020149
1080   705   0.0012663
1080   750   0.0007523
1120.0   0.0   0.0105525
1120.0   690.0   0.0021128
1120   30   0.0089773
1120   60   0.0096112
1120   90   0.0088402
1120   120   0.0084533
1120   150   0.0090362
1120   180   0.0084461
1120   210   0.0079258
1120   240   0.0076772
1120   270   0.0076644
1120   300   0.0070255
1120   330   0.0067600
1120   360   0.0067160
1120   390   0.0064594
1120   420   0.0060805
1120   450   0.0055416
1120   480   0.0049921
1120   525   0.0051647
1120   570   0.0043509
1120   630   0.0031184
1120   660   0.0026892
1120   750   0.0016330
1160.0   240.0   0.0076867
1160.0   270.0   0.0071315
1160.0   300.0   0.0069114
1160.0   360.0   0.0071320
1160.0   390.0   0.0068509
1160.0   510.0   0.0049399
1160.0   540.0   0.0047611
1160.0   570.0   0.0047069
1160.0   630.0   0.0035334
1160.0   660.0   0.0034773
1160.0   690.0   0.0027820
1160   0   0.0097247
1160   30   0.0093752
1160   60   0.0090291
1160   90   0.0094055
1160   120   0.0085515
1160   150   0.0094167
1160   180   0.0089527
1160   210   0.0085384
1160   330   0.0072057
1160   420   0.0069622
1160   450   0.0061928
1160   480   0.0056955
1160   555   0.0047456
1160   600   0.0038551
1160   750   0.0020269
1200.0   600.0   0.0044160
1200.0   690.0   0.0031519
1200   15   0.0102670
1200   60   0.0091455
1200   105   0.0093279
1200   165   0.0099809
1200   180   0.0089173
1200   210   0.0084123
1200   240   0.0079431
1200   270   0.0085567
1200   300   0.0078743
1200   330   0.0079828
1200   360   0.0075748
1200   390   0.0065772
1200   420   0.0064474
1200   450   0.0068728
1200   480   0.0062609
1200   525   0.0055433
1200   570   0.0052856
1200   630   0.0045939
1200   645   0.0040836
1200   750   0.0027150
1240.0   90.0   0.0102534
1240.0   120.0   0.0097964
1240.0   210.0   0.0089885
1240.0   570.0   0.0055071
1240.0   600.0   0.0052881
1240.0   690.0   0.0042249
1240   0   0.0100162
1240   30   0.0097314
1240   60   0.0096701
1240   135   0.0096792
1240   180   0.0091911
1240   255   0.0082327
1240   300   0.0081398
1240   330   0.0081590
1240   360   0.0082167
1240   390   0.0077579
1240   420   0.0067007
1240   450   0.0066122
1240   480   0.0067142
1240   510   0.0065363
1240   540   0.0059840
1240   630   0.0053770
1240   660   0.0041159
1240   750   0.0030119
1280.0   450.0   0.0073345
1280.0   510.0   0.0069385
1280.0   540.0   0.0064255
1280.0   570.0   0.0057375
1280.0   600.0   0.0057920
1280.0   660.0   0.0048206
1280.0   690.0   0.0043437
1280   750   0.0035908
1280   0   0.0107263
1280   30   0.0103597
1280   60   0.0107017
1280   90   0.0098943
1280   120   0.0090968
1280   150   0.0094873
1280   180   0.0098217
1280   210   0.0090937
1280   240   0.0080332
1280   285   0.0081400
1280   330   0.0082560
1280   360   0.0082147
1280   405   0.0080917
1280   480   0.0072410
1280   630   0.0051788
1320.0   690.0   0.0048487
1320.0   210.0   0.0091286
1320.0   240.0   0.0091135
1320.0   270.0   0.0081915
1320.0   390.0   0.0082329
1320.0   420.0   0.0079904
1320.0   450.0   0.0069861
1320.0   570.0   0.0063161
1320.0   600.0   0.0058902
1320.0   630.0   0.0062629
1320.0   660.0   0.0052881
1320   750   0.0038671
1320   0   0.0110918
1320   30   0.0102732
1320   60   0.0095105
1320   90   0.0093811
1320   120   0.0109957
1320   150   0.0090026
1320   180   0.0099767
1320   300   0.0081995
1320   330   0.0079455
1320   360   0.0082737
1320   480   0.0069385
1320   510   0.0073243
1320   540   0.0067995
1360.0   660.0   0.0054679
1360.0   690.0   0.0053088
1360.0   0.0   0.0110550
1360.0   60.0   0.0103442
1360.0   90.0   0.0105542
1360.0   150.0   0.0092339
1360.0   210.0   0.0099901
1360.0   240.0   0.0089774
1360.0   300.0   0.0092680
1360.0   390.0   0.0081840
1360.0   450.0   0.0075683
1360.0   540.0   0.0065920
1360.0   570.0   0.0062106
1360.0   600.0   0.0066690
1360   750   0.0049716
1360   30   0.0104393
1360   105   0.0097673
1360   180   0.0100817
1360   255   0.0085300
1360   330   0.0090475
1360   360   0.0088350
1360   420   0.0078278
1360   510   0.0070976
1360   630   0.0058329
1400   615   0.0069559
1400   675   0.0063394
1400   15   0.0107381
1400   75   0.0107432
1400   135   0.0096367
1400   195   0.0095039
1400   255   0.0096947
1400   315   0.0085265
1400   375   0.0080829
1400   435   0.0077965
1400   495   0.0072730
1400   555   0.0072461
1440   570   0.0075322
1440   630   0.0072383
1440   690   0.0067293
1440   30   0.0119202
1440   90   0.0110479
1440   150   0.0101236
1440   210   0.0099375
1440   270   0.0088967
1440   330   0.0096088
1440   390   0.0085677
1440   450   0.0080163
1440   510   0.0076928
1480   525   0.0074046
1480   585   0.0083576
1480   645   0.0064773
1480   705   0.0064527
1480   45   0.0109508
1480   105   0.0103079
1480   165   0.0104244
1480   225   0.0103937
1480   285   0.0095370
1480   345   0.0096378
1480   405   0.0083916
1480   465   0.0081230
150.0   80.0   0.0000000
150.0   120.0   0.0000000
150.0   0.0   0.0000000
150.0   40.0   0.0000000
1520   495   0.0084100
1520   555   0.0086616
1520   615   0.0078877
1520   675   0.0066037
1520   15   0.0110585
1520   75   0.0114863
1520   135   0.0103903
1520   195   0.0098292
1520   255   0.0098420
1520   315   0.0095424
1520   375   0.0091459
1520   435   0.0084899
1560   450   0.0087059
1560   510   0.0086323
1560   570   0.0077025
1560   630   0.0074926
1560   690   0.0077519
1560   30   0.0112622
1560   90   0.0107404
1560   150   0.0108294
1560   210   0.0101059
1560   270   0.0095036
1560   330   0.0093461
1560   390   0.0092915
1600   435   0.0088948
1600   495   0.0089344
1600   555   0.0089497
1600   630   0.0073437
1600   705   0.0068570
1600   15   0.0106494
1600   75   0.0111010
1600   135   0.0099730
1600   195   0.0101456
1600   255   0.0099339
1600   315   0.0096569
1600   375   0.0089955
200.0   0.0   0.0000000
200.0   40.0   0.0000154
200.0   80.0   0.0000000
200.0   120.0   0.0000000
200.0   160.0   0.0000000
250.0   0.0   0.0000489
250.0   40.0   0.0000490
250.0   80.0   0.0000000
250.0   120.0   0.0000163
250.0   160.0   0.0000000
250.0   200.0   0.0000000
250.0   240.0   0.0000000
300.0   0.0   0.0001019
300.0   40.0   0.0001023
300.0   80.0   0.0001868
300.0   120.0   0.0000339
300.0   160.0   0.0000170
300.0   200.0   0.0000000
300.0   240.0   0.0000000
300.0   280.0   0.0000000
350.0   0.0   0.0002103
350.0   40.0   0.0003482
350.0   80.0   0.0001049
350.0   120.0   0.0001399
350.0   160.0   0.0001575
350.0   200.0   0.0000875
350.0   240.0   0.0000000
350.0   280.0   0.0000000
400.0   0.0   0.0005384
400.0   40.0   0.0003591
400.0   80.0   0.0003057
400.0   120.0   0.0003744
400.0   160.0   0.0001787
400.0   200.0   0.0001249
400.0   280.0   0.0000179
400   30   0.0006062
400   60   0.0007317
400   90   0.0004462
400   150   0.0002139
400   180   0.0000719
400   210   0.0001073
400   240   0.0000891
400   270   0.0000356
400   300   0.0000000
400   330   0.0000000
400   360   0.0000000
440   0   0.0008141
440   30   0.0009576
440   60   0.0006146
440   90   0.0005217
440   120   0.0007375
440   150   0.0003434
440   180   0.0004166
440   210   0.0001992
440   240   0.0000719
440   270   0.0000180
440   300   0.0000000
440   330   0.0000000
440   360   0.0000000
440   390   0.0000000
480   0   0.0010713
480   30   0.0010548
480   60   0.0009887
480   90   0.0008715
480   120   0.0007261
480   150   0.0006774
480   180   0.0004360
480   210   0.0002544
480   240   0.0003101
480   270   0.0001096
480   300   0.0001274
480   330   0.0000729
480   360   0.0000000
480   390   0.0000000
480   420   0.0000000
480   450   0.0000000
50.0   0.0   0.0000000
50.0   40.0   0.0000000
520   0   0.0015976
520   30   0.0019201
520   60   0.0016870
520   90   0.0011908
520   120   0.0011909
520   150   0.0008547
520   180   0.0006411
520   210   0.0007316
520   240   0.0004580
520   270   0.0002188
520   300   0.0000732
520   330   0.0001279
520   360   0.0000368
520   390   0.0000365
520   420   0.0000000
520   450   0.0000000
520   480   0.0000000
560   0   0.0020850
560   30   0.0020766
560   60   0.0018947
560   90   0.0021696
560   120   0.0016793
560   150   0.0012131
560   180   0.0010619
560   210   0.0009194
560   240   0.0006982
560   270   0.0005649
560   300   0.0002574
560   330   0.0002748
560   360   0.0000734
560   390   0.0001477
560   420   0.0000552
560   450   0.0000000
560   480   0.0000000
560   510   0.0000000
600   0   0.0033540
600   30   0.0027982
600   60   0.0023051
600   90   0.0025520
600   120   0.0022280
600   150   0.0018925
600   180   0.0016160
600   210   0.0013628
600   240   0.0012288
600   270   0.0010121
600   300   0.0007901
600   330   0.0004787
600   360   0.0004224
600   390   0.0002028
600   420   0.0000183
600   450   0.0000552
600   480   0.0000183
600   510   0.0000000
600   540   0.0000000
600   570   0.0000000
640   0   0.0029356
640   30   0.0035692
640   60   0.0032224
640   90   0.0025547
640   120   0.0029176
640   150   0.0023828
640   180   0.0024045
640   210   0.0017723
640   240   0.0016016
640   270   0.0014716
640   300   0.0010659
640   330   0.0005903
640   360   0.0003657
640   390   0.0002565
640   420   0.0003669
640   450   0.0001289
640   480   0.0000368
640   510   0.0000183
640   540   0.0000000
640   570   0.0000000
640   600   0.0000000
680.0   60.0   0.0043280
680.0   90.0   0.0040625
680.0   120.0   0.0031419
680.0   660.0   0.0000000
680   0   0.0041906
680   30   0.0039502
680   150   0.0031575
680   180   0.0026935
680   210   0.0023522
680   240   0.0021529
680   270   0.0020511
680   300   0.0015384
680   330   0.0011779
680   360   0.0005538
680   390   0.0006234
680   420   0.0005330
680   450   0.0001460
680   480   0.0001298
680   510   0.0001104
680   540   0.0000000
680   570   0.0000000
680   600   0.0000000
680   630   0.0000000
720.0   510.0   0.0002382
720.0   540.0   0.0001102
720.0   570.0   0.0000548
720.0   600.0   0.0000366
720.0   630.0   0.0000000
720.0   660.0   0.0000000
720.0   690.0   0.0000000
720   0   0.0041625
720   30   0.0045940
720   60   0.0044733
720   90   0.0045770
720   120   0.0035488
720   150   0.0037664
720   180   0.0034160
720   210   0.0031560
720   240   0.0025103
720   270   0.0024164
720   300   0.0019318
720   330   0.0018310
720   360   0.0013171
720   390   0.0008819
720   420   0.0007694
720   450   0.0004932
720   480   0.0002194
760.0   180.0   0.0041143
760.0   210.0   0.0034871
760.0   630.0   0.0000183
760.0   660.0   0.0000184
760.0   690.0   0.0000000
760   0   0.0049931
760   30   0.0051205
760   60   0.0053334
760   90   0.0050542
760   120   0.0050233
760   150   0.0045021
760   240   0.0031408
760   285   0.0026616
760   330   0.0023384
760   375   0.0015998
760   420   0.0011833
760   465   0.0007120
760   510   0.0002917
760   555   0.0002545
760   600   0.0000366
760   645   0.0000000
800.0   180.0   0.0045116
800.0   540.0   0.0004537
800.0   570.0   0.0002920
800.0   600.0   0.0002356
800.0   630.0   0.0000546
800.0   660.0   0.0000183
800.0   690.0   0.0000000
800   0   0.0056380
800   30   0.0064426
800   60   0.0054594
800   90   0.0054984
800   120   0.0057962
800   150   0.0051022
800   210   0.0047662
800   240   0.0040503
800   270   0.0030938
800   300   0.0033547
800   330   0.0027361
800   360   0.0022128
800   390   0.0018966
800   420   0.0016760
800   450   0.0012879
800   480   0.0008908
800   510   0.0005408
840.0   120.0   0.0054357
840.0   150.0   0.0056183
840.0   210.0   0.0044644
840.0   240.0   0.0042494
840.0   690.0   0.0000000
840   0   0.0067868
840   30   0.0066925
840   60   0.0064349
840   90   0.0057568
840   180   0.0049700
840   270   0.0043556
840   300   0.0037525
840   330   0.0032883
840   360   0.0027404
840   390   0.0024359
840   420   0.0021825
840   450   0.0020267
840   480   0.0011407
840   510   0.0010691
840   525   0.0008884
840   540   0.0007796
840   570   0.0004541
840   600   0.0003429
840   630   0.0002174
840   660   0.0001266
880.0   210.0   0.0053007
880.0   270.0   0.0049416
880.0   300.0   0.0041683
880.0   330.0   0.0043280
880.0   480.0   0.0020262
880.0   510.0   0.0014767
880.0   570.0   0.0008288
880.0   690.0   0.0001262
880   0   0.0069198
880   30   0.0070459
880   60   0.0063185
880   90   0.0070366
880   120   0.0061727
880   150   0.0061013
880   180   0.0058185
880   240   0.0051649
880   360   0.0032939
880   390   0.0032869
880   420   0.0028640
880   450   0.0019317
880   540   0.0011064
880   600   0.0007054
880   630   0.0002698
880   660   0.0001804
880   720   0.0000180
920.0   600.0   0.0008091
920   0   0.0073977
920   30   0.0078664
920   60   0.0081745
920   90   0.0071826
920   120   0.0062774
920   150   0.0063142
920   180   0.0063138
920   210   0.0056540
920   240   0.0052305
920   270   0.0055102
920   300   0.0048720
920   330   0.0045890
920   360   0.0043821
920   390   0.0037483
920   420   0.0032339
920   450   0.0027985
920   480   0.0026912
920   525   0.0018168
920   570   0.0011465
920   630   0.0006439
920   675   0.0001969
920   705   0.0001619
920   750   0.0000720
960.0   510.0   0.0025300
960.0   600.0   0.0013731
960.0   630.0   0.0011239
960.0   660.0   0.0007460
960.0   690.0   0.0004791
960   0   0.0073367
960   30   0.0084892
960   60   0.0073141
960   90   0.0082776
960   120   0.0076164
960   150   0.0074487
960   180   0.0066907
960   210   0.0063289
960   240   0.0064940
960   270   0.0059496
960   300   0.0049205
960   330   0.0051753
960   360   0.0051519
960   390   0.0041030
960   420   0.0036743
960   450   0.0030984
960   540   0.0020783
960   570   0.0014304
960   675   0.0005688
960   720   0.0001070
960   750   0.0001964
