100.0   0.0   0.0000000
100.0   40.0   0.0000000
100.0   80.0   0.0000000
1000   0   0.0487520
1000   30   0.0475101
1000   60   0.0455689
1000   90   0.0440962
1000   120   0.0424812
1000   150   0.0403213
1000   180   0.0392212
1000   210   0.0370397
1000   240   0.0341714
1000   270   0.0333852
1000   300   0.0312367
1000   330   0.0282803
1000   360   0.0253281
1000   390   0.0230295
1000   420   0.0204071
1000   450   0.0173902
1000   480   0.0149880
1000   510   0.0132750
1000   540   0.0093879
1000   570   0.0077265
1000   600   0.0063461
1000   630   0.0041417
1000   660   0.0031680
1000   690   0.0018134
1000   720   0.0011849
1040   0   0.0490334
1040   30   0.0489007
1040   60   0.0488866
1040   90   0.0459146
1040   120   0.0461525
1040   150   0.0440643
1040   180   0.0418608
1040   210   0.0400919
1040   240   0.0382581
1040   270   0.0370083
1040   300   0.0347924
1040   330   0.0311716
1040   360   0.0293650
1040   390   0.0267568
1040   420   0.0235067
1040   450   0.0211948
1040   480   0.0181139
1040   510   0.0159277
1040   540   0.0134259
1040   570   0.0106512
1040   600   0.0079299
1040   630   0.0061701
1040   660   0.0045846
1040   690   0.0027949
1040   720   0.0022174
1080.0   510.0   0.0194297
1080   0   0.0520917
1080   30   0.0509345
1080   60   0.0515576
1080   90   0.0499921
1080   120   0.0471863
1080   150   0.0484765
1080   180   0.0447517
1080   210   0.0430483
1080   240   0.0415137
1080   270   0.0396479
1080   300   0.0394151
1080   330   0.0352013
1080   360   0.0341824
1080   390   0.0307808
1080   420   0.0280262
1080   450   0.0255218
1080   480   0.0228403
1080   495   0.0207409
1080   540   0.0167767
1080   585   0.0127024
1080   630   0.0081894
1080   660   0.0070958
1080   705   0.0039573
1080   750   0.0020818
1120.0   0.0   0.0559438
1120.0   690.0   0.0072463
1120   30   0.0535336
1120   60   0.0562073
1120   90   0.0530064
1120   120   0.0516262
1120   150   0.0506411
1120   180   0.0478495
1120   210   0.0477126
1120   240   0.0468116
1120   270   0.0424247
1120   300   0.0422572
1120   330   0.0397541
1120   360   0.0369726
1120   390   0.0340252
1120   420   0.0315870
1120   450   0.0276383
1120   480   0.0265491
1120   525   0.0218760
1120   570   0.0180651
1120   630   0.0128395
1120   660   0.0100800
1120   750   0.0040304
1160.0   240.0   0.0485905
1160.0   270.0   0.0458354
1160.0   300.0   0.0436161
1160.0   360.0   0.0406334
1160.0   390.0   0.0386943
1160.0   510.0   0.0276217
1160.0   540.0   0.0248615
1160.0   570.0   0.0207136
1160.0   630.0   0.0160215
1160.0   660.0   0.0135979
1160.0   690.0   0.0106444
1160   0   0.0586077
1160   30   0.0571162
1160   60   0.0561119
1160   90   0.0555671
1160   120   0.0546218
1160   150   0.0528717
1160   180   0.0500555
1160   210   0.0516816
1160   330   0.0429225
1160   420   0.0348110
1160   450   0.0332255
1160   480   0.0288410
1160   555   0.0225981
1160   600   0.0184073
1160   750   0.0056996
1200.0   600.0   0.0236950
1200.0   690.0   0.0139681
1200   15   0.0592420
1200   60   0.0580998
1200   105   0.0564636
1200   165   0.0543368
1200   180   0.0535212
1200   210   0.0526931
1200   240   0.0510453
1200   270   0.0474934
1200   300   0.0474180
1200   330   0.0452931
1200   360   0.0427228
1200   390   0.0413451
1200   420   0.0379623
1200   450   0.0366893
1200   480   0.0341939
1200   525   0.0298059
1200   570   0.0243003
1200   630   0.0201652
1200   645   0.0179541
1200   750   0.0084218
1240.0   90.0   0.0614180
1240.0   120.0   0.0594770
1240.0   210.0   0.0535382
1240.0   570.0   0.0299032
1240.0   600.0   0.0262352
1240.0   690.0   0.0176382
1240   0   0.0625246
1240   30   0.0626542
1240   60   0.0602839
1240   135   0.0577502
1240   180   0.0567898
1240   255   0.0532554
1240   300   0.0508396
1240   330   0.0485606
1240   360   0.0443807
1240   390   0.0440697
1240   420   0.0438454
1240   450   0.0411256
1240   480   0.0371494
1240   510   0.0346372
1240   540   0.0329721
1240   630   0.0236038
1240   660   0.0202710
1240   750   0.0119280
1280.0   450.0   0.0431030
1280.0   510.0   0.0390973
1280.0   540.0   0.0352383
1280.0   570.0   0.0324218
1280.0   600.0   0.0307145
1280.0   660.0   0.0241031
1280.0   690.0   0.0217525
1280   750   0.0162350
1280   0   0.0650515
1280   30   0.0646038
1280   60   0.0632451
1280   90   0.0637347
1280   120   0.0615011
1280   150   0.0588656
1280   180   0.0580299
1280   210   0.0557713
1280   240   0.0550191
1280   285   0.0527657
1280   330   0.0514806
1280   360   0.0504107
1280   405   0.0443596
1280   480   0.0416440
1280   630   0.0278082
1320.0   690.0   0.0254937
1320.0   210.0   0.0594631
1320.0   240.0   0.0592293
1320.0   270.0   0.0572563
1320.0   390.0   0.0497523
1320.0   420.0   0.0483479
1320.0   450.0   0.0460070
1320.0   570.0   0.0370183
1320.0   600.0   0.0353924
1320.0   630.0   0.0305571
1320.0   660.0   0.0291356
1320   750   0.0192512
1320   0   0.0673611
1320   30   0.0664624
1320   60   0.0640271
1320   90   0.0650726
1320   120   0.0628230
1320   150   0.0619373
1320   180   0.0605702
1320   300   0.0561116
1320   330   0.0526307
1320   360   0.0521568
1320   480   0.0430184
1320   510   0.0413580
1320   540   0.0394100
1360.0   660.0   0.0333793
1360.0   690.0   0.0301391
1360.0   0.0   0.0696113
1360.0   60.0   0.0661391
1360.0   90.0   0.0660604
1360.0   150.0   0.0658718
1360.0   210.0   0.0605097
1360.0   240.0   0.0606056
1360.0   300.0   0.0558932
1360.0   390.0   0.0524821
1360.0   450.0   0.0495041
1360.0   540.0   0.0417886
1360.0   570.0   0.0403686
1360.0   600.0   0.0383343
1360   750   0.0238839
1360   30   0.0681998
1360   105   0.0658580
1360   180   0.0636993
1360   255   0.0603844
1360   330   0.0559835
1360   360   0.0547400
1360   420   0.0502996
1360   510   0.0439848
1360   630   0.0350810
1400   615   0.0395285
1400   675   0.0363594
1400   15   0.0714585
1400   75   0.0685066
1400   135   0.0661085
1400   195   0.0650409
1400   255   0.0600306
1400   315   0.0595852
1400   375   0.0575116
1400   435   0.0532175
1400   495   0.0476262
1400   555   0.0436934
1440   570   0.0452928
1440   630   0.0419191
1440   690   0.0361659
1440   30   0.0719361
1440   90   0.0705837
1440   150   0.0684590
1440   210   0.0647179
1440   270   0.0617292
1440   330   0.0628896
1440   390   0.0578986
1440   450   0.0533316
1440   510   0.0498877
1480   525   0.0510901
1480   585   0.0464621
1480   645   0.0438581
1480   705   0.0392922
1480   45   0.0707503
1480   105   0.0708979
1480   165   0.0693312
1480   225   0.0662988
1480   285   0.0624196
1480   345   0.0610339
1480   405   0.0595324
1480   465   0.0557051
150.0   80.0   0.0000000
150.0   120.0   0.0000000
150.0   0.0   0.0000000
150.0   40.0   0.0000142
1520   495   0.0568534
1520   555   0.0512968
1520   615   0.0474580
1520   675   0.0440246
1520   15   0.0761280
1520   75   0.0741583
1520   135   0.0720237
1520   195   0.0683940
1520   255   0.0664538
1520   315   0.0632880
1520   375   0.0625982
1520   435   0.0601337
1560   450   0.0609247
1560   510   0.0565409
1560   570   0.0530198
1560   630   0.0499234
1560   690   0.0450234
1560   30   0.0744641
1560   90   0.0727056
1560   150   0.0716694
1560   210   0.0712290
1560   270   0.0677154
1560   330   0.0639522
1560   390   0.0629976
1600   435   0.0619724
1600   495   0.0594273
1600   555   0.0552415
1600   630   0.0541878
1600   705   0.0467276
1600   15   0.0772933
1600   75   0.0743701
1600   135   0.0745217
1600   195   0.0721718
1600   255   0.0706413
1600   315   0.0682939
1600   375   0.0653141
200.0   0.0   0.0000154
200.0   40.0   0.0000000
200.0   80.0   0.0000155
200.0   120.0   0.0000000
200.0   160.0   0.0000000
250.0   0.0   0.0000326
250.0   40.0   0.0000653
250.0   80.0   0.0000326
250.0   120.0   0.0000653
250.0   160.0   0.0000163
250.0   200.0   0.0000000
250.0   240.0   0.0000000
300.0   0.0   0.0003735
300.0   40.0   0.0002387
300.0   80.0   0.0001528
300.0   120.0   0.0001188
300.0   160.0   0.0000510
300.0   200.0   0.0000000
300.0   240.0   0.0000170
300.0   280.0   0.0000000
350.0   0.0   0.0006309
350.0   40.0   0.0005746
350.0   80.0   0.0005596
350.0   120.0   0.0003147
350.0   160.0   0.0001400
350.0   200.0   0.0000700
350.0   240.0   0.0000000
350.0   280.0   0.0000000
400.0   0.0   0.0014177
400.0   40.0   0.0014543
400.0   80.0   0.0007731
400.0   120.0   0.0006240
400.0   160.0   0.0006432
400.0   200.0   0.0001962
400.0   280.0   0.0000179
400   30   0.0014620
400   60   0.0011243
400   90   0.0010353
400   150   0.0004457
400   180   0.0004851
400   210   0.0002505
400   240   0.0001247
400   270   0.0000178
400   300   0.0000000
400   330   0.0000000
400   360   0.0000000
440   0   0.0028404
440   30   0.0026740
440   60   0.0020064
440   90   0.0016911
440   120   0.0011512
440   150   0.0009579
440   180   0.0005978
440   210   0.0004889
440   240   0.0002157
440   270   0.0001624
440   300   0.0001262
440   330   0.0000180
440   360   0.0000361
440   390   0.0000000
480   0   0.0038856
480   30   0.0040008
480   60   0.0035887
480   90   0.0027959
480   120   0.0022328
480   150   0.0017027
480   180   0.0013808
480   210   0.0011993
480   240   0.0006567
480   270   0.0004567
480   300   0.0002003
480   330   0.0000729
480   360   0.0001276
480   390   0.0000181
480   420   0.0000182
480   450   0.0000000
50.0   0.0   0.0000000
50.0   40.0   0.0000000
520   0   0.0057845
520   30   0.0057602
520   60   0.0055560
520   90   0.0043785
520   120   0.0036094
520   150   0.0029460
520   180   0.0020882
520   210   0.0015546
520   240   0.0007878
520   270   0.0007292
520   300   0.0004944
520   330   0.0002740
520   360   0.0000919
520   390   0.0000548
520   420   0.0000183
520   450   0.0000000
520   480   0.0000183
560   0   0.0088197
560   30   0.0087105
560   60   0.0079653
560   90   0.0064721
560   120   0.0054070
560   150   0.0049629
560   180   0.0038813
560   210   0.0021699
560   240   0.0023704
560   270   0.0012756
560   300   0.0011398
560   330   0.0006596
560   360   0.0002570
560   390   0.0000923
560   420   0.0001287
560   450   0.0000184
560   480   0.0000000
560   510   0.0000000
600   0   0.0114184
600   30   0.0115427
600   60   0.0099764
600   90   0.0098010
600   120   0.0083962
600   150   0.0070373
600   180   0.0056378
600   210   0.0039595
600   240   0.0029345
600   270   0.0020978
600   300   0.0016170
600   330   0.0008837
600   360   0.0006612
600   390   0.0004794
600   420   0.0001468
600   450   0.0000736
600   480   0.0000000
600   510   0.0000546
600   540   0.0000552
600   570   0.0000000
640   0   0.0141056
640   30   0.0144792
640   60   0.0131275
640   90   0.0120752
640   120   0.0102486
640   150   0.0094578
640   180   0.0081129
640   210   0.0062398
640   240   0.0052833
640   270   0.0040101
640   300   0.0029221
640   330   0.0020844
640   360   0.0014628
640   390   0.0007879
640   420   0.0004770
640   450   0.0003315
640   480   0.0000552
640   510   0.0000550
640   540   0.0000184
640   570   0.0000000
640   600   0.0000183
680.0   60.0   0.0166857
680.0   90.0   0.0152574
680.0   120.0   0.0145519
680.0   660.0   0.0000000
680   0   0.0185375
680   30   0.0176747
680   150   0.0125746
680   180   0.0097112
680   210   0.0090966
680   240   0.0073602
680   270   0.0056038
680   300   0.0044505
680   330   0.0035338
680   360   0.0021968
680   390   0.0015767
680   420   0.0010477
680   450   0.0004746
680   480   0.0002597
680   510   0.0000920
680   540   0.0000367
680   570   0.0000367
680   600   0.0000000
680   630   0.0000000
720.0   510.0   0.0003116
720.0   540.0   0.0001285
720.0   570.0   0.0000548
720.0   600.0   0.0000366
720.0   630.0   0.0000364
720.0   660.0   0.0000184
720.0   690.0   0.0000000
720   0   0.0208861
720   30   0.0217020
720   60   0.0206730
720   90   0.0183263
720   120   0.0178910
720   150   0.0157970
720   180   0.0135537
720   210   0.0122021
720   240   0.0104077
720   270   0.0077068
720   300   0.0063969
720   330   0.0048521
720   360   0.0039330
720   390   0.0030133
720   420   0.0016488
720   450   0.0011508
720   480   0.0007495
760.0   180.0   0.0177190
760.0   210.0   0.0158469
760.0   630.0   0.0000366
760.0   660.0   0.0000184
760.0   690.0   0.0000000
760   0   0.0246374
760   30   0.0246551
760   60   0.0242744
760   90   0.0235558
760   120   0.0210578
760   150   0.0196556
760   240   0.0136589
760   285   0.0099355
760   330   0.0069055
760   375   0.0051266
760   420   0.0027672
760   465   0.0014971
760   510   0.0007658
760   555   0.0004909
760   600   0.0000366
760   645   0.0000366
800.0   180.0   0.0206116
800.0   540.0   0.0009075
800.0   570.0   0.0005293
800.0   600.0   0.0004531
800.0   630.0   0.0000546
800.0   660.0   0.0000733
800.0   690.0   0.0000000
800   0   0.0288649
800   30   0.0292115
800   60   0.0273153
800   90   0.0263632
800   120   0.0255541
800   150   0.0238165
800   210   0.0182977
800   240   0.0163106
800   270   0.0143408
800   300   0.0118874
800   330   0.0100870
800   360   0.0083614
800   390   0.0059087
800   420   0.0044814
800   450   0.0030474
800   480   0.0022726
800   510   0.0014963
840.0   120.0   0.0279393
840.0   150.0   0.0274792
840.0   210.0   0.0218538
840.0   240.0   0.0211560
840.0   690.0   0.0001086
840   0   0.0334803
840   30   0.0313280
840   60   0.0319194
840   90   0.0310757
840   180   0.0245415
840   270   0.0184707
840   300   0.0149378
840   330   0.0134256
840   360   0.0104386
840   390   0.0083000
840   420   0.0072510
840   450   0.0057181
840   480   0.0034040
840   510   0.0025187
840   525   0.0019761
840   540   0.0016317
840   570   0.0009989
840   600   0.0005594
840   630   0.0002536
840   660   0.0001266
880.0   210.0   0.0263044
880.0   270.0   0.0216960
880.0   300.0   0.0197589
880.0   330.0   0.0162704
880.0   480.0   0.0058275
880.0   510.0   0.0044482
880.0   570.0   0.0017478
880.0   690.0   0.0001262
880   0   0.0367861
880   30   0.0360924
880   60   0.0339894
880   90   0.0325422
880   120   0.0326580
880   150   0.0293041
880   180   0.0288032
880   240   0.0235751
880   360   0.0140394
880   390   0.0119800
880   420   0.0093306
880   450   0.0072033
880   540   0.0028476
880   600   0.0012300
880   630   0.0005935
880   660   0.0003969
880   720   0.0000721
920.0   600.0   0.0021756
920   0   0.0397471
920   30   0.0384918
920   60   0.0385064
920   90   0.0367909
920   120   0.0360417
920   150   0.0343875
920   180   0.0329065
920   210   0.0306495
920   240   0.0280463
920   270   0.0248497
920   300   0.0237709
920   330   0.0196418
920   360   0.0185480
920   390   0.0156211
920   420   0.0132052
920   450   0.0098665
920   480   0.0080019
920   525   0.0052187
920   570   0.0034036
920   630   0.0013773
920   675   0.0007159
920   705   0.0003417
920   750   0.0000540
960.0   510.0   0.0083560
960.0   600.0   0.0035309
960.0   630.0   0.0025153
960.0   660.0   0.0018649
960.0   690.0   0.0011357
960   0   0.0441449
960   30   0.0434984
960   60   0.0419224
960   90   0.0393940
960   120   0.0405258
960   150   0.0377793
960   180   0.0361585
960   210   0.0337125
960   240   0.0313668
960   270   0.0292463
960   300   0.0272504
960   330   0.0242402
960   360   0.0210502
960   390   0.0187669
960   420   0.0168628
960   450   0.0141031
960   540   0.0068567
960   570   0.0050957
960   675   0.0014219
960   720   0.0006599
960   750   0.0002322
