100.0   0.0   0.0000000
100.0   40.0   0.0000000
100.0   80.0   0.0000000
1000   0   0.0133201
1000   30   0.0136960
1000   60   0.0118352
1000   90   0.0129475
1000   120   0.0122463
1000   150   0.0116318
1000   180   0.0109558
1000   210   0.0105019
1000   240   0.0095098
1000   270   0.0092609
1000   300   0.0086720
1000   330   0.0084504
1000   360   0.0072694
1000   390   0.0063099
1000   420   0.0061506
1000   450   0.0053386
1000   480   0.0045871
1000   510   0.0039524
1000   540   0.0031589
1000   570   0.0028242
1000   600   0.0023044
1000   630   0.0018407
1000   660   0.0013982
1000   690   0.0008534
1000   720   0.0006367
1040   0   0.0142514
1040   30   0.0140927
1040   60   0.0138312
1040   90   0.0128985
1040   120   0.0125387
1040   150   0.0122831
1040   180   0.0117711
1040   210   0.0122802
1040   240   0.0102433
1040   270   0.0102742
1040   300   0.0099658
1040   330   0.0079166
1040   360   0.0077211
1040   390   0.0075342
1040   420   0.0067389
1040   450   0.0067358
1040   480   0.0052956
1040   510   0.0041841
1040   540   0.0039291
1040   570   0.0034862
1040   600   0.0029781
1040   630   0.0023270
1040   660   0.0016223
1040   690   0.0014062
1040   720   0.0008271
1080.0   510.0   0.0063655
1080   0   0.0159811
1080   30   0.0157428
1080   60   0.0144769
1080   90   0.0135242
1080   120   0.0142347
1080   150   0.0123076
1080   180   0.0125804
1080   210   0.0121073
1080   240   0.0107894
1080   270   0.0100479
1080   300   0.0107273
1080   330   0.0093133
1080   360   0.0092541
1080   390   0.0090018
1080   420   0.0075415
1080   450   0.0067825
1080   480   0.0067291
1080   495   0.0060662
1080   540   0.0045707
1080   585   0.0039246
1080   630   0.0034269
1080   660   0.0024353
1080   705   0.0017412
1080   750   0.0011196
1120.0   0.0   0.0163590
1120.0   690.0   0.0025667
1120   30   0.0158187
1120   60   0.0156595
1120   90   0.0149710
1120   120   0.0143793
1120   150   0.0131880
1120   180   0.0127818
1120   210   0.0126252
1120   240   0.0120990
1120   270   0.0115577
1120   300   0.0102774
1120   330   0.0098422
1120   360   0.0102479
1120   390   0.0100208
1120   420   0.0089726
1120   450   0.0084600
1120   480   0.0067027
1120   525   0.0062080
1120   570   0.0052385
1120   630   0.0038327
1120   660   0.0031229
1120   750   0.0015288
1160.0   240.0   0.0122988
1160.0   270.0   0.0128782
1160.0   300.0   0.0114843
1160.0   360.0   0.0103785
1160.0   390.0   0.0094351
1160.0   510.0   0.0073577
1160.0   540.0   0.0067694
1160.0   570.0   0.0061085
1160.0   630.0   0.0047285
1160.0   660.0   0.0041174
1160.0   690.0   0.0031276
1160   0   0.0160233
1160   30   0.0159482
1160   60   0.0148064
1160   90   0.0149311
1160   120   0.0143623
1160   150   0.0140473
1160   180   0.0130127
1160   210   0.0128250
1160   330   0.0106353
1160   420   0.0090353
1160   450   0.0084020
1160   480   0.0077209
1160   555   0.0062405
1160   600   0.0059042
1160   750   0.0022175
1200.0   600.0   0.0062201
1200.0   690.0   0.0046331
1200   15   0.0167786
1200   60   0.0165654
1200   105   0.0157975
1200   165   0.0143444
1200   180   0.0140573
1200   210   0.0140377
1200   240   0.0127742
1200   270   0.0127834
1200   300   0.0119923
1200   330   0.0116207
1200   360   0.0116987
1200   390   0.0099781
1200   420   0.0092499
1200   450   0.0097494
1200   480   0.0087721
1200   525   0.0070975
1200   570   0.0066929
1200   630   0.0056435
1200   645   0.0047900
1200   750   0.0030782
1240.0   90.0   0.0160979
1240.0   120.0   0.0161513
1240.0   210.0   0.0137904
1240.0   570.0   0.0072399
1240.0   600.0   0.0068968
1240.0   690.0   0.0051008
1240   0   0.0168533
1240   30   0.0166016
1240   60   0.0166484
1240   135   0.0153909
1240   180   0.0143772
1240   255   0.0142529
1240   300   0.0129108
1240   330   0.0115800
1240   360   0.0111037
1240   390   0.0104578
1240   420   0.0108032
1240   450   0.0100123
1240   480   0.0095259
1240   510   0.0096586
1240   540   0.0087960
1240   630   0.0063047
1240   660   0.0059167
1240   750   0.0041585
1280.0   450.0   0.0108141
1280.0   510.0   0.0098976
1280.0   540.0   0.0088563
1280.0   570.0   0.0082328
1280.0   600.0   0.0079725
1280.0   660.0   0.0062753
1280.0   690.0   0.0056553
1280   750   0.0041183
1280   0   0.0175783
1280   30   0.0169322
1280   60   0.0173733
1280   90   0.0166604
1280   120   0.0162552
1280   150   0.0154829
1280   180   0.0153953
1280   210   0.0138449
1280   240   0.0142034
1280   285   0.0123715
1280   330   0.0122646
1280   360   0.0115312
1280   405   0.0114477
1280   480   0.0098756
1280   630   0.0072127
1320.0   690.0   0.0074505
1320.0   210.0   0.0146668
1320.0   240.0   0.0138309
1320.0   270.0   0.0138095
1320.0   390.0   0.0121042
1320.0   420.0   0.0111325
1320.0   450.0   0.0115144
1320.0   570.0   0.0091026
1320.0   600.0   0.0087420
1320.0   630.0   0.0072731
1320.0   660.0   0.0077288
1320   750   0.0054714
1320   0   0.0192123
1320   30   0.0178723
1320   60   0.0175539
1320   90   0.0164338
1320   120   0.0165868
1320   150   0.0167047
1320   180   0.0154554
1320   300   0.0136940
1320   330   0.0130898
1320   360   0.0126569
1320   480   0.0107461
1320   510   0.0102338
1320   540   0.0097426
1360.0   660.0   0.0085972
1360.0   690.0   0.0071232
1360.0   0.0   0.0180380
1360.0   60.0   0.0169665
1360.0   90.0   0.0176016
1360.0   150.0   0.0166244
1360.0   210.0   0.0157131
1360.0   240.0   0.0140712
1360.0   300.0   0.0135662
1360.0   390.0   0.0136457
1360.0   450.0   0.0110252
1360.0   540.0   0.0096189
1360.0   570.0   0.0090473
1360.0   600.0   0.0093064
1360   750   0.0057946
1360   30   0.0183065
1360   105   0.0172394
1360   180   0.0156266
1360   255   0.0144302
1360   330   0.0140253
1360   360   0.0121775
1360   420   0.0127432
1360   510   0.0109920
1360   630   0.0080118
1400   615   0.0098152
1400   675   0.0089054
1400   15   0.0180198
1400   75   0.0169892
1400   135   0.0164106
1400   195   0.0155003
1400   255   0.0146834
1400   315   0.0133821
1400   375   0.0134382
1400   435   0.0127595
1400   495   0.0115463
1400   555   0.0106610
1440   570   0.0099930
1440   630   0.0101602
1440   690   0.0087183
1440   30   0.0186772
1440   90   0.0179984
1440   150   0.0166791
1440   210   0.0155947
1440   270   0.0149219
1440   330   0.0137981
1440   390   0.0131173
1440   450   0.0124385
1440   510   0.0118529
1480   525   0.0121211
1480   585   0.0107525
1480   645   0.0091968
1480   705   0.0095802
1480   45   0.0187421
1480   105   0.0178527
1480   165   0.0166329
1480   225   0.0159611
1480   285   0.0150645
1480   345   0.0139856
1480   405   0.0136178
1480   465   0.0132081
150.0   80.0   0.0000142
150.0   120.0   0.0000000
150.0   0.0   0.0000000
150.0   40.0   0.0000000
1520   495   0.0122625
1520   555   0.0114995
1520   615   0.0105609
1520   675   0.0098070
1520   15   0.0205396
1520   75   0.0192647
1520   135   0.0161864
1520   195   0.0170657
1520   255   0.0151314
1520   315   0.0145595
1520   375   0.0137925
1520   435   0.0123578
1560   450   0.0134175
1560   510   0.0132980
1560   570   0.0121086
1560   630   0.0111249
1560   690   0.0103196
1560   30   0.0199730
1560   90   0.0181560
1560   150   0.0165128
1560   210   0.0168486
1560   270   0.0156492
1560   330   0.0152446
1560   390   0.0136211
1600   435   0.0145874
1600   495   0.0132961
1600   555   0.0120034
1600   630   0.0111287
1600   705   0.0093198
1600   15   0.0194127
1600   75   0.0188977
1600   135   0.0175909
1600   195   0.0167200
1600   255   0.0163780
1600   315   0.0158846
1600   375   0.0144801
200.0   0.0   0.0000000
200.0   40.0   0.0000000
200.0   80.0   0.0000155
200.0   120.0   0.0000000
200.0   160.0   0.0000000
250.0   0.0   0.0000163
250.0   40.0   0.0000163
250.0   80.0   0.0000163
250.0   120.0   0.0000000
250.0   160.0   0.0000000
250.0   200.0   0.0000000
250.0   240.0   0.0000000
300.0   0.0   0.0001358
300.0   40.0   0.0000852
300.0   80.0   0.0000509
300.0   120.0   0.0000679
300.0   160.0   0.0000170
300.0   200.0   0.0000170
300.0   240.0   0.0000000
300.0   280.0   0.0000000
350.0   0.0   0.0003855
350.0   40.0   0.0004353
350.0   80.0   0.0001924
350.0   120.0   0.0000874
350.0   160.0   0.0000700
350.0   200.0   0.0000700
350.0   240.0   0.0000000
350.0   280.0   0.0000000
400.0   0.0   0.0007717
400.0   40.0   0.0005207
400.0   80.0   0.0003236
400.0   120.0   0.0003209
400.0   160.0   0.0002144
400.0   200.0   0.0000892
400.0   280.0   0.0000000
400   30   0.0006062
400   60   0.0003391
400   90   0.0002856
400   150   0.0002139
400   180   0.0002515
400   210   0.0001431
400   240   0.0000356
400   270   0.0000178
400   300   0.0000000
400   330   0.0000000
400   360   0.0000000
440   0   0.0010855
440   30   0.0009395
440   60   0.0008134
440   90   0.0006657
440   120   0.0006296
440   150   0.0002711
440   180   0.0003985
440   210   0.0001630
440   240   0.0002336
440   270   0.0000541
440   300   0.0000361
440   330   0.0000000
440   360   0.0000180
440   390   0.0000000
480   0   0.0015070
480   30   0.0012548
480   60   0.0012267
480   90   0.0011801
480   120   0.0011073
480   150   0.0008788
480   180   0.0006359
480   210   0.0003816
480   240   0.0002371
480   270   0.0001827
480   300   0.0000910
480   330   0.0000364
480   360   0.0000000
480   390   0.0000181
480   420   0.0000000
480   450   0.0000000
50.0   0.0   0.0000000
50.0   40.0   0.0000000
520   0   0.0019833
520   30   0.0021761
520   60   0.0022737
520   90   0.0016854
520   120   0.0014841
520   150   0.0012366
520   180   0.0009159
520   210   0.0008048
520   240   0.0004763
520   270   0.0004193
520   300   0.0003296
520   330   0.0001279
520   360   0.0000184
520   390   0.0000731
520   420   0.0000000
520   450   0.0000183
520   480   0.0000000
560   0   0.0029891
560   30   0.0029770
560   60   0.0027777
560   90   0.0023903
560   120   0.0019561
560   150   0.0020035
560   180   0.0014829
560   210   0.0011217
560   240   0.0008452
560   270   0.0006560
560   300   0.0003677
560   330   0.0001832
560   360   0.0002203
560   390   0.0000185
560   420   0.0000368
560   450   0.0000184
560   480   0.0000000
560   510   0.0000000
600   0   0.0040505
600   30   0.0038108
600   60   0.0037988
600   90   0.0036430
600   120   0.0034800
600   150   0.0024254
600   180   0.0017262
600   210   0.0016759
600   240   0.0011371
600   270   0.0008649
600   300   0.0006982
600   330   0.0005892
600   360   0.0001653
600   390   0.0002397
600   420   0.0001835
600   450   0.0000920
600   480   0.0000000
600   510   0.0000182
600   540   0.0000000
600   570   0.0000000
640   0   0.0045972
640   30   0.0044339
640   60   0.0044491
640   90   0.0039883
640   120   0.0034162
640   150   0.0031526
640   180   0.0022210
640   210   0.0022707
640   240   0.0021354
640   270   0.0013428
640   300   0.0012497
640   330   0.0008854
640   360   0.0005120
640   390   0.0002749
640   420   0.0002018
640   450   0.0001473
640   480   0.0000737
640   510   0.0000000
640   540   0.0000000
640   570   0.0000000
640   600   0.0000000
680.0   60.0   0.0051567
680.0   90.0   0.0049816
680.0   120.0   0.0046853
680.0   660.0   0.0000000
680   0   0.0056546
680   30   0.0058058
680   150   0.0039330
680   180   0.0041593
680   210   0.0033446
680   240   0.0022265
680   270   0.0023807
680   300   0.0020696
680   330   0.0014540
680   360   0.0009599
680   390   0.0006600
680   420   0.0003492
680   450   0.0003651
680   480   0.0001113
680   510   0.0000368
680   540   0.0000183
680   570   0.0000000
680   600   0.0000000
680   630   0.0000000
720.0   510.0   0.0001649
720.0   540.0   0.0000918
720.0   570.0   0.0000000
720.0   600.0   0.0000183
720.0   630.0   0.0000182
720.0   660.0   0.0000000
720.0   690.0   0.0000000
720   0   0.0068398
720   30   0.0058987
720   60   0.0061485
720   90   0.0055473
720   120   0.0061414
720   150   0.0051377
720   180   0.0041690
720   210   0.0043304
720   240   0.0038113
720   270   0.0029106
720   300   0.0023692
720   330   0.0020690
720   360   0.0012256
720   390   0.0010657
720   420   0.0009343
720   450   0.0004932
720   480   0.0004753
760.0   180.0   0.0049006
760.0   210.0   0.0050754
760.0   630.0   0.0000366
760.0   660.0   0.0000000
760.0   690.0   0.0000000
760   0   0.0083096
760   30   0.0074166
760   60   0.0070686
760   90   0.0070430
760   120   0.0065521
760   150   0.0054904
760   240   0.0041451
760   285   0.0034637
760   330   0.0022288
760   375   0.0021088
760   420   0.0011651
760   465   0.0004930
760   510   0.0002735
760   555   0.0002545
760   600   0.0000366
760   645   0.0000000
800.0   180.0   0.0062763
800.0   540.0   0.0003267
800.0   570.0   0.0003285
800.0   600.0   0.0001631
800.0   630.0   0.0000910
800.0   660.0   0.0000367
800.0   690.0   0.0000000
800   0   0.0087215
800   30   0.0089867
800   60   0.0083977
800   90   0.0074465
800   120   0.0080563
800   150   0.0069791
800   210   0.0059349
800   240   0.0056558
800   270   0.0049501
800   300   0.0039929
800   330   0.0037393
800   360   0.0028657
800   390   0.0021519
800   420   0.0019310
800   450   0.0015963
800   480   0.0012726
800   510   0.0007572
840.0   120.0   0.0080267
840.0   150.0   0.0084995
840.0   210.0   0.0072006
840.0   240.0   0.0059927
840.0   690.0   0.0000362
840   0   0.0101802
840   30   0.0102015
840   60   0.0098985
840   90   0.0094382
840   180   0.0075094
840   270   0.0057472
840   300   0.0045643
840   330   0.0044873
840   360   0.0038942
840   390   0.0031215
840   420   0.0024891
840   450   0.0023886
840   480   0.0014123
840   510   0.0011416
840   525   0.0009609
840   540   0.0008703
840   570   0.0006357
840   600   0.0002887
840   630   0.0000906
840   660   0.0001266
880.0   210.0   0.0082676
880.0   270.0   0.0070156
880.0   300.0   0.0059728
880.0   330.0   0.0049386
880.0   480.0   0.0022951
880.0   510.0   0.0019990
880.0   570.0   0.0008288
880.0   690.0   0.0001082
880   0   0.0107203
880   30   0.0108924
880   60   0.0100770
880   90   0.0094787
880   120   0.0097795
880   150   0.0093493
880   180   0.0081314
880   240   0.0073245
880   360   0.0050398
880   390   0.0042208
880   420   0.0037106
880   450   0.0029247
880   540   0.0012515
880   600   0.0004884
880   630   0.0005036
880   660   0.0001804
880   720   0.0001262
920.0   600.0   0.0012406
920   0   0.0118937
920   30   0.0116387
920   60   0.0116344
920   90   0.0106934
920   120   0.0102008
920   150   0.0106015
920   180   0.0094706
920   210   0.0091787
920   240   0.0076834
920   270   0.0071561
920   300   0.0069064
920   330   0.0063211
920   360   0.0059561
920   390   0.0044299
920   420   0.0043658
920   450   0.0032290
920   480   0.0032833
920   525   0.0021195
920   570   0.0015047
920   630   0.0006082
920   675   0.0002148
920   705   0.0002338
920   750   0.0001080
960.0   510.0   0.0035990
960.0   600.0   0.0013731
960.0   630.0   0.0011774
960.0   660.0   0.0005683
960.0   690.0   0.0004969
960   0   0.0123170
960   30   0.0124128
960   60   0.0118988
960   90   0.0119980
960   120   0.0112730
960   150   0.0108426
960   180   0.0100005
960   210   0.0100727
960   240   0.0086823
960   270   0.0084943
960   300   0.0072644
960   330   0.0070782
960   360   0.0065328
960   390   0.0059226
960   420   0.0052718
960   450   0.0042915
960   540   0.0022737
960   570   0.0021813
960   675   0.0005688
960   720   0.0004816
960   750   0.0001964
