100.0   0.0   0.0000000
100.0   40.0   0.0000000
100.0   80.0   0.0000000
1000   0   0.0177955
1000   30   0.0166942
1000   60   0.0168137
1000   90   0.0156011
1000   120   0.0158086
1000   150   0.0158342
1000   180   0.0142478
1000   210   0.0138258
1000   240   0.0130760
1000   270   0.0126012
1000   300   0.0114505
1000   330   0.0113441
1000   360   0.0092858
1000   390   0.0086984
1000   420   0.0072705
1000   450   0.0061844
1000   480   0.0057961
1000   510   0.0045727
1000   540   0.0033541
1000   570   0.0029840
1000   600   0.0021981
1000   630   0.0013983
1000   660   0.0009557
1000   690   0.0006934
1000   720   0.0004598
1040   0   0.0188373
1040   30   0.0180309
1040   60   0.0181998
1040   90   0.0167380
1040   120   0.0160808
1040   150   0.0167353
1040   180   0.0157596
1040   210   0.0153547
1040   240   0.0144394
1040   270   0.0130939
1040   300   0.0129767
1040   330   0.0128468
1040   360   0.0100534
1040   390   0.0097698
1040   420   0.0081540
1040   450   0.0075469
1040   480   0.0068387
1040   510   0.0054675
1040   540   0.0047396
1040   570   0.0038015
1040   600   0.0032248
1040   630   0.0024504
1040   660   0.0016928
1040   690   0.0012656
1040   720   0.0006863
1080.0   510.0   0.0071020
1080   0   0.0206897
1080   30   0.0188313
1080   60   0.0188570
1080   90   0.0177516
1080   120   0.0166684
1080   150   0.0177952
1080   180   0.0168676
1080   210   0.0164925
1080   240   0.0162277
1080   270   0.0139583
1080   300   0.0142390
1080   330   0.0128036
1080   360   0.0121755
1080   390   0.0112216
1080   420   0.0100845
1080   450   0.0098067
1080   480   0.0084158
1080   495   0.0081526
1080   540   0.0064270
1080   585   0.0046780
1080   630   0.0034093
1080   660   0.0025230
1080   705   0.0014774
1080   750   0.0007698
1120.0   0.0   0.0213657
1120.0   690.0   0.0028287
1120   30   0.0198993
1120   60   0.0195179
1120   90   0.0198166
1120   120   0.0181267
1120   150   0.0186306
1120   180   0.0181235
1120   210   0.0165354
1120   240   0.0169385
1120   270   0.0165858
1120   300   0.0153204
1120   330   0.0139752
1120   360   0.0135015
1120   390   0.0125522
1120   420   0.0117079
1120   450   0.0112742
1120   480   0.0092686
1120   525   0.0082078
1120   570   0.0066830
1120   630   0.0043031
1120   660   0.0038516
1120   750   0.0015114
1160.0   240.0   0.0177918
1160.0   270.0   0.0171363
1160.0   300.0   0.0152431
1160.0   360.0   0.0147821
1160.0   390.0   0.0139792
1160.0   510.0   0.0097754
1160.0   540.0   0.0099204
1160.0   570.0   0.0086177
1160.0   630.0   0.0060449
1160.0   660.0   0.0055014
1160.0   690.0   0.0046828
1160   0   0.0215431
1160   30   0.0207050
1160   60   0.0205490
1160   90   0.0202141
1160   120   0.0189589
1160   150   0.0198182
1160   180   0.0182872
1160   210   0.0178578
1160   330   0.0164727
1160   420   0.0132161
1160   450   0.0123856
1160   480   0.0104562
1160   555   0.0084308
1160   600   0.0070503
1160   750   0.0021655
1200.0   600.0   0.0090553
1200.0   690.0   0.0048053
1200   15   0.0226529
1200   60   0.0226049
1200   105   0.0204358
1200   165   0.0209582
1200   180   0.0198527
1200   210   0.0195255
1200   240   0.0182759
1200   270   0.0180106
1200   300   0.0173510
1200   330   0.0165345
1200   360   0.0151497
1200   390   0.0147772
1200   420   0.0149064
1200   450   0.0132805
1200   480   0.0123153
1200   525   0.0106894
1200   570   0.0097132
1200   630   0.0078975
1200   645   0.0065820
1200   750   0.0034759
1240.0   90.0   0.0219423
1240.0   120.0   0.0211773
1240.0   210.0   0.0205916
1240.0   570.0   0.0109971
1240.0   600.0   0.0099772
1240.0   690.0   0.0067324
1240   0   0.0228527
1240   30   0.0227865
1240   60   0.0217063
1240   135   0.0220090
1240   180   0.0205559
1240   255   0.0187809
1240   300   0.0174425
1240   330   0.0177548
1240   360   0.0178172
1240   390   0.0157892
1240   420   0.0150425
1240   450   0.0144204
1240   480   0.0138714
1240   510   0.0138446
1240   540   0.0119166
1240   630   0.0087097
1240   660   0.0077002
1240   750   0.0045350
1280.0   450.0   0.0165964
1280.0   510.0   0.0147444
1280.0   540.0   0.0131060
1280.0   570.0   0.0121879
1280.0   600.0   0.0116180
1280.0   660.0   0.0091000
1280.0   690.0   0.0075120
1280   750   0.0059903
1280   0   0.0237366
1280   30   0.0238613
1280   60   0.0227073
1280   90   0.0226446
1280   120   0.0222404
1280   150   0.0212230
1280   180   0.0210539
1280   210   0.0214400
1280   240   0.0205104
1280   285   0.0193219
1280   330   0.0185248
1280   360   0.0179941
1280   405   0.0174951
1280   480   0.0145159
1280   630   0.0101183
1320.0   690.0   0.0093426
1320.0   210.0   0.0210856
1320.0   240.0   0.0213719
1320.0   270.0   0.0210590
1320.0   390.0   0.0181901
1320.0   420.0   0.0180080
1320.0   450.0   0.0169517
1320.0   570.0   0.0133246
1320.0   600.0   0.0123746
1320.0   630.0   0.0117346
1320.0   660.0   0.0109831
1320   750   0.0070926
1320   0   0.0250198
1320   30   0.0232881
1320   60   0.0242315
1320   90   0.0222630
1320   120   0.0226014
1320   150   0.0224305
1320   180   0.0213737
1320   300   0.0195773
1320   330   0.0188282
1320   360   0.0185522
1320   480   0.0157723
1320   510   0.0149193
1320   540   0.0149014
1360.0   660.0   0.0120293
1360.0   690.0   0.0111552
1360.0   0.0   0.0244153
1360.0   60.0   0.0231696
1360.0   90.0   0.0239609
1360.0   150.0   0.0224421
1360.0   210.0   0.0227413
1360.0   240.0   0.0209640
1360.0   300.0   0.0206514
1360.0   390.0   0.0190905
1360.0   450.0   0.0172006
1360.0   540.0   0.0153533
1360.0   570.0   0.0151403
1360.0   600.0   0.0138420
1360   750   0.0095401
1360   30   0.0239716
1360   105   0.0243931
1360   180   0.0217596
1360   255   0.0216116
1360   330   0.0206512
1360   360   0.0194000
1360   420   0.0189718
1360   510   0.0161339
1360   630   0.0122524
1400   615   0.0152997
1400   675   0.0128801
1400   15   0.0243956
1400   75   0.0251507
1400   135   0.0223191
1400   195   0.0238517
1400   255   0.0221498
1400   315   0.0215915
1400   375   0.0204567
1400   435   0.0186110
1400   495   0.0185008
1400   555   0.0167244
1440   570   0.0170596
1440   630   0.0157882
1440   690   0.0140885
1440   30   0.0260816
1440   90   0.0246006
1440   150   0.0250104
1440   210   0.0232759
1440   270   0.0224078
1440   330   0.0225259
1440   390   0.0210208
1440   450   0.0199414
1440   510   0.0188854
1480   525   0.0182394
1480   585   0.0182842
1480   645   0.0162016
1480   705   0.0142716
1480   45   0.0264507
1480   105   0.0245040
1480   165   0.0249823
1480   225   0.0234393
1480   285   0.0222585
1480   345   0.0228629
1480   405   0.0209872
1480   465   0.0196965
150.0   80.0   0.0000000
150.0   120.0   0.0000000
150.0   0.0   0.0000000
150.0   40.0   0.0000142
1520   495   0.0193446
1520   555   0.0185535
1520   615   0.0182175
1520   675   0.0163121
1520   15   0.0258635
1520   75   0.0259224
1520   135   0.0244525
1520   195   0.0236130
1520   255   0.0233194
1520   315   0.0229706
1520   375   0.0230530
1520   435   0.0208313
1560   450   0.0215201
1560   510   0.0210525
1560   570   0.0188319
1560   630   0.0180799
1560   690   0.0175809
1560   30   0.0254660
1560   90   0.0255228
1560   150   0.0248994
1560   210   0.0252323
1560   270   0.0248757
1560   330   0.0237247
1560   390   0.0221992
1600   435   0.0219297
1600   495   0.0214684
1600   555   0.0202222
1600   630   0.0193944
1600   705   0.0178186
1600   15   0.0264039
1600   75   0.0256364
1600   135   0.0252250
1600   195   0.0242358
1600   255   0.0246725
1600   315   0.0244739
1600   375   0.0231520
200.0   0.0   0.0000000
200.0   40.0   0.0000000
200.0   80.0   0.0000155
200.0   120.0   0.0000000
200.0   160.0   0.0000000
250.0   0.0   0.0000489
250.0   40.0   0.0000163
250.0   80.0   0.0000000
250.0   120.0   0.0000000
250.0   160.0   0.0000000
250.0   200.0   0.0000000
250.0   240.0   0.0000000
300.0   0.0   0.0001698
300.0   40.0   0.0000511
300.0   80.0   0.0000679
300.0   120.0   0.0000679
300.0   160.0   0.0000850
300.0   200.0   0.0000170
300.0   240.0   0.0000000
300.0   280.0   0.0000000
350.0   0.0   0.0002103
350.0   40.0   0.0001045
350.0   80.0   0.0003323
350.0   120.0   0.0000699
350.0   160.0   0.0000875
350.0   200.0   0.0000875
350.0   240.0   0.0000175
350.0   280.0   0.0000000
400.0   0.0   0.0006461
400.0   40.0   0.0005745
400.0   80.0   0.0002877
400.0   120.0   0.0001426
400.0   160.0   0.0000893
400.0   200.0   0.0001427
400.0   280.0   0.0000179
400   30   0.0005349
400   60   0.0004997
400   90   0.0003213
400   150   0.0001248
400   180   0.0001078
400   210   0.0000716
400   240   0.0000713
400   270   0.0000711
400   300   0.0000000
400   330   0.0000000
400   360   0.0000000
440   0   0.0010493
440   30   0.0007769
440   60   0.0006326
440   90   0.0006477
440   120   0.0004137
440   150   0.0003976
440   180   0.0002355
440   210   0.0001630
440   240   0.0000899
440   270   0.0000180
440   300   0.0000361
440   330   0.0000000
440   360   0.0000000
440   390   0.0000181
480   0   0.0014889
480   30   0.0011821
480   60   0.0012451
480   90   0.0009622
480   120   0.0007987
480   150   0.0005676
480   180   0.0004542
480   210   0.0003271
480   240   0.0002007
480   270   0.0001096
480   300   0.0000728
480   330   0.0000364
480   360   0.0000182
480   390   0.0000000
480   420   0.0000000
480   450   0.0000000
50.0   0.0   0.0000000
50.0   40.0   0.0000000
520   0   0.0024607
520   30   0.0025052
520   60   0.0020537
520   90   0.0016671
520   120   0.0013558
520   150   0.0010911
520   180   0.0008792
520   210   0.0008048
520   240   0.0003847
520   270   0.0002735
520   300   0.0001282
520   330   0.0000365
520   360   0.0000184
520   390   0.0000365
520   420   0.0000000
520   450   0.0000000
520   480   0.0000000
560   0   0.0033950
560   30   0.0033445
560   60   0.0025570
560   90   0.0026477
560   120   0.0019930
560   150   0.0018749
560   180   0.0012999
560   210   0.0010298
560   240   0.0005696
560   270   0.0005649
560   300   0.0003125
560   330   0.0002748
560   360   0.0000918
560   390   0.0000738
560   420   0.0000919
560   450   0.0000000
560   480   0.0000000
560   510   0.0000000
600   0   0.0038306
600   30   0.0040317
600   60   0.0038357
600   90   0.0033471
600   120   0.0030749
600   150   0.0024989
600   180   0.0019833
600   210   0.0014180
600   240   0.0010821
600   270   0.0010857
600   300   0.0006431
600   330   0.0003498
600   360   0.0002388
600   390   0.0001291
600   420   0.0000367
600   450   0.0000368
600   480   0.0000367
600   510   0.0000000
600   540   0.0000000
600   570   0.0000000
640   0   0.0053173
640   30   0.0050226
640   60   0.0045589
640   90   0.0042640
640   120   0.0039148
640   150   0.0030976
640   180   0.0026248
640   210   0.0024369
640   240   0.0019145
640   270   0.0013060
640   300   0.0011211
640   330   0.0006825
640   360   0.0004389
640   390   0.0002199
640   420   0.0001468
640   450   0.0000553
640   480   0.0000184
640   510   0.0000183
640   540   0.0000184
640   570   0.0000000
640   600   0.0000000
680.0   60.0   0.0065012
680.0   90.0   0.0059559
680.0   120.0   0.0052732
680.0   660.0   0.0000000
680   0   0.0067892
680   30   0.0066510
680   150   0.0042838
680   180   0.0040860
680   210   0.0036570
680   240   0.0027785
680   270   0.0020877
680   300   0.0016117
680   330   0.0010859
680   360   0.0009784
680   390   0.0005134
680   420   0.0002757
680   450   0.0002738
680   480   0.0001113
680   510   0.0000552
680   540   0.0000183
680   570   0.0000000
680   600   0.0000000
680   630   0.0000000
720.0   510.0   0.0000550
720.0   540.0   0.0000367
720.0   570.0   0.0000183
720.0   600.0   0.0000183
720.0   630.0   0.0000182
720.0   660.0   0.0000184
720.0   690.0   0.0000000
720   0   0.0085451
720   30   0.0076628
720   60   0.0075660
720   90   0.0071950
720   120   0.0059391
720   150   0.0055216
720   180   0.0050689
720   210   0.0043854
720   240   0.0039945
720   270   0.0034049
720   300   0.0026973
720   330   0.0019042
720   360   0.0012439
720   390   0.0007901
720   420   0.0005679
720   450   0.0004019
720   480   0.0002377
760.0   180.0   0.0061623
760.0   210.0   0.0055136
760.0   630.0   0.0000183
760.0   660.0   0.0000184
760.0   690.0   0.0000000
760   0   0.0090021
760   30   0.0095851
760   60   0.0095344
760   90   0.0074262
760   120   0.0080082
760   150   0.0063505
760   240   0.0044008
760   285   0.0035549
760   330   0.0028316
760   375   0.0017816
760   420   0.0010741
760   465   0.0006755
760   510   0.0003100
760   555   0.0000909
760   600   0.0000366
760   645   0.0000183
800.0   180.0   0.0084411
800.0   540.0   0.0003811
800.0   570.0   0.0002190
800.0   600.0   0.0001631
800.0   630.0   0.0000000
800.0   660.0   0.0000000
800.0   690.0   0.0000182
800   0   0.0110387
800   30   0.0112746
800   60   0.0106105
800   90   0.0105781
800   120   0.0095691
800   150   0.0081818
800   210   0.0074688
800   240   0.0062396
800   270   0.0057145
800   300   0.0047586
800   330   0.0040494
800   360   0.0030108
800   390   0.0020790
800   420   0.0015302
800   450   0.0013423
800   480   0.0008727
800   510   0.0005589
840.0   120.0   0.0103097
840.0   150.0   0.0100661
840.0   210.0   0.0081367
840.0   240.0   0.0076452
840.0   690.0   0.0000000
840   0   0.0116864
840   30   0.0117028
840   60   0.0119037
840   90   0.0112789
840   180   0.0094139
840   270   0.0066509
840   300   0.0055746
840   330   0.0048688
840   360   0.0039844
840   390   0.0030493
840   420   0.0026154
840   450   0.0017914
840   480   0.0012493
840   510   0.0008698
840   525   0.0006889
840   540   0.0007252
840   570   0.0002724
840   600   0.0003429
840   630   0.0000725
840   660   0.0000000
880.0   210.0   0.0102576
880.0   270.0   0.0082780
880.0   300.0   0.0070013
880.0   330.0   0.0060520
880.0   480.0   0.0020800
880.0   510.0   0.0015848
880.0   570.0   0.0006487
880.0   690.0   0.0001262
880   0   0.0125130
880   30   0.0138941
880   60   0.0127642
880   90   0.0123910
880   120   0.0128120
880   150   0.0120411
880   180   0.0109684
880   240   0.0086202
880   360   0.0052918
880   390   0.0047597
880   420   0.0038007
880   450   0.0030691
880   540   0.0009432
880   600   0.0005246
880   630   0.0002698
880   660   0.0000722
880   720   0.0000541
920.0   600.0   0.0009709
920   0   0.0148313
920   30   0.0151428
920   60   0.0138035
920   90   0.0136488
920   120   0.0135535
920   150   0.0135613
920   180   0.0121816
920   210   0.0106638
920   240   0.0101905
920   270   0.0095713
920   300   0.0090122
920   330   0.0079460
920   360   0.0070651
920   390   0.0054880
920   420   0.0049766
920   450   0.0037134
920   480   0.0034089
920   525   0.0017277
920   570   0.0012719
920   630   0.0005724
920   675   0.0001790
920   705   0.0001798
920   750   0.0000180
960.0   510.0   0.0032783
960.0   600.0   0.0011770
960.0   630.0   0.0007671
960.0   660.0   0.0005328
960.0   690.0   0.0004259
960   0   0.0154766
960   30   0.0162651
960   60   0.0168403
960   90   0.0151310
960   120   0.0148761
960   150   0.0134862
960   180   0.0132213
960   210   0.0124617
960   240   0.0116714
960   270   0.0108957
960   300   0.0094831
960   330   0.0090167
960   360   0.0079137
960   390   0.0074390
960   420   0.0065854
960   450   0.0052708
960   540   0.0028777
960   570   0.0016270
960   675   0.0006221
960   720   0.0001070
960   750   0.0001071
