100.0   0.0   0.0000000
100.0   40.0   0.0000000
100.0   80.0   0.0000000
1000   0   0.0210150
1000   30   0.0215906
1000   60   0.0196308
1000   90   0.0186821
1000   120   0.0181125
1000   150   0.0176605
1000   180   0.0175575
1000   210   0.0162303
1000   240   0.0153115
1000   270   0.0165600
1000   300   0.0139990
1000   330   0.0136697
1000   360   0.0130001
1000   390   0.0119069
1000   420   0.0102569
1000   450   0.0096025
1000   480   0.0092453
1000   510   0.0073907
1000   540   0.0065485
1000   570   0.0059503
1000   600   0.0044848
1000   630   0.0033629
1000   660   0.0029556
1000   690   0.0017778
1000   720   0.0010788
1040   0   0.0195781
1040   30   0.0209272
1040   60   0.0206760
1040   90   0.0193036
1040   120   0.0204551
1040   150   0.0188646
1040   180   0.0190068
1040   210   0.0178638
1040   240   0.0170839
1040   270   0.0168124
1040   300   0.0157939
1040   330   0.0136950
1040   360   0.0133750
1040   390   0.0132024
1040   420   0.0118330
1040   450   0.0104387
1040   480   0.0104510
1040   510   0.0090187
1040   540   0.0082987
1040   570   0.0073752
1040   600   0.0058329
1040   630   0.0048480
1040   660   0.0037030
1040   690   0.0029706
1040   720   0.0018126
1080.0   510.0   0.0103286
1080   0   0.0221075
1080   30   0.0220434
1080   60   0.0220057
1080   90   0.0208037
1080   120   0.0198900
1080   150   0.0198990
1080   180   0.0193977
1080   210   0.0192704
1080   240   0.0186584
1080   270   0.0178161
1080   300   0.0171742
1080   330   0.0163115
1080   360   0.0151319
1080   390   0.0143679
1080   420   0.0133642
1080   450   0.0121141
1080   480   0.0113499
1080   495   0.0116416
1080   540   0.0096667
1080   585   0.0068680
1080   630   0.0066605
1080   660   0.0053963
1080   705   0.0034824
1080   750   0.0023618
1120.0   0.0   0.0223219
1120.0   690.0   0.0053430
1120   30   0.0228165
1120   60   0.0222118
1120   90   0.0220049
1120   120   0.0212814
1120   150   0.0206542
1120   180   0.0206035
1120   210   0.0200950
1120   240   0.0186098
1120   270   0.0187856
1120   300   0.0172681
1120   330   0.0163920
1120   360   0.0168073
1120   390   0.0152232
1120   420   0.0144084
1120   450   0.0136889
1120   480   0.0118171
1120   525   0.0111988
1120   570   0.0093980
1120   630   0.0077873
1120   660   0.0067489
1120   750   0.0036308
1160.0   240.0   0.0194500
1160.0   270.0   0.0185384
1160.0   300.0   0.0174776
1160.0   360.0   0.0169579
1160.0   390.0   0.0162686
1160.0   510.0   0.0126629
1160.0   540.0   0.0123961
1160.0   570.0   0.0104693
1160.0   630.0   0.0087295
1160.0   660.0   0.0073526
1160.0   690.0   0.0064972
1160   0   0.0229101
1160   30   0.0229191
1160   60   0.0222787
1160   90   0.0229509
1160   120   0.0218556
1160   150   0.0224791
1160   180   0.0209938
1160   210   0.0200097
1160   330   0.0179277
1160   420   0.0153410
1160   450   0.0148210
1160   480   0.0140570
1160   555   0.0123594
1160   600   0.0093252
1160   750   0.0044176
1200.0   600.0   0.0124403
1200.0   690.0   0.0082155
1200   15   0.0247545
1200   60   0.0247791
1200   105   0.0221644
1200   165   0.0224184
1200   180   0.0213188
1200   210   0.0212803
1200   240   0.0215597
1200   270   0.0200635
1200   300   0.0191085
1200   330   0.0183276
1200   360   0.0175136
1200   390   0.0165035
1200   420   0.0159895
1200   450   0.0151408
1200   480   0.0152049
1200   525   0.0133142
1200   570   0.0123046
1200   630   0.0103063
1200   645   0.0097007
1200   750   0.0062256
1240.0   90.0   0.0234291
1240.0   120.0   0.0228469
1240.0   210.0   0.0216169
1240.0   570.0   0.0126441
1240.0   600.0   0.0124074
1240.0   690.0   0.0095146
1240   0   0.0256901
1240   30   0.0236774
1240   60   0.0225636
1240   135   0.0228299
1240   180   0.0229350
1240   255   0.0209077
1240   300   0.0195971
1240   330   0.0192943
1240   360   0.0180051
1240   390   0.0184207
1240   420   0.0180168
1240   450   0.0169833
1240   480   0.0156777
1240   510   0.0153371
1240   540   0.0145914
1240   630   0.0115099
1240   660   0.0112331
1240   750   0.0075641
1280.0   450.0   0.0173299
1280.0   510.0   0.0160709
1280.0   540.0   0.0149249
1280.0   570.0   0.0132573
1280.0   600.0   0.0134237
1280.0   660.0   0.0120431
1280.0   690.0   0.0109529
1280   750   0.0084238
1280   0   0.0248025
1280   30   0.0249822
1280   60   0.0236386
1280   90   0.0255517
1280   120   0.0241957
1280   150   0.0228411
1280   180   0.0217846
1280   210   0.0220871
1280   240   0.0216555
1280   285   0.0209873
1280   330   0.0201624
1280   360   0.0199160
1280   405   0.0185684
1280   480   0.0171505
1280   630   0.0127504
1320.0   690.0   0.0127722
1320.0   210.0   0.0225929
1320.0   240.0   0.0229782
1320.0   270.0   0.0214459
1320.0   390.0   0.0205738
1320.0   420.0   0.0187344
1320.0   450.0   0.0183153
1320.0   570.0   0.0161617
1320.0   600.0   0.0150906
1320.0   630.0   0.0139738
1320.0   660.0   0.0133898
1320   750   0.0093892
1320   0   0.0264548
1320   30   0.0249805
1320   60   0.0253444
1320   90   0.0243703
1320   120   0.0235163
1320   150   0.0231062
1320   180   0.0243667
1320   300   0.0213187
1320   330   0.0203222
1320   360   0.0206419
1320   480   0.0163307
1320   510   0.0164924
1320   540   0.0157640
1360.0   660.0   0.0132575
1360.0   690.0   0.0132552
1360.0   0.0   0.0274945
1360.0   60.0   0.0256174
1360.0   90.0   0.0255214
1360.0   150.0   0.0241333
1360.0   210.0   0.0225071
1360.0   240.0   0.0223930
1360.0   300.0   0.0218771
1360.0   390.0   0.0217961
1360.0   450.0   0.0188283
1360.0   540.0   0.0165641
1360.0   570.0   0.0161810
1360.0   600.0   0.0148835
1360   750   0.0121099
1360   30   0.0267621
1360   105   0.0253983
1360   180   0.0232550
1360   255   0.0221005
1360   330   0.0208698
1360   360   0.0218523
1360   420   0.0201502
1360   510   0.0174826
1360   630   0.0142469
1400   615   0.0161023
1400   675   0.0140037
1400   15   0.0273989
1400   75   0.0257337
1400   135   0.0254981
1400   195   0.0244697
1400   255   0.0222828
1400   315   0.0222256
1400   375   0.0205731
1400   435   0.0206231
1400   495   0.0194728
1400   555   0.0171742
1440   570   0.0179242
1440   630   0.0175977
1440   690   0.0155802
1440   30   0.0271939
1440   90   0.0269396
1440   150   0.0262053
1440   210   0.0233091
1440   270   0.0226069
1440   330   0.0226589
1440   390   0.0214691
1440   450   0.0195439
1440   510   0.0185222
1480   525   0.0187506
1480   585   0.0195725
1480   645   0.0167290
1480   705   0.0160494
1480   45   0.0255906
1480   105   0.0258442
1480   165   0.0252623
1480   225   0.0242299
1480   285   0.0225555
1480   345   0.0220033
1480   405   0.0208553
1480   465   0.0197791
150.0   80.0   0.0000000
150.0   120.0   0.0000000
150.0   0.0   0.0000000
150.0   40.0   0.0000000
1520   495   0.0207872
1520   555   0.0194065
1520   615   0.0177555
1520   675   0.0184805
1520   15   0.0262086
1520   75   0.0269771
1520   135   0.0254075
1520   195   0.0252868
1520   255   0.0243511
1520   315   0.0219869
1520   375   0.0219732
1520   435   0.0201921
1560   450   0.0208028
1560   510   0.0185164
1560   570   0.0192725
1560   630   0.0179171
1560   690   0.0171884
1560   30   0.0273999
1560   90   0.0261584
1560   150   0.0248343
1560   210   0.0243712
1560   270   0.0238650
1560   330   0.0221888
1560   390   0.0215505
1600   435   0.0212504
1600   495   0.0202847
1600   555   0.0198811
1600   630   0.0192003
1600   705   0.0171104
1600   15   0.0281599
1600   75   0.0271502
1600   135   0.0259396
1600   195   0.0245930
1600   255   0.0241531
1600   315   0.0232931
1600   375   0.0225210
200.0   0.0   0.0000154
200.0   40.0   0.0000461
200.0   80.0   0.0000000
200.0   120.0   0.0000000
200.0   160.0   0.0000000
250.0   0.0   0.0001468
250.0   40.0   0.0000327
250.0   80.0   0.0000816
250.0   120.0   0.0000163
250.0   160.0   0.0000000
250.0   200.0   0.0000000
250.0   240.0   0.0000000
300.0   0.0   0.0002717
300.0   40.0   0.0003239
300.0   80.0   0.0001698
300.0   120.0   0.0001358
300.0   160.0   0.0000850
300.0   200.0   0.0000000
300.0   240.0   0.0000000
300.0   280.0   0.0000000
350.0   0.0   0.0005608
350.0   40.0   0.0006616
350.0   80.0   0.0003498
350.0   120.0   0.0003147
350.0   160.0   0.0001400
350.0   200.0   0.0000525
350.0   240.0   0.0000175
350.0   280.0   0.0000175
400.0   0.0   0.0013280
400.0   40.0   0.0014184
400.0   80.0   0.0010249
400.0   120.0   0.0006418
400.0   160.0   0.0004288
400.0   200.0   0.0001605
400.0   280.0   0.0000358
400   30   0.0013550
400   60   0.0011779
400   90   0.0009282
400   150   0.0004457
400   180   0.0003953
400   210   0.0002862
400   240   0.0001069
400   270   0.0000534
400   300   0.0000000
400   330   0.0000000
400   360   0.0000000
440   0   0.0020806
440   30   0.0024391
440   60   0.0017172
440   90   0.0016552
440   120   0.0013131
440   150   0.0009398
440   180   0.0008514
440   210   0.0005795
440   240   0.0002696
440   270   0.0002166
440   300   0.0000541
440   330   0.0000180
440   360   0.0000361
440   390   0.0000181
480   0   0.0027962
480   30   0.0029642
480   60   0.0029662
480   90   0.0024510
480   120   0.0017790
480   150   0.0014464
480   180   0.0011446
480   210   0.0010176
480   240   0.0006020
480   270   0.0003288
480   300   0.0001638
480   330   0.0002186
480   360   0.0000912
480   390   0.0000181
480   420   0.0000182
480   450   0.0000000
50.0   0.0   0.0000000
50.0   40.0   0.0000000
520   0   0.0043154
520   30   0.0041875
520   60   0.0038140
520   90   0.0032976
520   120   0.0028766
520   150   0.0025095
520   180   0.0022714
520   210   0.0015912
520   240   0.0011909
520   270   0.0007474
520   300   0.0005676
520   330   0.0002375
520   360   0.0002022
520   390   0.0000183
520   420   0.0000000
520   450   0.0000000
520   480   0.0000000
560   0   0.0054616
560   30   0.0054211
560   60   0.0049668
560   90   0.0044864
560   120   0.0039122
560   150   0.0035843
560   180   0.0028927
560   210   0.0023354
560   240   0.0018191
560   270   0.0011116
560   300   0.0010662
560   330   0.0007695
560   360   0.0002937
560   390   0.0002215
560   420   0.0001471
560   450   0.0000552
560   480   0.0000000
560   510   0.0000000
600   0   0.0069464
600   30   0.0066642
600   60   0.0066940
600   90   0.0062135
600   120   0.0054318
600   150   0.0048692
600   180   0.0038014
600   210   0.0035727
600   240   0.0029712
600   270   0.0021714
600   300   0.0016721
600   330   0.0010863
600   360   0.0007347
600   390   0.0006085
600   420   0.0002018
600   450   0.0001104
600   480   0.0000367
600   510   0.0000728
600   540   0.0000000
600   570   0.0000000
640   0   0.0081790
640   30   0.0083527
640   60   0.0082940
640   90   0.0071312
640   120   0.0068324
640   150   0.0063785
640   180   0.0059287
640   210   0.0046707
640   240   0.0035713
640   270   0.0029800
640   300   0.0022789
640   330   0.0020291
640   360   0.0014811
640   390   0.0008246
640   420   0.0006971
640   450   0.0003499
640   480   0.0000368
640   510   0.0001100
640   540   0.0000184
640   570   0.0000000
640   600   0.0000000
680.0   60.0   0.0092821
680.0   90.0   0.0090074
680.0   120.0   0.0089479
680.0   660.0   0.0000000
680   0   0.0101929
680   30   0.0102704
680   150   0.0074598
680   180   0.0063948
680   210   0.0058990
680   240   0.0050602
680   270   0.0045599
680   300   0.0031501
680   330   0.0031841
680   360   0.0018645
680   390   0.0016317
680   420   0.0013234
680   450   0.0008214
680   480   0.0003338
680   510   0.0001288
680   540   0.0000550
680   570   0.0000551
680   600   0.0000000
680   630   0.0000000
720.0   510.0   0.0004765
720.0   540.0   0.0001836
720.0   570.0   0.0001643
720.0   600.0   0.0000183
720.0   630.0   0.0000000
720.0   660.0   0.0000000
720.0   690.0   0.0000000
720   0   0.0120659
720   30   0.0112093
720   60   0.0111925
720   90   0.0102891
720   120   0.0100395
720   150   0.0090321
720   180   0.0077502
720   210   0.0079818
720   240   0.0063033
720   270   0.0054735
720   300   0.0047749
720   330   0.0041746
720   360   0.0034757
720   390   0.0025907
720   420   0.0020518
720   450   0.0008585
720   480   0.0009506
760.0   180.0   0.0104047
760.0   210.0   0.0091649
760.0   630.0   0.0000366
760.0   660.0   0.0000184
760.0   690.0   0.0000000
760   0   0.0132845
760   30   0.0119358
760   60   0.0120550
760   90   0.0115498
760   120   0.0113388
760   150   0.0114749
760   240   0.0083268
760   285   0.0067452
760   330   0.0052248
760   375   0.0034723
760   420   0.0028036
760   465   0.0018258
760   510   0.0008752
760   555   0.0003818
760   600   0.0001099
760   645   0.0000366
800.0   180.0   0.0111517
800.0   540.0   0.0013431
800.0   570.0   0.0007848
800.0   600.0   0.0004894
800.0   630.0   0.0001274
800.0   660.0   0.0000733
800.0   690.0   0.0000182
800   0   0.0139763
800   30   0.0142031
800   60   0.0133130
800   90   0.0132726
800   120   0.0130322
800   150   0.0121360
800   210   0.0097880
800   240   0.0091587
800   270   0.0086809
800   300   0.0076028
800   330   0.0065666
800   360   0.0056589
800   390   0.0047416
800   420   0.0038073
800   450   0.0027390
800   480   0.0024180
800   510   0.0013161
840.0   120.0   0.0136254
840.0   150.0   0.0137576
840.0   210.0   0.0121510
840.0   240.0   0.0106597
840.0   690.0   0.0000543
840   0   0.0156604
840   30   0.0150852
840   60   0.0147657
840   90   0.0143288
840   180   0.0114999
840   270   0.0097052
840   300   0.0093812
840   330   0.0084296
840   360   0.0073377
840   390   0.0061528
840   420   0.0050504
840   450   0.0042524
840   480   0.0035308
840   510   0.0023918
840   525   0.0022662
840   540   0.0017949
840   570   0.0012351
840   600   0.0007219
840   630   0.0005434
840   660   0.0000724
880.0   210.0   0.0126095
880.0   270.0   0.0114522
880.0   300.0   0.0117651
880.0   330.0   0.0096617
880.0   480.0   0.0046261
880.0   510.0   0.0038359
880.0   570.0   0.0023063
880.0   690.0   0.0003787
880   0   0.0167796
880   30   0.0172733
880   60   0.0169765
880   90   0.0155566
880   120   0.0148576
880   150   0.0148764
880   180   0.0143835
880   240   0.0125614
880   360   0.0082076
880   390   0.0072024
880   420   0.0059442
880   450   0.0054341
880   540   0.0024304
880   600   0.0013024
880   630   0.0007914
880   660   0.0006856
880   720   0.0000541
920.0   600.0   0.0017980
920   0   0.0173927
920   30   0.0172346
920   60   0.0171737
920   90   0.0165147
920   120   0.0161216
920   150   0.0154986
920   180   0.0149996
920   210   0.0150653
920   240   0.0134009
920   270   0.0136325
920   300   0.0121353
920   330   0.0111780
920   360   0.0103561
920   390   0.0085548
920   420   0.0081926
920   450   0.0068169
920   480   0.0057412
920   525   0.0043103
920   570   0.0029020
920   630   0.0012163
920   675   0.0006980
920   705   0.0005755
920   750   0.0000900
960.0   510.0   0.0059330
960.0   600.0   0.0032813
960.0   630.0   0.0022656
960.0   660.0   0.0018649
960.0   690.0   0.0012422
960   0   0.0195466
960   30   0.0199390
960   60   0.0184458
960   90   0.0184242
960   120   0.0174803
960   150   0.0167551
960   180   0.0164777
960   210   0.0156350
960   240   0.0149628
960   270   0.0138346
960   300   0.0127216
960   330   0.0122890
960   360   0.0115431
960   390   0.0099187
960   420   0.0096384
960   450   0.0083692
960   540   0.0048672
960   570   0.0046844
960   675   0.0015286
960   720   0.0009097
960   750   0.0004643
