100.0   0.0   0.0000000
100.0   40.0   0.0000000
100.0   80.0   0.0000000
1000   0   0.0021581
1000   30   0.0020402
1000   60   0.0015060
1000   90   0.0021193
1000   120   0.0018609
1000   150   0.0016313
1000   180   0.0018230
1000   210   0.0013437
1000   240   0.0013307
1000   270   0.0010781
1000   300   0.0011858
1000   330   0.0011184
1000   360   0.0009374
1000   390   0.0009447
1000   420   0.0008177
1000   450   0.0007048
1000   480   0.0004445
1000   510   0.0003013
1000   540   0.0002662
1000   570   0.0001243
1000   600   0.0002482
1000   630   0.0001239
1000   660   0.0000708
1000   690   0.0000356
1000   720   0.0000177
1040   0   0.0024164
1040   30   0.0023488
1040   60   0.0021578
1040   90   0.0017517
1040   120   0.0021252
1040   150   0.0017070
1040   180   0.0017824
1040   210   0.0018023
1040   240   0.0012165
1040   270   0.0013746
1040   300   0.0014438
1040   330   0.0012370
1040   360   0.0013075
1040   390   0.0010562
1040   420   0.0007075
1040   450   0.0007758
1040   480   0.0005962
1040   510   0.0003692
1040   540   0.0004757
1040   570   0.0004029
1040   600   0.0001938
1040   630   0.0002821
1040   660   0.0002469
1040   690   0.0000703
1040   720   0.0000880
1080.0   510.0   0.0006664
1080   0   0.0021880
1080   30   0.0021179
1080   60   0.0025682
1080   90   0.0021225
1080   120   0.0020310
1080   150   0.0020337
1080   180   0.0018449
1080   210   0.0014676
1080   240   0.0019061
1080   270   0.0014730
1080   300   0.0016598
1080   330   0.0014031
1080   360   0.0012420
1080   390   0.0013109
1080   420   0.0011400
1080   450   0.0008216
1080   480   0.0007555
1080   495   0.0005786
1080   540   0.0005954
1080   585   0.0002628
1080   630   0.0003866
1080   660   0.0002102
1080   705   0.0001231
1080   750   0.0001225
1120.0   0.0   0.0028859
1120.0   690.0   0.0001222
1120   30   0.0023962
1120   60   0.0020682
1120   90   0.0025531
1120   120   0.0021438
1120   150   0.0022154
1120   180   0.0022026
1120   210   0.0021743
1120   240   0.0017060
1120   270   0.0020601
1120   300   0.0017911
1120   330   0.0018213
1120   360   0.0013571
1120   390   0.0010475
1120   420   0.0014112
1120   450   0.0010944
1120   480   0.0009949
1120   525   0.0006434
1120   570   0.0005917
1120   630   0.0004181
1120   660   0.0003470
1120   750   0.0001216
1160.0   240.0   0.0021246
1160.0   270.0   0.0018867
1160.0   300.0   0.0019574
1160.0   360.0   0.0012779
1160.0   390.0   0.0013702
1160.0   510.0   0.0009741
1160.0   540.0   0.0008657
1160.0   570.0   0.0007960
1160.0   630.0   0.0006409
1160.0   660.0   0.0004325
1160.0   690.0   0.0002938
1160   0   0.0027859
1160   30   0.0024389
1160   60   0.0024735
1160   90   0.0031525
1160   120   0.0024978
1160   150   0.0019352
1160   180   0.0022035
1160   210   0.0022387
1160   330   0.0016455
1160   420   0.0013130
1160   450   0.0010437
1160   480   0.0012984
1160   555   0.0008170
1160   600   0.0007293
1160   750   0.0002945
1200.0   600.0   0.0007389
1200.0   690.0   0.0005511
1200   15   0.0030319
1200   60   0.0030543
1200   105   0.0028754
1200   165   0.0023191
1200   180   0.0022078
1200   210   0.0020816
1200   240   0.0022694
1200   270   0.0017424
1200   300   0.0020160
1200   330   0.0018621
1200   360   0.0017255
1200   390   0.0017090
1200   420   0.0015990
1200   450   0.0013436
1200   480   0.0010664
1200   525   0.0010361
1200   570   0.0009267
1200   630   0.0007743
1200   645   0.0006892
1200   750   0.0003632
1240.0   90.0   0.0027513
1240.0   120.0   0.0027260
1240.0   210.0   0.0024949
1240.0   570.0   0.0012696
1240.0   600.0   0.0007701
1240.0   690.0   0.0005496
1240   0   0.0031108
1240   30   0.0031353
1240   60   0.0028119
1240   135   0.0027362
1240   180   0.0023620
1240   255   0.0021439
1240   300   0.0020692
1240   330   0.0018986
1240   360   0.0019645
1240   390   0.0020505
1240   420   0.0016239
1240   450   0.0013669
1240   480   0.0014314
1240   510   0.0015268
1240   540   0.0010459
1240   630   0.0007043
1240   660   0.0008060
1240   750   0.0002567
1280.0   450.0   0.0016545
1280.0   510.0   0.0014455
1280.0   540.0   0.0014449
1280.0   570.0   0.0011713
1280.0   600.0   0.0012265
1280.0   660.0   0.0008965
1280.0   690.0   0.0006814
1280   750   0.0004595
1280   0   0.0029438
1280   30   0.0029720
1280   60   0.0029802
1280   90   0.0033661
1280   120   0.0029246
1280   150   0.0025549
1280   180   0.0027698
1280   210   0.0024011
1280   240   0.0024442
1280   285   0.0023961
1280   330   0.0022175
1280   360   0.0018028
1280   405   0.0018909
1280   480   0.0016828
1280   630   0.0009230
1320.0   690.0   0.0009123
1320.0   210.0   0.0025235
1320.0   240.0   0.0025870
1320.0   270.0   0.0024389
1320.0   390.0   0.0019272
1320.0   420.0   0.0021623
1320.0   450.0   0.0017171
1320.0   570.0   0.0013679
1320.0   600.0   0.0011713
1320.0   630.0   0.0009428
1320.0   660.0   0.0009661
1320   750   0.0007599
1320   0   0.0037310
1320   30   0.0032157
1320   60   0.0033725
1320   90   0.0029231
1320   120   0.0031005
1320   150   0.0033105
1320   180   0.0023335
1320   300   0.0025528
1320   330   0.0028353
1320   360   0.0021406
1320   480   0.0014215
1320   510   0.0017254
1320   540   0.0015730
1360.0   660.0   0.0010936
1360.0   690.0   0.0010920
1360.0   0.0   0.0033317
1360.0   60.0   0.0033195
1360.0   90.0   0.0032049
1360.0   150.0   0.0036361
1360.0   210.0   0.0030790
1360.0   240.0   0.0025385
1360.0   300.0   0.0023506
1360.0   390.0   0.0022351
1360.0   450.0   0.0018627
1360.0   540.0   0.0017153
1360.0   570.0   0.0016450
1360.0   600.0   0.0016631
1360   750   0.0008062
1360   30   0.0030595
1360   105   0.0032167
1360   180   0.0029405
1360   255   0.0027984
1360   330   0.0025898
1360   360   0.0021500
1360   420   0.0023062
1360   510   0.0018882
1360   630   0.0012571
1400   615   0.0012374
1400   675   0.0012914
1400   15   0.0036409
1400   75   0.0037310
1400   135   0.0033620
1400   195   0.0030900
1400   255   0.0026274
1400   315   0.0024361
1400   375   0.0024947
1400   435   0.0024479
1400   495   0.0018937
1400   555   0.0017158
1440   570   0.0017958
1440   630   0.0015107
1440   690   0.0015414
1440   30   0.0034366
1440   90   0.0031684
1440   150   0.0034520
1440   210   0.0031023
1440   270   0.0026391
1440   330   0.0027098
1440   390   0.0023080
1440   450   0.0023022
1440   510   0.0018819
1480   525   0.0020614
1480   585   0.0018829
1480   645   0.0016811
1480   705   0.0015144
1480   45   0.0034738
1480   105   0.0034084
1480   165   0.0028161
1480   225   0.0028661
1480   285   0.0028215
1480   345   0.0027442
1480   405   0.0025059
1480   465   0.0022949
150.0   80.0   0.0000000
150.0   120.0   0.0000000
150.0   0.0   0.0000000
150.0   40.0   0.0000000
1520   495   0.0021476
1520   555   0.0021162
1520   615   0.0016171
1520   675   0.0019548
1520   15   0.0039929
1520   75   0.0035926
1520   135   0.0033591
1520   195   0.0036757
1520   255   0.0030623
1520   315   0.0030332
1520   375   0.0028141
1520   435   0.0023765
1560   450   0.0024781
1560   510   0.0023085
1560   570   0.0022520
1560   630   0.0018894
1560   690   0.0014065
1560   30   0.0037703
1560   90   0.0039278
1560   150   0.0035827
1560   210   0.0036557
1560   270   0.0026408
1560   330   0.0028267
1560   390   0.0027729
1600   435   0.0029919
1600   495   0.0025944
1600   555   0.0022415
1600   630   0.0022160
1600   705   0.0015935
1600   15   0.0038045
1600   75   0.0036135
1600   135   0.0037196
1600   195   0.0033115
1600   255   0.0029704
1600   315   0.0030410
1600   375   0.0030093
200.0   0.0   0.0000000
200.0   40.0   0.0000000
200.0   80.0   0.0000000
200.0   120.0   0.0000000
200.0   160.0   0.0000000
250.0   0.0   0.0000000
250.0   40.0   0.0000000
250.0   80.0   0.0000000
250.0   120.0   0.0000000
250.0   160.0   0.0000000
250.0   200.0   0.0000000
250.0   240.0   0.0000000
300.0   0.0   0.0000000
300.0   40.0   0.0000341
300.0   80.0   0.0000000
300.0   120.0   0.0000000
300.0   160.0   0.0000000
300.0   200.0   0.0000000
300.0   240.0   0.0000000
300.0   280.0   0.0000000
350.0   0.0   0.0000000
350.0   40.0   0.0000174
350.0   80.0   0.0000000
350.0   120.0   0.0000000
350.0   160.0   0.0000000
350.0   200.0   0.0000000
350.0   240.0   0.0000000
350.0   280.0   0.0000000
400.0   0.0   0.0000897
400.0   40.0   0.0000359
400.0   80.0   0.0000180
400.0   120.0   0.0000178
400.0   160.0   0.0000000
400.0   200.0   0.0000178
400.0   280.0   0.0000000
400   30   0.0000357
400   60   0.0000000
400   90   0.0000357
400   150   0.0000178
400   180   0.0000359
400   210   0.0000179
400   240   0.0000000
400   270   0.0000000
400   300   0.0000000
400   330   0.0000000
400   360   0.0000000
440   0   0.0000181
440   30   0.0000361
440   60   0.0000542
440   90   0.0000720
440   120   0.0000000
440   150   0.0000542
440   180   0.0000543
440   210   0.0000181
440   240   0.0000539
440   270   0.0000180
440   300   0.0000000
440   330   0.0000000
440   360   0.0000000
440   390   0.0000000
480   0   0.0001089
480   30   0.0001091
480   60   0.0001099
480   90   0.0000363
480   120   0.0000000
480   150   0.0000549
480   180   0.0000363
480   210   0.0000000
480   240   0.0000000
480   270   0.0000548
480   300   0.0000000
480   330   0.0000000
480   360   0.0000000
480   390   0.0000000
480   420   0.0000000
480   450   0.0000000
50.0   0.0   0.0000000
50.0   40.0   0.0000000
520   0   0.0001836
520   30   0.0000914
520   60   0.0000733
520   90   0.0000916
520   120   0.0000733
520   150   0.0000727
520   180   0.0000183
520   210   0.0000366
520   240   0.0000183
520   270   0.0000182
520   300   0.0000000
520   330   0.0000183
520   360   0.0000000
520   390   0.0000000
520   420   0.0000000
520   450   0.0000000
520   480   0.0000000
560   0   0.0002214
560   30   0.0001103
560   60   0.0002391
560   90   0.0001839
560   120   0.0001476
560   150   0.0001287
560   180   0.0000183
560   210   0.0000919
560   240   0.0000367
560   270   0.0000547
560   300   0.0000000
560   330   0.0000000
560   360   0.0000000
560   390   0.0000000
560   420   0.0000000
560   450   0.0000000
560   480   0.0000000
560   510   0.0000000
600   0   0.0002383
600   30   0.0004050
600   60   0.0002028
600   90   0.0002774
600   120   0.0002578
600   150   0.0001102
600   180   0.0001285
600   210   0.0001842
600   240   0.0001651
600   270   0.0000736
600   300   0.0000000
600   330   0.0000368
600   360   0.0000184
600   390   0.0000000
600   420   0.0000000
600   450   0.0000000
600   480   0.0000000
600   510   0.0000000
600   540   0.0000000
600   570   0.0000000
640   0   0.0004800
640   30   0.0003312
640   60   0.0003296
640   90   0.0004595
640   120   0.0001662
640   150   0.0002749
640   180   0.0002570
640   210   0.0001846
640   240   0.0001289
640   270   0.0000552
640   300   0.0000551
640   330   0.0000922
640   360   0.0000366
640   390   0.0000550
640   420   0.0000000
640   450   0.0000000
640   480   0.0000000
640   510   0.0000000
640   540   0.0000000
640   570   0.0000000
640   600   0.0000000
680.0   60.0   0.0006262
680.0   90.0   0.0007169
680.0   120.0   0.0004961
680.0   660.0   0.0000000
680   0   0.0006039
680   30   0.0005696
680   150   0.0004986
680   180   0.0002382
680   210   0.0003124
680   240   0.0001288
680   270   0.0002381
680   300   0.0001831
680   330   0.0001656
680   360   0.0000738
680   390   0.0000183
680   420   0.0000551
680   450   0.0000183
680   480   0.0000000
680   510   0.0000000
680   540   0.0000000
680   570   0.0000000
680   600   0.0000000
680   630   0.0000000
720.0   510.0   0.0000183
720.0   540.0   0.0000184
720.0   570.0   0.0000000
720.0   600.0   0.0000000
720.0   630.0   0.0000000
720.0   660.0   0.0000000
720.0   690.0   0.0000000
720   0   0.0006601
720   30   0.0007718
720   60   0.0008284
720   90   0.0005492
720   120   0.0008274
720   150   0.0006948
720   180   0.0004224
720   210   0.0003853
720   240   0.0001283
720   270   0.0003844
720   300   0.0001458
720   330   0.0001648
720   360   0.0001281
720   390   0.0000735
720   420   0.0000550
720   450   0.0000548
720   480   0.0000548
760.0   180.0   0.0004389
760.0   210.0   0.0005294
760.0   630.0   0.0000000
760.0   660.0   0.0000000
760.0   690.0   0.0000000
760   0   0.0009294
760   30   0.0007653
760   60   0.0010411
760   90   0.0005656
760   120   0.0005278
760   150   0.0004392
760   240   0.0005661
760   285   0.0002370
760   330   0.0001279
760   375   0.0001636
760   420   0.0000728
760   465   0.0000183
760   510   0.0000182
760   555   0.0000000
760   600   0.0000000
760   645   0.0000000
800.0   180.0   0.0006549
800.0   540.0   0.0000181
800.0   570.0   0.0000365
800.0   600.0   0.0000000
800.0   630.0   0.0000000
800.0   660.0   0.0000000
800.0   690.0   0.0000000
800   0   0.0012225
800   30   0.0010799
800   60   0.0010338
800   90   0.0009832
800   120   0.0007473
800   150   0.0008747
800   210   0.0005661
800   240   0.0005656
800   270   0.0004550
800   300   0.0004376
800   330   0.0004013
800   360   0.0003083
800   390   0.0002006
800   420   0.0000364
800   450   0.0001633
800   480   0.0000545
800   510   0.0000721
840.0   120.0   0.0010147
840.0   150.0   0.0011165
840.0   210.0   0.0009361
840.0   240.0   0.0007445
840.0   690.0   0.0000000
840   0   0.0014880
840   30   0.0011576
840   60   0.0011302
840   90   0.0008662
840   180   0.0010883
840   270   0.0007229
840   300   0.0005232
840   330   0.0002907
840   360   0.0004147
840   390   0.0001624
840   420   0.0001984
840   450   0.0001448
840   480   0.0001267
840   510   0.0000725
840   525   0.0000906
840   540   0.0000907
840   570   0.0000182
840   600   0.0000000
840   630   0.0000000
840   660   0.0000000
880.0   210.0   0.0009769
880.0   270.0   0.0007394
880.0   300.0   0.0007398
880.0   330.0   0.0005747
880.0   480.0   0.0001972
880.0   510.0   0.0000900
880.0   570.0   0.0000180
880.0   690.0   0.0000180
880   0   0.0017927
880   30   0.0011863
880   60   0.0013981
880   90   0.0011758
880   120   0.0012920
880   150   0.0010767
880   180   0.0013372
880   240   0.0009178
880   360   0.0005040
880   390   0.0005029
880   420   0.0001801
880   450   0.0002708
880   540   0.0001270
880   600   0.0000362
880   630   0.0000000
880   660   0.0000000
880   720   0.0000000
920.0   600.0   0.0001259
920   0   0.0013613
920   30   0.0019666
920   60   0.0016492
920   90   0.0016121
920   120   0.0013019
920   150   0.0013454
920   180   0.0011058
920   210   0.0010378
920   240   0.0010100
920   270   0.0008945
920   300   0.0006960
920   330   0.0008750
920   360   0.0006081
920   390   0.0005380
920   420   0.0004312
920   450   0.0002153
920   480   0.0003588
920   525   0.0001959
920   570   0.0001433
920   630   0.0000000
920   675   0.0000000
920   705   0.0000000
920   750   0.0000000
960.0   510.0   0.0003563
960.0   600.0   0.0001248
960.0   630.0   0.0001070
960.0   660.0   0.0000000
960.0   690.0   0.0000355
960   0   0.0018922
960   30   0.0014624
960   60   0.0016947
960   90   0.0018513
960   120   0.0019621
960   150   0.0014111
960   180   0.0015303
960   210   0.0013014
960   240   0.0011565
960   270   0.0010573
960   300   0.0010020
960   330   0.0006758
960   360   0.0007967
960   390   0.0008206
960   420   0.0004793
960   450   0.0005164
960   540   0.0002132
960   570   0.0000894
960   675   0.0000178
960   720   0.0000000
960   750   0.0000000
