100.0   0.0   0.0000000
100.0   40.0   0.0000000
100.0   80.0   0.0000000
1000   0   0.0196706
1000   30   0.0195327
1000   60   0.0192587
1000   90   0.0183259
1000   120   0.0181303
1000   150   0.0181747
1000   180   0.0182832
1000   210   0.0159297
1000   240   0.0167841
1000   270   0.0162419
1000   300   0.0152025
1000   330   0.0147881
1000   360   0.0135307
1000   390   0.0133863
1000   420   0.0118745
1000   450   0.0104130
1000   480   0.0098675
1000   510   0.0097125
1000   540   0.0080747
1000   570   0.0068739
1000   600   0.0055306
1000   630   0.0044603
1000   660   0.0033980
1000   690   0.0024534
1000   720   0.0019454
1040   0   0.0196839
1040   30   0.0195497
1040   60   0.0200039
1040   90   0.0190559
1040   120   0.0185425
1040   150   0.0186886
1040   180   0.0184244
1040   210   0.0175457
1040   240   0.0167842
1040   270   0.0164423
1040   300   0.0165863
1040   330   0.0162750
1040   360   0.0142231
1040   390   0.0136953
1040   420   0.0128058
1040   450   0.0121844
1040   480   0.0117486
1040   510   0.0105657
1040   540   0.0090035
1040   570   0.0075679
1040   600   0.0066788
1040   630   0.0057647
1040   660   0.0045670
1040   690   0.0038144
1040   720   0.0029741
1080.0   510.0   0.0117490
1080   0   0.0211273
1080   30   0.0196255
1080   60   0.0197013
1080   90   0.0199618
1080   120   0.0193123
1080   150   0.0188646
1080   180   0.0191166
1080   210   0.0181348
1080   240   0.0190431
1080   270   0.0176934
1080   300   0.0176809
1080   330   0.0167324
1080   360   0.0160066
1080   390   0.0145077
1080   420   0.0142236
1080   450   0.0139496
1080   480   0.0131595
1080   495   0.0120799
1080   540   0.0114355
1080   585   0.0091107
1080   630   0.0074689
1080   660   0.0062198
1080   705   0.0045905
1080   750   0.0032015
1120.0   0.0   0.0211397
1120.0   690.0   0.0067748
1120   30   0.0202987
1120   60   0.0207866
1120   90   0.0200945
1120   120   0.0203054
1120   150   0.0197122
1120   180   0.0189906
1120   210   0.0184468
1120   240   0.0184879
1120   270   0.0178952
1120   300   0.0182941
1120   330   0.0169699
1120   360   0.0171553
1120   390   0.0148042
1120   420   0.0160113
1120   450   0.0161383
1120   480   0.0138069
1120   525   0.0126595
1120   570   0.0106685
1120   630   0.0090068
1120   660   0.0080501
1120   750   0.0038219
1160.0   240.0   0.0195882
1160.0   270.0   0.0190231
1160.0   300.0   0.0181358
1160.0   360.0   0.0170443
1160.0   390.0   0.0170664
1160.0   510.0   0.0140022
1160.0   540.0   0.0138850
1160.0   570.0   0.0131861
1160.0   630.0   0.0108600
1160.0   660.0   0.0096189
1160.0   690.0   0.0087436
1160   0   0.0219584
1160   30   0.0210164
1160   60   0.0207566
1160   90   0.0200928
1160   120   0.0213526
1160   150   0.0203193
1160   180   0.0199181
1160   210   0.0207039
1160   330   0.0178930
1160   420   0.0171550
1160   450   0.0156908
1160   480   0.0146802
1160   555   0.0130026
1160   600   0.0110617
1160   750   0.0060288
1200.0   600.0   0.0131276
1200.0   690.0   0.0097484
1200   15   0.0223945
1200   60   0.0230191
1200   105   0.0213086
1200   165   0.0210270
1200   180   0.0198872
1200   210   0.0204029
1200   240   0.0188777
1200   270   0.0186316
1200   300   0.0197288
1200   330   0.0181724
1200   360   0.0176171
1200   390   0.0186269
1200   420   0.0171931
1200   450   0.0166911
1200   480   0.0160477
1200   525   0.0151965
1200   570   0.0134715
1200   630   0.0121989
1200   645   0.0114410
1200   750   0.0071594
1240.0   90.0   0.0218911
1240.0   120.0   0.0222336
1240.0   210.0   0.0213435
1240.0   570.0   0.0146171
1240.0   600.0   0.0135369
1240.0   690.0   0.0117302
1240   0   0.0220494
1240   30   0.0231462
1240   60   0.0222378
1240   135   0.0216328
1240   180   0.0219936
1240   255   0.0199986
1240   300   0.0193577
1240   330   0.0181653
1240   360   0.0199525
1240   390   0.0182840
1240   420   0.0170083
1240   450   0.0164537
1240   480   0.0172796
1240   510   0.0166409
1240   540   0.0157916
1240   630   0.0135026
1240   660   0.0116961
1240   750   0.0082315
1280.0   450.0   0.0194961
1280.0   510.0   0.0169552
1280.0   540.0   0.0170157
1280.0   570.0   0.0157865
1280.0   600.0   0.0159109
1280.0   660.0   0.0143773
1280.0   690.0   0.0122134
1280   750   0.0102958
1280   0   0.0226877
1280   30   0.0224347
1280   60   0.0223009
1280   90   0.0223726
1280   120   0.0216963
1280   150   0.0220746
1280   180   0.0213428
1280   210   0.0211846
1280   240   0.0212111
1280   285   0.0211403
1280   330   0.0196848
1280   360   0.0202902
1280   405   0.0193009
1280   480   0.0179834
1280   630   0.0139468
1320.0   690.0   0.0134987
1320.0   210.0   0.0205267
1320.0   240.0   0.0208309
1320.0   270.0   0.0217318
1320.0   390.0   0.0194580
1320.0   420.0   0.0192243
1320.0   450.0   0.0187361
1320.0   570.0   0.0164488
1320.0   600.0   0.0144964
1320.0   630.0   0.0150176
1320.0   660.0   0.0138475
1320   750   0.0121418
1320   0   0.0228589
1320   30   0.0222388
1320   60   0.0227139
1320   90   0.0220761
1320   120   0.0213476
1320   150   0.0220927
1320   180   0.0203592
1320   300   0.0200507
1320   330   0.0197959
1320   360   0.0204380
1320   480   0.0186661
1320   510   0.0174397
1320   540   0.0167281
1360.0   660.0   0.0149063
1360.0   690.0   0.0145488
1360.0   0.0   0.0231365
1360.0   60.0   0.0218117
1360.0   90.0   0.0230381
1360.0   150.0   0.0225774
1360.0   210.0   0.0213524
1360.0   240.0   0.0210648
1360.0   300.0   0.0204332
1360.0   390.0   0.0203677
1360.0   450.0   0.0182914
1360.0   540.0   0.0169677
1360.0   570.0   0.0165671
1360.0   600.0   0.0170673
1360   750   0.0135880
1360   30   0.0226436
1360   105   0.0224832
1360   180   0.0225997
1360   255   0.0220330
1360   330   0.0205166
1360   360   0.0208613
1360   420   0.0203522
1360   510   0.0184436
1360   630   0.0165264
1400   615   0.0183429
1400   675   0.0158821
1400   15   0.0233050
1400   75   0.0222692
1400   135   0.0212872
1400   195   0.0220812
1400   255   0.0205202
1400   315   0.0207405
1400   375   0.0213215
1400   435   0.0202039
1400   495   0.0196739
1400   555   0.0179737
1440   570   0.0184729
1440   630   0.0171993
1440   690   0.0158288
1440   30   0.0232261
1440   90   0.0224276
1440   150   0.0228695
1440   210   0.0225625
1440   270   0.0211463
1440   330   0.0204479
1440   390   0.0205061
1440   450   0.0204879
1440   510   0.0191990
1480   525   0.0193278
1480   585   0.0184494
1480   645   0.0184926
1480   705   0.0168560
1480   45   0.0243334
1480   105   0.0222538
1480   165   0.0228908
1480   225   0.0207709
1480   285   0.0223905
1480   345   0.0209287
1480   405   0.0202453
1480   465   0.0201588
150.0   80.0   0.0000000
150.0   120.0   0.0000000
150.0   0.0   0.0000142
150.0   40.0   0.0000000
1520   495   0.0206069
1520   555   0.0201775
1520   615   0.0195871
1520   675   0.0186448
1520   15   0.0242860
1520   75   0.0227748
1520   135   0.0222460
1520   195   0.0211352
1520   255   0.0230574
1520   315   0.0218557
1520   375   0.0214660
1520   435   0.0208313
1560   450   0.0206071
1560   510   0.0192642
1560   570   0.0195173
1560   630   0.0196762
1560   690   0.0191999
1560   30   0.0238896
1560   90   0.0220676
1560   150   0.0232710
1560   210   0.0229902
1560   270   0.0222512
1560   330   0.0216333
1560   390   0.0205776
1600   435   0.0205389
1600   495   0.0206739
1600   555   0.0201897
1600   630   0.0196694
1600   705   0.0199594
1600   15   0.0236725
1600   75   0.0225926
1600   135   0.0227073
1600   195   0.0219308
1600   255   0.0215073
1600   315   0.0215946
1600   375   0.0217768
200.0   0.0   0.0000000
200.0   40.0   0.0000000
200.0   80.0   0.0000155
200.0   120.0   0.0000000
200.0   160.0   0.0000000
250.0   0.0   0.0001305
250.0   40.0   0.0001470
250.0   80.0   0.0000652
250.0   120.0   0.0000326
250.0   160.0   0.0000163
250.0   200.0   0.0000000
250.0   240.0   0.0000000
300.0   0.0   0.0005942
300.0   40.0   0.0003921
300.0   80.0   0.0003566
300.0   120.0   0.0001697
300.0   160.0   0.0002041
300.0   200.0   0.0000340
300.0   240.0   0.0000170
300.0   280.0   0.0000170
350.0   0.0   0.0008762
350.0   40.0   0.0009054
350.0   80.0   0.0008569
350.0   120.0   0.0003847
350.0   160.0   0.0004375
350.0   200.0   0.0001225
350.0   240.0   0.0000349
350.0   280.0   0.0000000
400.0   0.0   0.0018484
400.0   40.0   0.0021546
400.0   80.0   0.0013485
400.0   120.0   0.0010340
400.0   160.0   0.0007326
400.0   200.0   0.0005708
400.0   280.0   0.0000537
400   30   0.0016937
400   60   0.0016240
400   90   0.0012138
400   150   0.0007310
400   180   0.0006109
400   210   0.0003578
400   240   0.0001603
400   270   0.0001601
400   300   0.0000535
400   330   0.0000000
400   360   0.0000000
440   0   0.0029490
440   30   0.0024752
440   60   0.0023137
440   90   0.0025187
440   120   0.0016369
440   150   0.0012290
440   180   0.0009782
440   210   0.0007243
440   240   0.0005572
440   270   0.0003429
440   300   0.0001442
440   330   0.0000901
440   360   0.0000000
440   390   0.0000181
480   0   0.0039764
480   30   0.0036916
480   60   0.0035338
480   90   0.0027778
480   120   0.0031041
480   150   0.0023984
480   180   0.0013808
480   210   0.0013992
480   240   0.0007114
480   270   0.0006576
480   300   0.0003095
480   330   0.0001458
480   360   0.0000912
480   390   0.0000181
480   420   0.0000000
480   450   0.0000182
50.0   0.0   0.0000000
50.0   40.0   0.0000000
520   0   0.0059130
520   30   0.0052664
520   60   0.0045658
520   90   0.0045983
520   120   0.0033529
520   150   0.0039644
520   180   0.0030590
520   210   0.0024143
520   240   0.0016306
520   270   0.0011485
520   300   0.0007874
520   330   0.0005846
520   360   0.0002573
520   390   0.0001462
520   420   0.0000367
520   450   0.0000183
520   480   0.0000000
560   0   0.0066424
560   30   0.0069647
560   60   0.0058498
560   90   0.0058838
560   120   0.0053885
560   150   0.0042828
560   180   0.0039179
560   210   0.0030525
560   240   0.0024806
560   270   0.0018587
560   300   0.0013052
560   330   0.0011542
560   360   0.0005140
560   390   0.0002954
560   420   0.0001839
560   450   0.0000552
560   480   0.0000184
560   510   0.0000184
600   0   0.0080827
600   30   0.0079161
600   60   0.0081139
600   90   0.0074710
600   120   0.0066286
600   150   0.0063942
600   180   0.0050501
600   210   0.0042357
600   240   0.0035398
600   270   0.0028155
600   300   0.0018742
600   330   0.0014177
600   360   0.0008632
600   390   0.0008298
600   420   0.0003670
600   450   0.0001656
600   480   0.0001284
600   510   0.0000546
600   540   0.0000184
600   570   0.0000184
640   0   0.0100253
640   30   0.0093461
640   60   0.0084587
640   90   0.0085831
640   120   0.0081434
640   150   0.0072767
640   180   0.0060755
640   210   0.0063691
640   240   0.0048415
640   270   0.0034582
640   300   0.0031978
640   330   0.0026562
640   360   0.0016091
640   390   0.0009528
640   420   0.0007522
640   450   0.0005341
640   480   0.0001289
640   510   0.0001100
640   540   0.0000736
640   570   0.0000000
640   600   0.0000000
680.0   60.0   0.0100925
680.0   90.0   0.0100919
680.0   120.0   0.0089847
680.0   660.0   0.0000000
680   0   0.0107419
680   30   0.0113544
680   150   0.0093432
680   180   0.0078972
680   210   0.0070016
680   240   0.0063850
680   270   0.0054390
680   300   0.0043223
680   330   0.0039939
680   360   0.0029537
680   390   0.0020718
680   420   0.0015623
680   450   0.0008762
680   480   0.0005379
680   510   0.0002760
680   540   0.0001284
680   570   0.0000367
680   600   0.0000000
680   630   0.0000000
720.0   510.0   0.0006781
720.0   540.0   0.0003121
720.0   570.0   0.0001461
720.0   600.0   0.0000549
720.0   630.0   0.0000364
720.0   660.0   0.0000184
720.0   690.0   0.0000000
720   0   0.0127260
720   30   0.0119260
720   60   0.0118921
720   90   0.0117903
720   120   0.0105912
720   150   0.0102754
720   180   0.0095684
720   210   0.0086424
720   240   0.0079707
720   270   0.0067549
720   300   0.0062694
720   330   0.0049985
720   360   0.0036952
720   390   0.0029949
720   420   0.0023999
720   450   0.0014613
720   480   0.0008227
760.0   180.0   0.0105692
760.0   210.0   0.0105159
760.0   630.0   0.0001280
760.0   660.0   0.0000551
760.0   690.0   0.0000183
760   0   0.0130658
760   30   0.0130656
760   60   0.0131875
760   90   0.0121337
760   120   0.0129404
760   150   0.0110174
760   240   0.0090937
760   285   0.0078208
760   330   0.0067228
760   375   0.0049812
760   420   0.0031313
760   465   0.0020631
760   510   0.0013129
760   555   0.0006727
760   600   0.0001649
760   645   0.0000366
800.0   180.0   0.0124798
800.0   540.0   0.0012886
800.0   570.0   0.0008761
800.0   600.0   0.0003262
800.0   630.0   0.0001638
800.0   660.0   0.0001100
800.0   690.0   0.0000546
800   0   0.0148704
800   30   0.0145325
800   60   0.0146371
800   90   0.0145471
800   120   0.0137248
800   150   0.0115711
800   210   0.0117419
800   240   0.0109650
800   270   0.0100459
800   300   0.0084233
800   330   0.0076610
800   360   0.0069104
800   390   0.0054346
800   420   0.0047546
800   450   0.0039181
800   480   0.0027089
800   510   0.0024158
840.0   120.0   0.0145857
840.0   150.0   0.0136856
840.0   210.0   0.0129071
840.0   240.0   0.0120399
840.0   690.0   0.0001448
840   0   0.0162048
840   30   0.0153384
840   60   0.0152032
840   90   0.0151589
840   180   0.0140756
840   270   0.0114764
840   300   0.0102111
840   330   0.0100102
840   360   0.0085997
840   390   0.0074158
840   420   0.0066196
840   450   0.0053381
840   480   0.0047258
840   510   0.0032616
840   525   0.0024838
840   540   0.0026289
840   570   0.0016346
840   600   0.0012091
840   630   0.0006340
840   660   0.0003799
880.0   210.0   0.0144186
880.0   270.0   0.0125343
880.0   300.0   0.0115125
880.0   330.0   0.0098592
880.0   480.0   0.0058634
880.0   510.0   0.0045202
880.0   570.0   0.0027928
880.0   690.0   0.0004869
880   0   0.0159729
880   30   0.0157455
880   60   0.0176847
880   90   0.0148511
880   120   0.0155215
880   150   0.0155762
880   180   0.0143655
880   240   0.0125254
880   360   0.0094856
880   390   0.0089805
880   420   0.0072412
880   450   0.0065534
880   540   0.0038270
880   600   0.0020621
880   630   0.0012950
880   660   0.0007036
880   720   0.0001443
920.0   600.0   0.0031105
920   0   0.0182525
920   30   0.0171452
920   60   0.0162057
920   90   0.0170521
920   120   0.0171559
920   150   0.0165749
920   180   0.0164443
920   210   0.0153337
920   240   0.0141765
920   270   0.0140976
920   300   0.0125993
920   330   0.0133207
920   360   0.0113935
920   390   0.0098999
920   420   0.0091987
920   450   0.0084493
920   480   0.0068177
920   525   0.0054146
920   570   0.0036185
920   630   0.0021822
920   675   0.0013424
920   705   0.0006654
920   750   0.0002701
960.0   510.0   0.0072158
960.0   600.0   0.0041016
960.0   630.0   0.0032110
960.0   660.0   0.0022023
960.0   690.0   0.0014374
960   0   0.0181007
960   30   0.0187619
960   60   0.0194270
960   90   0.0180148
960   120   0.0182117
960   150   0.0162549
960   180   0.0170650
960   210   0.0154211
960   240   0.0154610
960   270   0.0153758
960   300   0.0137952
960   330   0.0128937
960   360   0.0124106
960   390   0.0116669
960   420   0.0115555
960   450   0.0094020
960   540   0.0065370
960   570   0.0052745
960   675   0.0020440
960   720   0.0007491
960   750   0.0005357
