100.0   0.0   0.0000000
100.0   40.0   0.0000000
100.0   80.0   0.0000000
1000   0   0.0021050
1000   30   0.0020047
1000   60   0.0018249
1000   90   0.0023687
1000   120   0.0019318
1000   150   0.0019859
1000   180   0.0019823
1000   210   0.0016973
1000   240   0.0015258
1000   270   0.0017673
1000   300   0.0014512
1000   330   0.0013492
1000   360   0.0012912
1000   390   0.0010695
1000   420   0.0011021
1000   450   0.0011100
1000   480   0.0008890
1000   510   0.0007621
1000   540   0.0006211
1000   570   0.0003375
1000   600   0.0004786
1000   630   0.0002124
1000   660   0.0002301
1000   690   0.0002667
1000   720   0.0000707
1040   0   0.0020107
1040   30   0.0024724
1040   60   0.0018218
1040   90   0.0021409
1040   120   0.0023023
1040   150   0.0021117
1040   180   0.0016765
1040   210   0.0018730
1040   240   0.0015339
1040   270   0.0013570
1040   300   0.0012501
1040   330   0.0016611
1040   360   0.0013428
1040   390   0.0013026
1040   420   0.0013266
1040   450   0.0009169
1040   480   0.0010521
1040   510   0.0010197
1040   540   0.0007576
1040   570   0.0007708
1040   600   0.0005639
1040   630   0.0004231
1040   660   0.0004232
1040   690   0.0002109
1040   720   0.0001760
1080.0   510.0   0.0009820
1080   0   0.0023455
1080   30   0.0022061
1080   60   0.0025154
1080   90   0.0020348
1080   120   0.0021536
1080   150   0.0019285
1080   180   0.0017922
1080   210   0.0017121
1080   240   0.0020285
1080   270   0.0016483
1080   300   0.0022188
1080   330   0.0015435
1080   360   0.0014345
1080   390   0.0016256
1080   420   0.0012803
1080   450   0.0010838
1080   480   0.0012826
1080   495   0.0010519
1080   540   0.0007005
1080   585   0.0006483
1080   630   0.0006854
1080   660   0.0006483
1080   705   0.0004573
1080   750   0.0003149
1120.0   0.0   0.0022252
1120.0   690.0   0.0005413
1120   30   0.0024310
1120   60   0.0021030
1120   90   0.0024662
1120   120   0.0019172
1120   150   0.0021631
1120   180   0.0022546
1120   210   0.0018762
1120   240   0.0019846
1120   270   0.0018855
1120   300   0.0017911
1120   330   0.0021891
1120   360   0.0015659
1120   390   0.0016236
1120   420   0.0018119
1120   450   0.0014245
1120   480   0.0013964
1120   525   0.0008521
1120   570   0.0009572
1120   630   0.0006794
1120   660   0.0008501
1120   750   0.0002953
1160.0   240.0   0.0019519
1160.0   270.0   0.0020252
1160.0   300.0   0.0020440
1160.0   360.0   0.0016578
1160.0   390.0   0.0014395
1160.0   510.0   0.0013393
1160.0   540.0   0.0011080
1160.0   570.0   0.0011594
1160.0   630.0   0.0008141
1160.0   660.0   0.0009169
1160.0   690.0   0.0006912
1160   0   0.0027340
1160   30   0.0023179
1160   60   0.0023005
1160   90   0.0025809
1160   120   0.0026366
1160   150   0.0020907
1160   180   0.0021688
1160   210   0.0022734
1160   330   0.0019227
1160   420   0.0015721
1160   450   0.0014264
1160   480   0.0015061
1160   555   0.0013907
1160   600   0.0011808
1160   750   0.0004331
1200.0   600.0   0.0013746
1200.0   690.0   0.0008095
1200   15   0.0023945
1200   60   0.0029680
1200   105   0.0023619
1200   165   0.0020615
1200   180   0.0021215
1200   210   0.0020128
1200   240   0.0020287
1200   270   0.0019494
1200   300   0.0022227
1200   330   0.0018621
1200   360   0.0022431
1200   390   0.0017263
1200   420   0.0018569
1200   450   0.0017397
1200   480   0.0015652
1200   525   0.0011743
1200   570   0.0009610
1200   630   0.0011012
1200   645   0.0009477
1200   750   0.0006053
1240.0   90.0   0.0023241
1240.0   120.0   0.0023341
1240.0   210.0   0.0019823
1240.0   570.0   0.0014926
1240.0   600.0   0.0012493
1240.0   690.0   0.0010133
1240   0   0.0025468
1240   30   0.0027241
1240   60   0.0024175
1240   135   0.0022573
1240   180   0.0022935
1240   255   0.0022125
1240   300   0.0019837
1240   330   0.0020868
1240   360   0.0019474
1240   390   0.0022214
1240   420   0.0016581
1240   450   0.0015890
1240   480   0.0014826
1240   510   0.0014754
1240   540   0.0015774
1240   630   0.0009964
1240   660   0.0011662
1240   750   0.0008557
1280.0   450.0   0.0016034
1280.0   510.0   0.0017006
1280.0   540.0   0.0015469
1280.0   570.0   0.0014429
1280.0   600.0   0.0014650
1280.0   660.0   0.0013870
1280.0   690.0   0.0011413
1280   750   0.0009870
1280   0   0.0022671
1280   30   0.0028192
1280   60   0.0025738
1280   90   0.0027371
1280   120   0.0026695
1280   150   0.0024187
1280   180   0.0023620
1280   210   0.0023501
1280   240   0.0024100
1280   285   0.0021922
1280   330   0.0019446
1280   360   0.0016327
1280   405   0.0021975
1280   480   0.0020227
1280   630   0.0013844
1320.0   690.0   0.0013009
1320.0   210.0   0.0019646
1320.0   240.0   0.0022488
1320.0   270.0   0.0021025
1320.0   390.0   0.0021977
1320.0   420.0   0.0021285
1320.0   450.0   0.0021042
1320.0   570.0   0.0018577
1320.0   600.0   0.0013410
1320.0   630.0   0.0015152
1320.0   660.0   0.0011695
1320   750   0.0010808
1320   0   0.0030051
1320   30   0.0024371
1320   60   0.0027823
1320   90   0.0024302
1320   120   0.0026092
1320   150   0.0028545
1320   180   0.0020461
1320   300   0.0021133
1320   330   0.0023090
1320   360   0.0020897
1320   480   0.0018277
1320   510   0.0020975
1320   540   0.0019451
1360.0   660.0   0.0014469
1360.0   690.0   0.0013776
1360.0   0.0   0.0026081
1360.0   60.0   0.0028166
1360.0   90.0   0.0025169
1360.0   150.0   0.0029934
1360.0   210.0   0.0027109
1360.0   240.0   0.0025890
1360.0   300.0   0.0023842
1360.0   390.0   0.0019494
1360.0   450.0   0.0019466
1360.0   540.0   0.0018330
1360.0   570.0   0.0015946
1360.0   600.0   0.0015959
1360   750   0.0016292
1360   30   0.0025047
1360   105   0.0027308
1360   180   0.0025036
1360   255   0.0023432
1360   330   0.0021357
1360   360   0.0019148
1360   420   0.0022557
1360   510   0.0020399
1360   630   0.0013241
1400   615   0.0017055
1400   675   0.0017442
1400   15   0.0025335
1400   75   0.0031980
1400   135   0.0022469
1400   195   0.0025555
1400   255   0.0023946
1400   315   0.0023527
1400   375   0.0021787
1400   435   0.0020958
1400   495   0.0021115
1400   555   0.0020322
1440   570   0.0017791
1440   630   0.0015440
1440   690   0.0016906
1440   30   0.0028887
1440   90   0.0024053
1440   150   0.0026388
1440   210   0.0026544
1440   270   0.0023404
1440   330   0.0025601
1440   390   0.0020921
1440   450   0.0021863
1440   510   0.0017499
1480   525   0.0019295
1480   585   0.0019985
1480   645   0.0017800
1480   705   0.0015309
1480   45   0.0025640
1480   105   0.0026473
1480   165   0.0025855
1480   225   0.0022896
1480   285   0.0023925
1480   345   0.0023971
1480   405   0.0022422
1480   465   0.0017831
150.0   80.0   0.0000000
150.0   120.0   0.0000000
150.0   0.0   0.0000000
150.0   40.0   0.0000000
1520   495   0.0020984
1520   555   0.0019849
1520   615   0.0018812
1520   675   0.0018563
1520   15   0.0027277
1520   75   0.0027686
1520   135   0.0027334
1520   195   0.0031014
1520   255   0.0025383
1520   315   0.0026725
1520   375   0.0021270
1520   435   0.0022290
1560   450   0.0019890
1560   510   0.0021296
1560   570   0.0020235
1560   630   0.0019383
1560   690   0.0016681
1560   30   0.0029903
1560   90   0.0030803
1560   150   0.0029638
1560   210   0.0027946
1560   270   0.0026082
1560   330   0.0024182
1560   390   0.0026431
1600   435   0.0023773
1600   495   0.0021728
1600   555   0.0022415
1600   630   0.0015690
1600   705   0.0020764
1600   15   0.0029916
1600   75   0.0027346
1600   135   0.0028912
1600   195   0.0027758
1600   255   0.0022562
1600   315   0.0021675
1600   375   0.0024268
200.0   0.0   0.0000000
200.0   40.0   0.0000000
200.0   80.0   0.0000000
200.0   120.0   0.0000000
200.0   160.0   0.0000000
250.0   0.0   0.0000163
250.0   40.0   0.0000000
250.0   80.0   0.0000000
250.0   120.0   0.0000163
250.0   160.0   0.0000000
250.0   200.0   0.0000000
250.0   240.0   0.0000000
300.0   0.0   0.0000340
300.0   40.0   0.0000852
300.0   80.0   0.0000340
300.0   120.0   0.0000170
300.0   160.0   0.0000000
300.0   200.0   0.0000000
300.0   240.0   0.0000000
300.0   280.0   0.0000000
350.0   0.0   0.0000526
350.0   40.0   0.0000696
350.0   80.0   0.0000525
350.0   120.0   0.0000175
350.0   160.0   0.0000175
350.0   200.0   0.0000000
350.0   240.0   0.0000000
350.0   280.0   0.0000175
400.0   0.0   0.0000718
400.0   40.0   0.0002334
400.0   80.0   0.0001259
400.0   120.0   0.0000535
400.0   160.0   0.0000893
400.0   200.0   0.0000357
400.0   280.0   0.0000000
400   30   0.0001070
400   60   0.0001249
400   90   0.0001963
400   150   0.0000357
400   180   0.0000539
400   210   0.0000000
400   240   0.0000356
400   270   0.0000000
400   300   0.0000000
400   330   0.0000000
400   360   0.0000000
440   0   0.0001990
440   30   0.0002168
440   60   0.0001265
440   90   0.0001799
440   120   0.0001619
440   150   0.0001084
440   180   0.0000543
440   210   0.0000181
440   240   0.0000180
440   270   0.0000722
440   300   0.0000000
440   330   0.0000000
440   360   0.0000000
440   390   0.0000000
480   0   0.0003631
480   30   0.0002910
480   60   0.0003113
480   90   0.0002723
480   120   0.0001271
480   150   0.0001282
480   180   0.0000545
480   210   0.0000909
480   240   0.0000730
480   270   0.0000548
480   300   0.0000000
480   330   0.0000364
480   360   0.0000000
480   390   0.0000000
480   420   0.0000000
480   450   0.0000000
50.0   0.0   0.0000000
50.0   40.0   0.0000000
520   0   0.0004958
520   30   0.0002560
520   60   0.0004584
520   90   0.0002382
520   120   0.0003664
520   150   0.0001819
520   180   0.0002015
520   210   0.0002012
520   240   0.0000733
520   270   0.0001094
520   300   0.0000549
520   330   0.0000548
520   360   0.0000000
520   390   0.0000000
520   420   0.0000000
520   450   0.0000000
520   480   0.0000000
560   0   0.0004428
560   30   0.0003675
560   60   0.0006071
560   90   0.0004413
560   120   0.0004244
560   150   0.0003125
560   180   0.0002746
560   210   0.0002391
560   240   0.0000919
560   270   0.0001276
560   300   0.0000919
560   330   0.0000366
560   360   0.0000184
560   390   0.0000000
560   420   0.0000368
560   450   0.0000184
560   480   0.0000000
560   510   0.0000000
600   0   0.0005132
600   30   0.0004786
600   60   0.0005532
600   90   0.0006472
600   120   0.0006076
600   150   0.0003859
600   180   0.0004040
600   210   0.0002947
600   240   0.0002935
600   270   0.0002760
600   300   0.0002389
600   330   0.0000921
600   360   0.0000551
600   390   0.0000553
600   420   0.0000367
600   450   0.0000000
600   480   0.0000183
600   510   0.0000000
600   540   0.0000000
600   570   0.0000000
640   0   0.0008862
640   30   0.0009199
640   60   0.0008239
640   90   0.0008454
640   120   0.0008125
640   150   0.0005865
640   180   0.0005323
640   210   0.0004431
640   240   0.0004602
640   270   0.0003127
640   300   0.0002941
640   330   0.0003136
640   360   0.0001280
640   390   0.0001099
640   420   0.0000917
640   450   0.0000368
640   480   0.0000000
640   510   0.0000000
640   540   0.0000000
640   570   0.0000000
640   600   0.0000000
680.0   60.0   0.0009393
680.0   90.0   0.0009559
680.0   120.0   0.0007166
680.0   660.0   0.0000000
680   0   0.0009150
680   30   0.0011207
680   150   0.0009232
680   180   0.0005497
680   210   0.0004594
680   240   0.0003864
680   270   0.0003846
680   300   0.0004212
680   330   0.0003313
680   360   0.0003507
680   390   0.0002017
680   420   0.0001838
680   450   0.0000730
680   480   0.0000185
680   510   0.0000184
680   540   0.0000000
680   570   0.0000000
680   600   0.0000000
680   630   0.0000000
720.0   510.0   0.0000183
720.0   540.0   0.0000184
720.0   570.0   0.0000000
720.0   600.0   0.0000000
720.0   630.0   0.0000000
720.0   660.0   0.0000000
720.0   690.0   0.0000000
720   0   0.0009535
720   30   0.0011026
720   60   0.0008652
720   90   0.0010252
720   120   0.0011400
720   150   0.0009507
720   180   0.0007530
720   210   0.0008074
720   240   0.0004764
720   270   0.0006407
720   300   0.0004192
720   330   0.0005310
720   360   0.0003110
720   390   0.0002205
720   420   0.0001649
720   450   0.0000365
720   480   0.0000548
760.0   180.0   0.0009143
760.0   210.0   0.0009128
760.0   630.0   0.0000000
760.0   660.0   0.0000000
760.0   690.0   0.0000000
760   0   0.0010387
760   30   0.0011845
760   60   0.0011507
760   90   0.0011678
760   120   0.0010010
760   150   0.0010432
760   240   0.0007669
760   285   0.0005651
760   330   0.0004384
760   375   0.0002909
760   420   0.0002731
760   465   0.0001826
760   510   0.0001094
760   555   0.0000545
760   600   0.0000183
760   645   0.0000183
800.0   180.0   0.0011643
800.0   540.0   0.0001270
800.0   570.0   0.0000730
800.0   600.0   0.0000362
800.0   630.0   0.0000000
800.0   660.0   0.0000000
800.0   690.0   0.0000000
800   0   0.0015691
800   30   0.0014276
800   60   0.0015417
800   90   0.0013837
800   120   0.0010572
800   150   0.0011480
800   210   0.0010409
800   240   0.0009670
800   270   0.0009282
800   300   0.0006381
800   330   0.0007661
800   360   0.0005985
800   390   0.0004924
800   420   0.0004554
800   450   0.0003084
800   480   0.0001273
800   510   0.0001442
840.0   120.0   0.0014857
840.0   150.0   0.0012785
840.0   210.0   0.0013501
840.0   240.0   0.0011985
840.0   690.0   0.0000181
840   0   0.0017421
840   30   0.0012661
840   60   0.0014948
840   90   0.0014076
840   180   0.0013060
840   270   0.0008856
840   300   0.0010464
840   330   0.0008357
840   360   0.0007392
840   390   0.0005413
840   420   0.0003247
840   450   0.0005429
840   480   0.0003259
840   510   0.0001450
840   525   0.0002719
840   540   0.0001269
840   570   0.0001271
840   600   0.0000361
840   630   0.0000181
840   660   0.0000000
880.0   210.0   0.0015016
880.0   270.0   0.0013526
880.0   300.0   0.0010285
880.0   330.0   0.0009159
880.0   480.0   0.0005200
880.0   510.0   0.0002881
880.0   570.0   0.0001261
880.0   690.0   0.0000000
880   0   0.0021692
880   30   0.0015817
880   60   0.0017794
880   90   0.0015918
880   120   0.0016508
880   150   0.0014715
880   180   0.0016986
880   240   0.0012237
880   360   0.0007200
880   390   0.0008621
880   420   0.0006665
880   450   0.0006499
880   540   0.0003446
880   600   0.0000904
880   630   0.0000899
880   660   0.0000722
880   720   0.0000180
920.0   600.0   0.0002517
920   0   0.0017733
920   30   0.0017521
920   60   0.0021691
920   90   0.0019524
920   120   0.0012840
920   150   0.0013812
920   180   0.0014268
920   210   0.0011451
920   240   0.0016593
920   270   0.0015028
920   300   0.0011957
920   330   0.0014464
920   360   0.0010016
920   390   0.0010581
920   420   0.0008983
920   450   0.0005920
920   480   0.0006638
920   525   0.0005343
920   570   0.0004478
920   630   0.0001431
920   675   0.0000358
920   705   0.0000360
920   750   0.0000540
960.0   510.0   0.0006770
960.0   600.0   0.0003032
960.0   630.0   0.0002141
960.0   660.0   0.0000710
960.0   690.0   0.0001775
960   0   0.0020528
960   30   0.0018370
960   60   0.0021586
960   90   0.0019225
960   120   0.0019978
960   150   0.0016434
960   180   0.0017261
960   210   0.0018363
960   240   0.0016190
960   270   0.0015770
960   300   0.0013956
960   330   0.0012983
960   360   0.0010268
960   390   0.0011417
960   420   0.0011183
960   450   0.0008547
960   540   0.0007283
960   570   0.0002861
960   675   0.0001777
960   720   0.0000357
960   750   0.0000536
