100.0   0.0   0.0000000
100.0   40.0   0.0000000
100.0   80.0   0.0000000
1000   0   0.0042101
1000   30   0.0041159
1000   60   0.0038092
1000   90   0.0036331
1000   120   0.0039876
1000   150   0.0037945
1000   180   0.0039292
1000   210   0.0033238
1000   240   0.0036194
1000   270   0.0035700
1000   300   0.0034688
1000   330   0.0032310
1000   360   0.0029715
1000   390   0.0026024
1000   420   0.0024887
1000   450   0.0022729
1000   480   0.0024891
1000   510   0.0017192
1000   540   0.0016327
1000   570   0.0014210
1000   600   0.0014181
1000   630   0.0010974
1000   660   0.0005663
1000   690   0.0006222
1000   720   0.0004244
1040   0   0.0043389
1040   30   0.0045563
1040   60   0.0048816
1040   90   0.0039810
1040   120   0.0041619
1040   150   0.0043114
1040   180   0.0041473
1040   210   0.0038519
1040   240   0.0034732
1040   270   0.0034189
1040   300   0.0036976
1040   330   0.0033221
1040   360   0.0033923
1040   390   0.0029573
1040   420   0.0026885
1040   450   0.0025215
1040   480   0.0024199
1040   510   0.0021448
1040   540   0.0020967
1040   570   0.0018044
1040   600   0.0014626
1040   630   0.0013398
1040   660   0.0009875
1040   690   0.0008262
1040   720   0.0006687
1080.0   510.0   0.0025953
1080   0   0.0041134
1080   30   0.0046063
1080   60   0.0044680
1080   90   0.0042274
1080   120   0.0044297
1080   150   0.0042253
1080   180   0.0039358
1080   210   0.0038960
1080   240   0.0040395
1080   270   0.0038929
1080   300   0.0038087
1080   330   0.0036657
1080   360   0.0036037
1080   390   0.0034259
1080   420   0.0032446
1080   450   0.0026920
1080   480   0.0026354
1080   495   0.0030156
1080   540   0.0022065
1080   585   0.0020499
1080   630   0.0013708
1080   660   0.0013841
1080   705   0.0010553
1080   750   0.0004898
1120.0   0.0   0.0043288
1120.0   690.0   0.0011873
1120   30   0.0047751
1120   60   0.0044319
1120   90   0.0043246
1120   120   0.0042877
1120   150   0.0047274
1120   180   0.0043704
1120   210   0.0037875
1120   240   0.0041606
1120   270   0.0041726
1120   300   0.0039649
1120   330   0.0037477
1120   360   0.0033580
1120   390   0.0036312
1120   420   0.0032580
1120   450   0.0032659
1120   480   0.0027579
1120   525   0.0028171
1120   570   0.0027150
1120   630   0.0020731
1120   660   0.0017002
1120   750   0.0009381
1160.0   240.0   0.0042320
1160.0   270.0   0.0039292
1160.0   300.0   0.0043304
1160.0   360.0   0.0036264
1160.0   390.0   0.0036249
1160.0   510.0   0.0031831
1160.0   540.0   0.0025450
1160.0   570.0   0.0027860
1160.0   630.0   0.0022170
1160.0   660.0   0.0018165
1160.0   690.0   0.0017625
1160   0   0.0045336
1160   30   0.0049298
1160   60   0.0043243
1160   90   0.0046941
1160   120   0.0044752
1160   150   0.0046651
1160   180   0.0048581
1160   210   0.0040436
1160   330   0.0042437
1160   420   0.0037316
1160   450   0.0032182
1160   480   0.0036700
1160   555   0.0029378
1160   600   0.0025006
1160   750   0.0010741
1200.0   600.0   0.0025430
1200.0   690.0   0.0020668
1200   15   0.0053575
1200   60   0.0042794
1200   105   0.0047238
1200   165   0.0044665
1200   180   0.0045018
1200   210   0.0046448
1200   240   0.0045733
1200   270   0.0044509
1200   300   0.0035150
1200   330   0.0035862
1200   360   0.0037960
1200   390   0.0040568
1200   420   0.0035590
1200   450   0.0035484
1200   480   0.0033196
1200   525   0.0030566
1200   570   0.0029860
1200   630   0.0028217
1200   645   0.0026535
1200   750   0.0015910
1240.0   90.0   0.0048191
1240.0   120.0   0.0048386
1240.0   210.0   0.0044772
1240.0   570.0   0.0035342
1240.0   600.0   0.0028237
1240.0   690.0   0.0021640
1240   0   0.0043928
1240   30   0.0050541
1240   60   0.0054866
1240   135   0.0050961
1240   180   0.0043131
1240   255   0.0043393
1240   300   0.0043948
1240   330   0.0042420
1240   360   0.0048173
1240   390   0.0046137
1240   420   0.0037606
1240   450   0.0035197
1240   480   0.0034593
1240   510   0.0036541
1240   540   0.0031035
1240   630   0.0026627
1240   660   0.0028640
1240   750   0.0017284
1280.0   450.0   0.0044689
1280.0   510.0   0.0036904
1280.0   540.0   0.0041307
1280.0   570.0   0.0033780
1280.0   600.0   0.0034752
1280.0   660.0   0.0028416
1280.0   690.0   0.0026062
1280   750   0.0018549
1280   0   0.0052447
1280   30   0.0047213
1280   60   0.0050461
1280   90   0.0051171
1280   120   0.0048459
1280   150   0.0046329
1280   180   0.0046900
1280   210   0.0044787
1280   240   0.0047345
1280   285   0.0045204
1280   330   0.0043156
1280   360   0.0040648
1280   405   0.0038500
1280   480   0.0037055
1280   630   0.0031278
1320.0   690.0   0.0027538
1320.0   210.0   0.0047930
1320.0   240.0   0.0044468
1320.0   270.0   0.0048106
1320.0   390.0   0.0045982
1320.0   420.0   0.0043415
1320.0   450.0   0.0045115
1320.0   570.0   0.0038842
1320.0   600.0   0.0034968
1320.0   630.0   0.0029463
1320.0   660.0   0.0028644
1320   750   0.0025837
1320   0   0.0048115
1320   30   0.0053481
1320   60   0.0050250
1320   90   0.0049454
1320   120   0.0047100
1320   150   0.0048813
1320   180   0.0044472
1320   300   0.0044801
1320   330   0.0045670
1320   360   0.0042983
1320   480   0.0040785
1320   510   0.0038398
1320   540   0.0034167
1360.0   660.0   0.0036845
1360.0   690.0   0.0030072
1360.0   0.0   0.0052330
1360.0   60.0   0.0050128
1360.0   90.0   0.0044465
1360.0   150.0   0.0051243
1360.0   210.0   0.0046186
1360.0   240.0   0.0048753
1360.0   300.0   0.0044997
1360.0   390.0   0.0042013
1360.0   450.0   0.0041449
1360.0   540.0   0.0038341
1360.0   570.0   0.0037431
1360.0   600.0   0.0038301
1360   750   0.0023178
1360   30   0.0054802
1360   105   0.0051266
1360   180   0.0049064
1360   255   0.0049056
1360   330   0.0043724
1360   360   0.0044175
1360   420   0.0042926
1360   510   0.0045013
1360   630   0.0035701
1400   615   0.0034612
1400   675   0.0035554
1400   15   0.0054865
1400   75   0.0055298
1400   135   0.0053093
1400   195   0.0047937
1400   255   0.0043900
1400   315   0.0045219
1400   375   0.0044073
1400   435   0.0046276
1400   495   0.0041392
1400   555   0.0038313
1440   570   0.0044395
1440   630   0.0037520
1440   690   0.0038619
1440   30   0.0049640
1440   90   0.0050429
1440   150   0.0048129
1440   210   0.0051429
1440   270   0.0044981
1440   330   0.0046049
1440   390   0.0040846
1440   450   0.0046044
1440   510   0.0037969
1480   525   0.0041228
1480   585   0.0042448
1480   645   0.0038732
1480   705   0.0038354
1480   45   0.0051446
1480   105   0.0050299
1480   165   0.0047593
1480   225   0.0049745
1480   285   0.0053130
1480   345   0.0048602
1480   405   0.0043524
1480   465   0.0045403
150.0   80.0   0.0000142
150.0   120.0   0.0000000
150.0   0.0   0.0000000
150.0   40.0   0.0000000
1520   495   0.0045411
1520   555   0.0042980
1520   615   0.0040758
1520   675   0.0038439
1520   15   0.0052581
1520   75   0.0051087
1520   135   0.0053351
1520   195   0.0052838
1520   255   0.0046180
1520   315   0.0045580
1520   375   0.0045812
1520   435   0.0040155
1560   450   0.0045323
1560   510   0.0048445
1560   570   0.0050262
1560   630   0.0043001
1560   690   0.0039087
1560   30   0.0057855
1560   90   0.0055739
1560   150   0.0049506
1560   210   0.0047605
1560   270   0.0050697
1560   330   0.0046240
1560   390   0.0047836
1600   435   0.0047061
1600   495   0.0043456
1600   555   0.0048566
1600   630   0.0045938
1600   705   0.0037504
1600   15   0.0052515
1600   75   0.0051598
1600   135   0.0050515
1600   195   0.0050647
1600   255   0.0046586
1600   315   0.0048204
1600   375   0.0047242
200.0   0.0   0.0000000
200.0   40.0   0.0000154
200.0   80.0   0.0000000
200.0   120.0   0.0000000
200.0   160.0   0.0000000
250.0   0.0   0.0000163
250.0   40.0   0.0000000
250.0   80.0   0.0000326
250.0   120.0   0.0000000
250.0   160.0   0.0000000
250.0   200.0   0.0000000
250.0   240.0   0.0000000
300.0   0.0   0.0000509
300.0   40.0   0.0000170
300.0   80.0   0.0000340
300.0   120.0   0.0001018
300.0   160.0   0.0000170
300.0   200.0   0.0000000
300.0   240.0   0.0000000
300.0   280.0   0.0000000
350.0   0.0   0.0001928
350.0   40.0   0.0001915
350.0   80.0   0.0001924
350.0   120.0   0.0000874
350.0   160.0   0.0000525
350.0   200.0   0.0000175
350.0   240.0   0.0000000
350.0   280.0   0.0000000
400.0   0.0   0.0005743
400.0   40.0   0.0005027
400.0   80.0   0.0003416
400.0   120.0   0.0002674
400.0   160.0   0.0001429
400.0   200.0   0.0000892
400.0   280.0   0.0000000
400   30   0.0005170
400   60   0.0004105
400   90   0.0002499
400   150   0.0001426
400   180   0.0002156
400   210   0.0000895
400   240   0.0001603
400   270   0.0000356
400   300   0.0000357
400   330   0.0000178
400   360   0.0000000
440   0   0.0005609
440   30   0.0005240
440   60   0.0003615
440   90   0.0005397
440   120   0.0003778
440   150   0.0003072
440   180   0.0002717
440   210   0.0001268
440   240   0.0001258
440   270   0.0000722
440   300   0.0000180
440   330   0.0000360
440   360   0.0000000
440   390   0.0000000
480   0   0.0010531
480   30   0.0007092
480   60   0.0006042
480   90   0.0006354
480   120   0.0005446
480   150   0.0005126
480   180   0.0005087
480   210   0.0004725
480   240   0.0002554
480   270   0.0000548
480   300   0.0000546
480   330   0.0000364
480   360   0.0000365
480   390   0.0000000
480   420   0.0000000
480   450   0.0000182
50.0   0.0   0.0000000
50.0   40.0   0.0000000
520   0   0.0011018
520   30   0.0011337
520   60   0.0007701
520   90   0.0008244
520   120   0.0008611
520   150   0.0008911
520   180   0.0005312
520   210   0.0004207
520   240   0.0004397
520   270   0.0003464
520   300   0.0002197
520   330   0.0000731
520   360   0.0000919
520   390   0.0000000
520   420   0.0000367
520   450   0.0000000
520   480   0.0000000
560   0   0.0014207
560   30   0.0015804
560   60   0.0011773
560   90   0.0011584
560   120   0.0010703
560   150   0.0009926
560   180   0.0008056
560   210   0.0005517
560   240   0.0003491
560   270   0.0003280
560   300   0.0002574
560   330   0.0002015
560   360   0.0000734
560   390   0.0000554
560   420   0.0000368
560   450   0.0000000
560   480   0.0000551
560   510   0.0000184
600   0   0.0019245
600   30   0.0017121
600   60   0.0016412
600   90   0.0020342
600   120   0.0017860
600   150   0.0011208
600   180   0.0011569
600   210   0.0010497
600   240   0.0008987
600   270   0.0007361
600   300   0.0005696
600   330   0.0004050
600   360   0.0002388
600   390   0.0001106
600   420   0.0001101
600   450   0.0000368
600   480   0.0000367
600   510   0.0000000
600   540   0.0000000
600   570   0.0000000
640   0   0.0023817
640   30   0.0022077
640   60   0.0017577
640   90   0.0020769
640   120   0.0018835
640   150   0.0014297
640   180   0.0017070
640   210   0.0011261
640   240   0.0008284
640   270   0.0009381
640   300   0.0005513
640   330   0.0006641
640   360   0.0002926
640   390   0.0002749
640   420   0.0002018
640   450   0.0001105
640   480   0.0000552
640   510   0.0000000
640   540   0.0000184
640   570   0.0000000
640   600   0.0000000
680.0   60.0   0.0024679
680.0   90.0   0.0022426
680.0   120.0   0.0018557
680.0   660.0   0.0000000
680   0   0.0027815
680   30   0.0023334
680   150   0.0022158
680   180   0.0016308
680   210   0.0015988
680   240   0.0013984
680   270   0.0009157
680   300   0.0009340
680   330   0.0006810
680   360   0.0005907
680   390   0.0005867
680   420   0.0003125
680   450   0.0001643
680   480   0.0001484
680   510   0.0000552
680   540   0.0000550
680   570   0.0000367
680   600   0.0000000
680   630   0.0000183
720.0   510.0   0.0001649
720.0   540.0   0.0000551
720.0   570.0   0.0001461
720.0   600.0   0.0000183
720.0   630.0   0.0000000
720.0   660.0   0.0000000
720.0   690.0   0.0000000
720   0   0.0023655
720   30   0.0025359
720   60   0.0027429
720   90   0.0024899
720   120   0.0027765
720   150   0.0022854
720   180   0.0021671
720   210   0.0019083
720   240   0.0014659
720   270   0.0013546
720   300   0.0012575
720   330   0.0011718
720   360   0.0009878
720   390   0.0006798
720   420   0.0004030
720   450   0.0004567
720   480   0.0001645
760.0   180.0   0.0025235
760.0   210.0   0.0020265
760.0   630.0   0.0000000
760.0   660.0   0.0000184
760.0   690.0   0.0000000
760   0   0.0031526
760   30   0.0025329
760   60   0.0025206
760   90   0.0024632
760   120   0.0024934
760   150   0.0024707
760   240   0.0022643
760   285   0.0016043
760   330   0.0012240
760   375   0.0011998
760   420   0.0006008
760   465   0.0004747
760   510   0.0003282
760   555   0.0000909
760   600   0.0000183
760   645   0.0000366
800.0   180.0   0.0024195
800.0   540.0   0.0002904
800.0   570.0   0.0003650
800.0   600.0   0.0000362
800.0   630.0   0.0000364
800.0   660.0   0.0000000
800.0   690.0   0.0000000
800   0   0.0032295
800   30   0.0032030
800   60   0.0027569
800   90   0.0028584
800   120   0.0032808
800   150   0.0027698
800   210   0.0026113
800   240   0.0022988
800   270   0.0020383
800   300   0.0018415
800   330   0.0017328
800   360   0.0013966
800   390   0.0012036
800   420   0.0007651
800   450   0.0009977
800   480   0.0005272
800   510   0.0006130
840.0   120.0   0.0028990
840.0   150.0   0.0034574
840.0   210.0   0.0025922
840.0   240.0   0.0027240
840.0   690.0   0.0000543
840   0   0.0036293
840   30   0.0030749
840   60   0.0031172
840   90   0.0032664
840   180   0.0029929
840   270   0.0025302
840   300   0.0022190
840   330   0.0020711
840   360   0.0019110
840   390   0.0011187
840   420   0.0014971
840   450   0.0008686
840   480   0.0010502
840   510   0.0005255
840   525   0.0004532
840   540   0.0004714
840   570   0.0002543
840   600   0.0002887
840   630   0.0001993
840   660   0.0000724
880.0   210.0   0.0031478
880.0   270.0   0.0025970
880.0   300.0   0.0026345
880.0   330.0   0.0023166
880.0   480.0   0.0010758
880.0   510.0   0.0009185
880.0   570.0   0.0005045
880.0   690.0   0.0001082
880   0   0.0033344
880   30   0.0041341
880   60   0.0033772
880   90   0.0035093
880   120   0.0032479
880   150   0.0031224
880   180   0.0029634
880   240   0.0027354
880   360   0.0019619
880   390   0.0016165
880   420   0.0016572
880   450   0.0014443
880   540   0.0005079
880   600   0.0004522
880   630   0.0002158
880   660   0.0001985
880   720   0.0000180
920.0   600.0   0.0005574
920   0   0.0033317
920   30   0.0037723
920   60   0.0041410
920   90   0.0038152
920   120   0.0038342
920   150   0.0035518
920   180   0.0036384
920   210   0.0029164
920   240   0.0031744
920   270   0.0027551
920   300   0.0026234
920   330   0.0028213
920   360   0.0023968
920   390   0.0019907
920   420   0.0020661
920   450   0.0016863
920   480   0.0012738
920   525   0.0010865
920   570   0.0007165
920   630   0.0003935
920   675   0.0002685
920   705   0.0001798
920   750   0.0001080
960.0   510.0   0.0016748
960.0   600.0   0.0010165
960.0   630.0   0.0009098
960.0   660.0   0.0005151
960.0   690.0   0.0003904
960   0   0.0039629
960   30   0.0040306
960   60   0.0039603
960   90   0.0038807
960   120   0.0038706
960   150   0.0035189
960   180   0.0038258
960   210   0.0035121
960   240   0.0034694
960   270   0.0032615
960   300   0.0030596
960   330   0.0029700
960   360   0.0024963
960   390   0.0023548
960   420   0.0026270
960   450   0.0022437
960   540   0.0014388
960   570   0.0010906
960   675   0.0004266
960   720   0.0002497
960   750   0.0001250
