1020   650   0.0002832
1020   700   0.0002128
1020   0   0.0003366
1020   50   0.0003706
1020   100   0.0002654
1020   150   0.0003015
1020   200   0.0003015
1020   250   0.0001942
1020   300   0.0002305
1020   350   0.0002997
1020   400   0.0001771
1020   450   0.0001595
1020   500   0.0002124
1020   550   0.0003184
1020   600   0.0003009
1080   0   0.0004032
1080   50   0.0002620
1080   100   0.0002790
1080   150   0.0002452
1080   200   0.0001761
1080   250   0.0001925
1080   300   0.0002281
1080   350   0.0002978
1080   400   0.0002982
1080   450   0.0002100
1080   500   0.0003326
1080   550   0.0002288
1080   600   0.0003507
1080   650   0.0002624
1080   700   0.0002103
1140   0   0.0002782
1140   50   0.0003483
1140   100   0.0003124
1140   150   0.0001388
1140   200   0.0002427
1140   250   0.0002093
1140   300   0.0001736
1140   350   0.0001042
1140   400   0.0002427
1140   450   0.0001907
1140   500   0.0002256
1140   550   0.0002430
1140   600   0.0001385
1140   650   0.0002265
1140   700   0.0002271
1200   0   0.0004630
1200   50   0.0003777
1200   100   0.0003289
1200   150   0.0001897
1200   200   0.0002062
1200   250   0.0003450
1200   300   0.0002231
1200   350   0.0002914
1200   400   0.0002577
1200   450   0.0002402
1200   500   0.0001367
1200   550   0.0002747
1200   600   0.0001375
1200   650   0.0002414
1200   700   0.0002069
120   0   0.0000133
120   50   0.0000000
120   100   0.0000000
1260   0   0.0003750
1260   50   0.0002209
1260   100   0.0002039
1260   150   0.0002223
1260   200   0.0003409
1260   250   0.0002050
1260   300   0.0001361
1260   350   0.0002723
1260   400   0.0001535
1260   450   0.0000515
1260   500   0.0001873
1260   550   0.0001361
1260   600   0.0001194
1260   650   0.0001026
1260   700   0.0001370
1320   0   0.0003544
1320   50   0.0002200
1320   100   0.0002543
1320   150   0.0003728
1320   200   0.0002197
1320   250   0.0002196
1320   300   0.0003215
1320   350   0.0002368
1320   400   0.0001016
1320   450   0.0001014
1320   500   0.0001529
1320   550   0.0002032
1320   600   0.0001184
1320   650   0.0001017
1320   700   0.0001351
1380.0   650.0   0.0003177
1380   0   0.0002855
1380   50   0.0004543
1380   100   0.0004031
1380   150   0.0003179
1380   200   0.0001848
1380   250   0.0001675
1380   300   0.0001842
1380   350   0.0002345
1380   400   0.0002012
1380   450   0.0002012
1380   500   0.0001516
1380   550   0.0000836
1380   600   0.0002334
1380   700   0.0001003
1440   0   0.0002485
1440   50   0.0002847
1440   100   0.0002662
1440   150   0.0002491
1440   200   0.0002989
1440   250   0.0002816
1440   300   0.0001664
1440   350   0.0001660
1440   400   0.0001823
1440   450   0.0002669
1440   500   0.0001655
1440   550   0.0001324
1440   600   0.0001664
1440   650   0.0001652
1440   700   0.0002153
1500   0   0.0003455
1500   50   0.0003296
1500   100   0.0002642
1500   150   0.0002466
1500   200   0.0002140
1500   250   0.0001978
1500   300   0.0001811
1500   350   0.0001155
1500   400   0.0001982
1500   450   0.0001149
1500   500   0.0000328
1500   550   0.0001316
1500   600   0.0000988
1500   650   0.0001485
1500   700   0.0001312
1560   0   0.0003082
1560   50   0.0003593
1560   100   0.0002450
1560   150   0.0001144
1560   200   0.0002447
1560   250   0.0002934
1560   300   0.0001788
1560   350   0.0002443
1560   400   0.0000977
1560   450   0.0000974
1560   500   0.0001461
1560   550   0.0000812
1560   600   0.0001465
1560   650   0.0000976
1560   700   0.0000975
1620   0   0.0003405
1620   50   0.0002572
1620   100   0.0002111
1620   150   0.0001941
1620   200   0.0001296
1620   250   0.0002425
1620   300   0.0002103
1620   350   0.0001132
1620   400   0.0001937
1620   450   0.0001939
1620   500   0.0001291
1620   550   0.0001129
1620   600   0.0001458
1620   650   0.0000808
1620   700   0.0001296
1680.0   0.0   0.0002728
1680.0   50.0   0.0002716
1680.0   100.0   0.0002410
1680.0   150.0   0.0002397
1680.0   200.0   0.0001600
1680.0   250.0   0.0002899
1680.0   300.0   0.0002403
1680.0   350.0   0.0001440
1680.0   400.0   0.0001609
1680.0   450.0   0.0002093
1680.0   500.0   0.0000803
1680.0   550.0   0.0001279
1680.0   600.0   0.0000962
1680.0   650.0   0.0000643
1680.0   700.0   0.0001439
180   0   0.0000150
180   50   0.0000000
180   100   0.0000000
180   150   0.0000000
240   0   0.0000161
240   50   0.0000000
240   100   0.0000645
240   150   0.0000161
240   200   0.0000000
300   0   0.0000170
300   50   0.0001026
300   100   0.0000848
300   150   0.0000510
300   200   0.0000000
300   250   0.0000000
360   0   0.0000702
360   50   0.0001748
360   100   0.0000879
360   150   0.0000881
360   200   0.0000702
360   250   0.0000351
360   300   0.0000175
420.0   0.0   0.0003415
420.0   50.0   0.0001970
420   100   0.0000897
420   150   0.0001441
420   200   0.0001253
420   250   0.0000893
420   300   0.0000360
420   350   0.0000361
420   400   0.0000000
480.0   450.0   0.0000000
480   0   0.0002740
480   50   0.0002899
480   100   0.0001455
480   150   0.0001631
480   200   0.0002181
480   250   0.0001645
480   300   0.0001092
480   350   0.0001092
480   400   0.0000000
480   450   0.0000000
540   0   0.0002383
540   50   0.0003668
540   100   0.0002386
540   150   0.0001653
540   200   0.0002386
540   250   0.0001832
540   300   0.0001453
540   350   0.0001280
540   400   0.0000915
540   450   0.0000551
540   500   0.0000000
60.0   0.0   0.0000000
600   0   0.0003688
600   50   0.0002211
600   100   0.0004958
600   150   0.0002747
600   200   0.0001845
600   250   0.0002954
600   300   0.0001838
600   350   0.0001473
600   400   0.0001470
600   450   0.0000733
600   500   0.0000732
600   550   0.0000000
660   0   0.0002949
660   50   0.0004226
660   100   0.0002206
660   150   0.0002379
660   200   0.0003305
660   250   0.0002379
660   300   0.0003307
660   350   0.0001279
660   400   0.0003120
660   450   0.0001469
660   500   0.0001651
660   550   0.0000000
660   600   0.0000369
720.0   650.0   0.0000182
720.0   700.0   0.0000000
720   0   0.0004208
720   50   0.0002569
720   100   0.0004566
720   150   0.0004035
720   200   0.0001282
720   250   0.0003860
720   300   0.0005127
720   350   0.0003829
720   400   0.0004025
720   450   0.0002378
720   500   0.0002393
720   550   0.0001656
720   600   0.0000733
780.0   650.0   0.0001276
780.0   700.0   0.0000182
780   0   0.0003636
780   50   0.0002735
780   100   0.0003104
780   150   0.0004907
780   200   0.0003306
780   250   0.0003097
780   300   0.0003278
780   350   0.0002730
780   400   0.0003466
780   450   0.0002551
780   500   0.0001458
780   550   0.0000733
780   600   0.0001461
840   0   0.0003091
840   50   0.0004901
840   100   0.0002346
840   150   0.0003073
840   200   0.0002164
840   250   0.0002722
840   300   0.0002724
840   350   0.0003104
840   400   0.0003614
840   450   0.0002360
840   500   0.0002713
840   550   0.0003434
840   600   0.0003263
840   650   0.0002161
840   700   0.0001088
900   0   0.0002868
900   50   0.0003599
900   100   0.0003771
900   150   0.0002511
900   200   0.0002869
900   250   0.0002869
900   300   0.0001979
900   350   0.0003578
900   400   0.0002878
900   450   0.0003236
900   500   0.0003764
900   550   0.0002521
900   600   0.0003406
900   650   0.0002880
900   700   0.0001624
960   0   0.0004125
960   50   0.0003389
960   100   0.0002855
960   150   0.0002492
960   200   0.0002505
960   250   0.0001955
960   300   0.0001603
960   350   0.0001606
960   400   0.0002856
960   450   0.0002684
960   500   0.0002326
960   550   0.0003201
960   600   0.0003559
960   650   0.0002678
960   700   0.0002673
