1020   650   0.0009205
1020   700   0.0008687
1020   0   0.0009211
1020   50   0.0011294
1020   100   0.0010263
1020   150   0.0008868
1020   200   0.0007093
1020   250   0.0006002
1020   300   0.0007091
1020   350   0.0007756
1020   400   0.0008145
1020   450   0.0006025
1020   500   0.0006902
1020   550   0.0005837
1020   600   0.0008495
1080   0   0.0009467
1080   50   0.0008035
1080   100   0.0008022
1080   150   0.0006656
1080   200   0.0006869
1080   250   0.0007001
1080   300   0.0007543
1080   350   0.0007533
1080   400   0.0008420
1080   450   0.0006125
1080   500   0.0007352
1080   550   0.0005455
1080   600   0.0007365
1080   650   0.0008221
1080   700   0.0005609
1140   0   0.0011995
1140   50   0.0009405
1140   100   0.0006769
1140   150   0.0009887
1140   200   0.0007974
1140   250   0.0008024
1140   300   0.0006772
1140   350   0.0007291
1140   400   0.0005028
1140   450   0.0008146
1140   500   0.0004512
1140   550   0.0006595
1140   600   0.0007619
1140   650   0.0005924
1140   700   0.0006637
1200   0   0.0009603
1200   50   0.0008584
1200   100   0.0009175
1200   150   0.0006725
1200   200   0.0006529
1200   250   0.0006901
1200   300   0.0004633
1200   350   0.0007199
1200   400   0.0008247
1200   450   0.0004117
1200   500   0.0005811
1200   550   0.0005151
1200   600   0.0006359
1200   650   0.0005345
1200   700   0.0006897
120   0   0.0000133
120   50   0.0000000
120   100   0.0000000
1260   0   0.0012786
1260   50   0.0009345
1260   100   0.0007648
1260   150   0.0006498
1260   200   0.0008011
1260   250   0.0007005
1260   300   0.0005956
1260   350   0.0006296
1260   400   0.0004434
1260   450   0.0003087
1260   500   0.0005109
1260   550   0.0004763
1260   600   0.0004775
1260   650   0.0007010
1260   700   0.0004966
1320   0   0.0011645
1320   50   0.0007615
1320   100   0.0008136
1320   150   0.0006947
1320   200   0.0008449
1320   250   0.0005574
1320   300   0.0005752
1320   350   0.0006596
1320   400   0.0006606
1320   450   0.0003717
1320   500   0.0005437
1320   550   0.0004741
1320   600   0.0005579
1320   650   0.0004407
1320   700   0.0005235
1380.0   650.0   0.0003177
1380   0   0.0010915
1380   50   0.0008413
1380   100   0.0007559
1380   150   0.0006693
1380   200   0.0005880
1380   250   0.0007204
1380   300   0.0006697
1380   350   0.0005527
1380   400   0.0005701
1380   450   0.0004527
1380   500   0.0005054
1380   550   0.0005520
1380   600   0.0005502
1380   700   0.0003678
1440   0   0.0011761
1440   50   0.0009879
1440   100   0.0008319
1440   150   0.0006477
1440   200   0.0007307
1440   250   0.0006957
1440   300   0.0004824
1440   350   0.0005146
1440   400   0.0004973
1440   450   0.0005505
1440   500   0.0003476
1440   550   0.0004966
1440   600   0.0004327
1440   650   0.0003799
1440   700   0.0004968
1500   0   0.0009707
1500   50   0.0009229
1500   100   0.0007100
1500   150   0.0007891
1500   200   0.0006584
1500   250   0.0004944
1500   300   0.0007245
1500   350   0.0006105
1500   400   0.0004295
1500   450   0.0006076
1500   500   0.0003449
1500   550   0.0003947
1500   600   0.0004445
1500   650   0.0003795
1500   700   0.0004101
1560   0   0.0006813
1560   50   0.0008657
1560   100   0.0008822
1560   150   0.0004738
1560   200   0.0004242
1560   250   0.0007662
1560   300   0.0005040
1560   350   0.0006026
1560   400   0.0004561
1560   450   0.0004710
1560   500   0.0004546
1560   550   0.0003411
1560   600   0.0003907
1560   650   0.0003253
1560   700   0.0002764
1620   0   0.0007135
1620   50   0.0008038
1620   100   0.0010067
1620   150   0.0006954
1620   200   0.0004858
1620   250   0.0006144
1620   300   0.0006470
1620   350   0.0004853
1620   400   0.0004521
1620   450   0.0003878
1620   500   0.0003712
1620   550   0.0003709
1620   600   0.0002593
1620   650   0.0001778
1620   700   0.0003564
1680.0   0.0   0.0009788
1680.0   50.0   0.0007189
1680.0   100.0   0.0007231
1680.0   150.0   0.0008310
1680.0   200.0   0.0007041
1680.0   250.0   0.0005798
1680.0   300.0   0.0005608
1680.0   350.0   0.0003841
1680.0   400.0   0.0004665
1680.0   450.0   0.0004024
1680.0   500.0   0.0003852
1680.0   550.0   0.0002877
1680.0   600.0   0.0003368
1680.0   650.0   0.0003213
1680.0   700.0   0.0004157
180   0   0.0000000
180   50   0.0000149
180   100   0.0000749
180   150   0.0000000
240   0   0.0001449
240   50   0.0000809
240   100   0.0000967
240   150   0.0000322
240   200   0.0000000
300   0   0.0003060
300   50   0.0001881
300   100   0.0002036
300   150   0.0001700
300   200   0.0000853
300   250   0.0000340
360   0   0.0002982
360   50   0.0003845
360   100   0.0003164
360   150   0.0003701
360   200   0.0002280
360   250   0.0002281
360   300   0.0000877
420.0   0.0   0.0004853
420.0   50.0   0.0006628
420   100   0.0003588
420   150   0.0003963
420   200   0.0002865
420   250   0.0002144
420   300   0.0002160
420   350   0.0000361
420   400   0.0000000
480.0   450.0   0.0000000
480   0   0.0005115
480   50   0.0006160
480   100   0.0005276
480   150   0.0005438
480   200   0.0004908
480   250   0.0004203
480   300   0.0005098
480   350   0.0002001
480   400   0.0000732
480   450   0.0000000
540   0   0.0009900
540   50   0.0007152
540   100   0.0006056
540   150   0.0007347
540   200   0.0008444
540   250   0.0007327
540   300   0.0004178
540   350   0.0004936
540   400   0.0002746
540   450   0.0000367
540   500   0.0000000
60.0   0.0   0.0000000
600   0   0.0009588
600   50   0.0013082
600   100   0.0008081
600   150   0.0007690
600   200   0.0009041
600   250   0.0007385
600   300   0.0007721
600   350   0.0006077
600   400   0.0004044
600   450   0.0003849
600   500   0.0001829
600   550   0.0000553
660   0   0.0011980
660   50   0.0009002
660   100   0.0009745
660   150   0.0007319
660   200   0.0007711
660   250   0.0007504
660   300   0.0006613
660   350   0.0005300
660   400   0.0006608
660   450   0.0006060
660   500   0.0003670
660   550   0.0001837
660   600   0.0000553
720.0   650.0   0.0000547
720.0   700.0   0.0000000
720   0   0.0011344
720   50   0.0008073
720   100   0.0009679
720   150   0.0009722
720   200   0.0009523
720   250   0.0009558
720   300   0.0008057
720   350   0.0009117
720   400   0.0007501
720   450   0.0005488
720   500   0.0003865
720   550   0.0003311
720   600   0.0001833
780.0   650.0   0.0002734
780.0   700.0   0.0000546
780   0   0.0011272
780   50   0.0010393
780   100   0.0009128
780   150   0.0007633
780   200   0.0008817
780   250   0.0008381
780   300   0.0008012
780   350   0.0009827
780   400   0.0009485
780   450   0.0006925
780   500   0.0007288
780   550   0.0006047
780   600   0.0004747
840   0   0.0012000
840   50   0.0010164
840   100   0.0010465
840   150   0.0007230
840   200   0.0008838
840   250   0.0009256
840   300   0.0009627
840   350   0.0010042
840   400   0.0008675
840   450   0.0007988
840   500   0.0010311
840   550   0.0007048
840   600   0.0004714
840   650   0.0005222
840   700   0.0002538
900   0   0.0011113
900   50   0.0008457
900   100   0.0006823
900   150   0.0009687
900   200   0.0010221
900   250   0.0008608
900   300   0.0007737
900   350   0.0006797
900   400   0.0008094
900   450   0.0007550
900   500   0.0008783
900   550   0.0008645
900   600   0.0005916
900   650   0.0005219
900   700   0.0005234
960   0   0.0009506
960   50   0.0007134
960   100   0.0009458
960   150   0.0010144
960   200   0.0006262
960   250   0.0006576
960   300   0.0007835
960   350   0.0006424
960   400   0.0008210
960   450   0.0005548
960   500   0.0005367
960   550   0.0005869
960   600   0.0005695
960   650   0.0007320
960   700   0.0005701
